0.0	586888.0
10000.000000000096	1548.835462411248
20000.000000000193	1022.26133864323
30000.00000000029	1154.544375131772
40000.000000000386	1240.4378632379023
50000.00000000048	1079.1068616192922
60000.00000000058	1758.144994221012
70000.00000000067	2307.4596198455297
80000.00000000077	3066.0316363266747
90000.00000000087	7259.5994580464785
100000.00000000096	364120.77438020334
110000.00000000106	7675.11297785483
120000.00000000116	4226.566289282741
130000.00000000125	2662.4368011527135
140000.00000000134	2755.547143641948
150000.00000000146	2554.3913290967407
160000.00000000154	2022.593818662365
170000.00000000163	2143.1304317716176
180000.00000000175	2735.018212389992
190000.00000000183	4144.074104235093
200000.00000000192	77294.09217038684
210000.00000000204	2452.638916765658
220000.00000000212	399.88831283733117
230000.0000000022	214.7886289433151
240000.00000000233	397.02067172758365
250000.00000000242	654.5032321698264
260000.0000000025	611.2888082697935
270000.0000000026	929.0190008935435
280000.0000000027	2368.8962823224547
290000.0000000028	5082.6255713464
300000.0000000029	96161.55079484517
310000.00000000297	6655.319375389188
320000.0000000031	3869.436627731784
330000.0000000032	2633.013447061688
340000.00000000326	2417.9140742578984
350000.0000000034	2078.9169658374117
360000.0000000035	2263.88960137451
370000.00000000355	2618.19284889554
380000.00000000367	3057.303128023432
390000.0000000038	5999.3019631603665
400000.00000000384	67605.05763832567
410000.00000000396	5856.584019296654
420000.0000000041	1912.5083663682815
430000.00000000413	976.9789023149666
440000.00000000425	477.26552269593924
450000.00000000437	488.31772421083014
460000.0000000044	209.62066898419218
470000.00000000454	308.8261218328018
480000.00000000466	937.3058528523848
490000.0000000047	2198.5150126256226
500000.00000000483	32426.53444751589
510000.0000000049	4161.467241310044
520000.000000005	2055.729132151648
530000.0000000051	2229.5716597882392
540000.0000000052	1843.1867740711893
550000.0000000054	1895.7753811903913
560000.0000000054	1939.4210093989539
570000.0000000055	2386.7359767789308
580000.0000000056	3481.4446643406527
590000.0000000057	6447.098643020673
600000.0000000058	53529.61644721882
610000.0000000059	6631.8663475917565
620000.0000000059	3740.9611137874313
630000.000000006	2081.9876162859778
640000.0000000062	1509.6606719137662
650000.0000000063	1421.4553103425105
660000.0000000064	826.5124660893414
670000.0000000064	811.8109088586273
680000.0000000065	912.4524045369798
690000.0000000066	1149.3460431546696
700000.0000000068	8738.249917500758
710000.0000000069	2257.963638596864
720000.000000007	1301.518842232336
730000.000000007	1159.575617395708
740000.0000000071	1051.9230365560345
750000.0000000072	1292.5479345294868
760000.0000000073	1248.0430007500108
770000.0000000075	2110.9680986471135
780000.0000000076	2803.2601719676263
790000.0000000076	5156.535401487724
800000.0000000077	37811.96585778053
810000.0000000078	7687.511536329605
820000.0000000079	3952.5976981534154
830000.000000008	1935.3795375972888
840000.0000000081	1937.4961728031972
850000.0000000081	1826.9167773276822
860000.0000000083	1713.65941198942
870000.0000000084	1697.5824063726388
880000.0000000085	1819.6124802501383
890000.0000000086	2842.0297282842544
900000.0000000087	15872.572943360396
910000.0000000087	3433.586891516629
920000.0000000088	840.7092728279066
930000.000000009	1019.3432358484793
940000.0000000091	718.7068022334
950000.0000000092	1034.5722024940872
960000.0000000093	933.7725377453096
970000.0000000093	1680.8599655353057
980000.0000000094	2070.957178229695
990000.0000000095	3795.135277494345
1000000.0000000097	23279.733472371765
1010000.0000000098	6749.586807852946
1020000.0000000098	3268.285710152921
1030000.0000000099	2052.3644843600787
1040000.00000001	1809.0185992590148
1050000.00000001	2014.8841059586919
1060000.0000000102	1647.1127904322807
1070000.0000000102	1456.487357661813
1080000.0000000105	2806.5283727324345
1090000.0000000105	4170.268868884264
1100000.0000000107	19596.557700314093
1110000.0000000107	5475.478422294212
1120000.0000000107	2224.4392719819984
1130000.000000011	1455.2478267886313
1140000.000000011	1052.8893156132667
1150000.0000000112	985.7383741391822
1160000.0000000112	871.7872919796341
1170000.0000000112	980.8231840184415
1180000.0000000114	1573.667270323131
1190000.0000000114	2863.464228111553
1200000.0000000116	14163.8260730375
1210000.0000000116	4760.950328297249
1220000.0000000119	2401.8953138942848
1230000.0000000119	1462.0867115168762
1240000.0000000119	1257.625560392418
1250000.000000012	1300.9952848786265
1260000.000000012	1000.2990927923568
1270000.0000000123	1543.2714843072354
1280000.0000000123	2419.740211059427
1290000.0000000123	3849.314361651184
1300000.0000000126	17850.551519871984
1310000.0000000126	6510.980275186282
1320000.0000000128	2954.6404495845186
1330000.0000000128	2011.2558083534636
1340000.0000000128	1435.903282184709
1350000.000000013	1250.5149204159238
1360000.000000013	1230.7207318307696
1370000.0000000133	1252.7209382575334
1380000.0000000133	1644.068465943556
1390000.0000000135	2911.0816814809814
1400000.0000000135	12976.299854353583
1410000.0000000135	5308.254530926084
1420000.0000000137	1927.47325507946
1430000.0000000137	1512.2161091722992
1440000.000000014	1104.6469838506373
1450000.000000014	1071.8648723726506
1460000.000000014	1187.237670609398
1470000.0000000142	1354.0068898889288
1480000.0000000142	1923.8583845820585
1490000.0000000144	3426.664666958251
1500000.0000000144	13839.183633148772
1510000.0000000147	6638.3545677725915
1520000.0000000147	2460.7014181265126
1530000.0000000147	1371.3449789112808
1540000.000000015	1615.7596442878641
1550000.000000015	1003.0238791000648
1560000.0000000151	1637.949189122489
1570000.0000000151	1561.6723793792428
1580000.0000000151	2122.596106663767
1590000.0000000154	3825.0877457357014
1600000.0000000154	14173.335206089476
1610000.0000000156	6337.404453454873
1620000.0000000156	2984.8873963907786
1630000.0000000156	1859.6395805611046
1640000.0000000158	1666.9636832207132
1650000.0000000158	1645.5596227978428
1660000.000000016	1628.3449952587134
1670000.000000016	1457.8568090656424
1680000.0000000163	1453.570625428988
1690000.0000000163	2909.2785875641603
1700000.0000000163	10395.82130818547
1710000.0000000165	5364.756455507319
1720000.0000000165	2374.4228321722403
1730000.0000000168	1926.2638219163134
1740000.0000000168	1530.4731169484041
1750000.0000000168	1465.137100708551
1760000.000000017	1300.0960393880805
1770000.000000017	1597.785338915878
1780000.0000000172	2281.5467017006254
1790000.0000000172	3552.5786823034655
1800000.0000000175	14151.430615380657
1810000.0000000175	8003.168889762843
1820000.0000000175	3532.119660551707
1830000.0000000177	2210.7446971595855
1840000.0000000177	1372.1116953955898
1850000.000000018	1912.1677592618532
1860000.000000018	1687.0419993235773
1870000.000000018	1604.6499282141247
1880000.0000000182	2367.8096192472203
1890000.0000000182	3216.4805571221195
1900000.0000000184	10993.098510344907
1910000.0000000184	6308.728486436503
1920000.0000000186	2703.80925175479
1930000.0000000186	1404.3883004970187
1940000.0000000186	1212.0138490930806
1950000.0000000189	1382.724616823584
1960000.0000000189	1210.5538014847634
1970000.000000019	1265.1801565589153
1980000.000000019	1826.2194239410164
1990000.000000019	3331.432402467422
2000000.0000000193	11167.934296915288
2010000.0000000193	7794.151672532588
2020000.0000000196	3329.2324373719566
2030000.0000000196	2050.4225322398484
2040000.0000000196	2070.5453470603557
2050000.0000000198	2004.0543095042462
2060000.0000000198	1841.691117077679
2070000.00000002	1972.3489539508562
2080000.00000002	2239.721285513347
2090000.0000000203	4050.4407782950107
2100000.00000002	12312.802913744688
2110000.0000000205	8554.569074326086
2120000.0000000205	3671.2241890161054
2130000.0000000205	2101.337858957684
2140000.0000000205	1441.5410926952204
2150000.000000021	1444.484445621963
2160000.000000021	1255.4691257532684
2170000.000000021	1236.307908072722
2180000.000000021	1559.9826282493425
2190000.000000021	2831.890997878767
2200000.0000000214	9455.17678172102
2210000.0000000214	7704.510795513653
2220000.0000000214	3309.1057044844165
2230000.0000000214	2113.358304434664
2240000.0000000214	1886.1585717540693
2250000.000000022	1759.8200356116522
2260000.000000022	1532.17267714991
2270000.000000022	1630.743350385475
2280000.000000022	2486.9673695335737
2290000.000000022	4570.724386614858
2300000.0000000224	13295.628428240358
2310000.0000000224	11688.270563231596
2320000.0000000224	4079.503488997185
2330000.0000000224	2395.008920204115
2340000.0000000224	2264.532116428337
2350000.000000023	2025.4336869841131
2360000.000000023	1427.5717810406575
2370000.000000023	1697.1193888582218
2380000.000000023	2447.267189262445
2390000.000000023	3863.6688132762406
2400000.0000000233	10424.10285153766
2410000.0000000233	9366.204748593807
2420000.0000000233	3065.912524284346
2430000.0000000233	2058.9245510401092
2440000.0000000237	1565.2919386367369
2450000.0000000237	1766.7576750128103
2460000.0000000237	1733.8136513575002
2470000.0000000237	2018.6723730485494
2480000.0000000237	2384.9751679414985
2490000.000000024	4114.941797817995
2500000.000000024	12165.798608361016
2510000.000000024	12931.87385239711
2520000.000000024	4309.826718974905
2530000.000000024	2945.9759258839417
2540000.0000000247	2156.568961081434
2550000.0000000247	1960.8439506357252
2560000.0000000247	2066.088146155916
2570000.0000000247	2079.3755566376703
2580000.0000000247	2980.8017717389935
2590000.000000025	4011.0566466157547
2600000.000000025	11930.58641717159
2610000.000000025	12847.769535032166
2620000.000000025	4138.613198748611
2630000.000000025	2639.8468562771222
2640000.0000000256	2283.89023691381
2650000.0000000256	2031.0114709777724
2660000.0000000256	1640.8563073954244
2670000.0000000256	1883.9833321575895
2680000.0000000256	2423.3507711818456
2690000.000000026	3815.1675187678507
2700000.000000026	9846.369299770546
2710000.000000026	11993.980002106839
2720000.000000026	4007.351052935161
2730000.0000000265	2228.8494598351617
2740000.0000000265	1848.327611664035
2750000.0000000265	1969.2235283996793
2760000.0000000265	1815.8229396354855
2770000.0000000265	2087.398509640096
2780000.000000027	2707.903110406773
2790000.000000027	4159.29328679595
2800000.000000027	11021.370172452001
2810000.000000027	13920.040475082495
2820000.000000027	4286.477223285362
2830000.0000000275	2745.713516370416
2840000.0000000275	1998.510575584314
2850000.0000000275	1772.8929468582924
2860000.0000000275	1510.1397564340384
2870000.0000000275	1633.2754871611976
2880000.000000028	2142.7038084505357
2890000.000000028	3524.258761214386
2900000.000000028	8686.21050415641
2910000.000000028	11829.773436525447
2920000.000000028	3588.174570435324
2930000.0000000284	2281.579017590484
2940000.0000000284	1632.0262115595433
2950000.0000000284	1521.3728226697262
2960000.0000000284	1244.7924012035091
2970000.0000000284	1707.5429273343161
2980000.000000029	2359.017082634829
2990000.000000029	2801.892714546889
3000000.000000029	7618.893278849302
3010000.000000029	11913.304296599264
3020000.0000000293	3417.6380324544343
3030000.0000000293	1619.9274623858203
3040000.0000000293	1746.1542233442892
3050000.0000000293	1435.7013024057787
3060000.0000000293	1451.3190213618605
3070000.00000003	1727.16014740576
3080000.00000003	1910.950706412825
3090000.00000003	3234.899822820697
3100000.00000003	7668.574298029954
3110000.00000003	12212.515322167183
3120000.0000000303	3359.365912899567
3130000.0000000303	1799.037282996437
3140000.0000000303	1540.877035726922
3150000.0000000303	1213.6285962594136
3160000.0000000303	924.5079566192396
3170000.0000000307	1227.3844181910124
3180000.0000000307	1239.8424281361745
3190000.0000000307	2067.0224237619805
3200000.0000000307	4569.692280987909
3210000.0000000307	8910.967904649844
3220000.000000031	2404.2923942341013
3230000.000000031	1768.567297447479
3240000.000000031	1424.1137544557434
3250000.000000031	1274.0038213976966
3260000.000000031	1211.7088807691384
3270000.0000000317	975.1838854545456
3280000.0000000317	1811.5309379362845
3290000.0000000317	2153.537968077199
3300000.0000000317	5853.105269660632
3310000.000000032	11394.548680821554
3320000.000000032	3000.4981434807605
3330000.000000032	1635.530736816989
3340000.000000032	1609.015596330893
3350000.000000032	1058.2908572264403
3360000.0000000326	680.6571725246662
3370000.0000000326	1008.3393583402875
3380000.0000000326	1412.601428467105
3390000.0000000326	1685.9762341740536
3400000.0000000326	3760.051633823795
3410000.000000033	7683.697554533497
3420000.000000033	2110.506903903202
3430000.000000033	895.3029535880603
3440000.000000033	757.3061649495968
3450000.000000033	736.1012165194953
3460000.0000000335	390.5537782090168
3470000.0000000335	771.4614702660945
3480000.0000000335	936.5739963269966
3490000.0000000335	1304.3769632646665
3500000.0000000335	3714.399673967649
3510000.000000034	9528.343871955563
3520000.000000034	1976.8249184683998
3530000.000000034	1293.9881585550545
3540000.000000034	627.6872662431435
3550000.000000034	1006.7184505803039
3560000.0000000345	795.5074305898976
3570000.0000000345	1185.1278927603842
3580000.0000000345	1044.0436747172855
3590000.0000000345	1421.9436450980943
3600000.000000035	3265.395725450382
3610000.000000035	8235.50174334266
3620000.000000035	1860.169367778983
3630000.000000035	705.2068760784488
3640000.000000035	636.4206681004652
3650000.0000000354	557.7550954743083
3660000.0000000354	550.3943440590025
3670000.0000000354	888.3246749974007
3680000.0000000354	983.2331532772333
3690000.0000000354	626.1369285832149
3700000.000000036	1794.3544739067459
3710000.000000036	5873.527532375583
3720000.000000036	1220.2977826753302
3730000.000000036	669.7744290645416
3740000.000000036	702.8643573742116
3750000.0000000363	761.5893971895894
3760000.0000000363	573.5366178381493
3770000.0000000363	1079.2421001921878
3780000.0000000363	1156.3325437896017
3790000.0000000363	474.09845596095954
3800000.000000037	2661.1185758071306
3810000.000000037	8130.263354507859
3820000.000000037	1534.4322830960543
3830000.000000037	914.6532200422092
3840000.0000000373	615.4623252595056
3850000.0000000373	588.7248964968355
3860000.0000000373	606.479794902846
3870000.0000000373	410.04887211183285
3880000.0000000373	588.251556397321
3890000.0000000377	668.4178174732843
3900000.0000000377	1787.7820914736412
3910000.0000000377	4827.581742500891
3920000.0000000377	897.483106527915
3930000.0000000377	22.860460962225094
3940000.000000038	436.81586795516745
3950000.000000038	229.46556053651727
3960000.000000038	701.2926797163542
3970000.000000038	197.6317171809706
3980000.000000038	950.1575840278848
3990000.0000000386	563.8634699508184
4000000.0000000386	1738.740225814871
4010000.0000000386	7133.129890319397
4020000.0000000386	1176.1167905186776
4030000.0000000386	723.5995462044395
4040000.000000039	994.1787513819091
4050000.000000039	560.5614987791004
4060000.000000039	560.8969954639247
4070000.000000039	302.8214420826609
4080000.000000039	367.5025627718269
4090000.0000000396	698.3421576661431
4100000.0000000396	1158.2570891945784
4110000.0000000396	4501.1136500194025
4120000.0000000396	467.18495397163065
4130000.00000004	245.22215531751425
4140000.00000004	318.59825130664296
4150000.00000004	285.9992688095027
4160000.00000004	510.87445774180605
4170000.00000004	173.40717012785524
4180000.0000000405	91.256226079873
4190000.0000000405	146.8455947222232
4200000.00000004	801.6450357424316
4210000.000000041	5265.088125163976
4220000.000000041	870.6718545861901
4230000.000000041	687.7377692616917
4240000.000000041	631.9081042619947
4250000.000000041	457.89496429324845
4260000.000000041	173.83577115679634
4270000.000000041	148.27796658537946
4280000.000000041	513.5388348423891
4290000.000000041	803.9730143091822
4300000.000000042	709.8692834592921
4310000.000000042	4854.726238143973
4320000.000000042	709.1572189621904
4330000.000000042	155.66487223230013
4340000.000000042	456.30154266870125
4350000.000000042	346.39548847904393
4360000.000000042	203.1407163061237
4370000.000000042	401.621298910305
4380000.000000042	163.1379454715478
4390000.000000042	543.1707376184337
4400000.000000043	533.716381626708
4410000.000000043	3535.327710573304
4420000.000000043	392.2994336995028
4430000.000000043	357.7976685177947
4440000.000000043	302.93345312582835
4450000.000000043	74.4428150969676
4460000.000000043	291.0549642467734
4470000.000000043	124.15770694178697
4480000.000000043	576.0259844809538
4490000.000000043	427.1408929455865
4500000.000000044	274.08293336154816
4510000.000000044	4451.6448393152195
4520000.000000044	545.7894599883588
4530000.000000044	424.0300365187643
4540000.000000044	40.66193030652491
4550000.000000044	252.2189946589752
4560000.000000044	319.73284900436147
4570000.000000044	407.97980049044054
4580000.000000044	571.3509285840059
4590000.000000045	60.64373207699638
4600000.000000045	258.0570668815004
4610000.000000045	3061.8851811429035
4620000.000000045	31.45467357034933
4630000.000000045	335.4569376721634
4640000.000000045	316.3774990405846
4650000.000000045	95.93972759141909
4660000.000000045	183.3519886271236
4670000.000000045	285.0025278351348
4680000.000000045	259.00199646820033
4690000.000000046	151.99817318630426
4700000.000000046	344.23038484231637
4710000.000000046	3631.8983624404045
4720000.000000046	511.7602317807273
4730000.000000046	295.5288074610821
4740000.000000046	272.5450401110856
4750000.000000046	99.63904760014012
4760000.000000046	241.7685638786794
4770000.000000046	308.8074221362074
4780000.000000046	412.3005751526143
4790000.000000047	380.84278514061987
4800000.000000047	1460.4833883896083
4810000.000000047	2391.04055186527
4820000.000000047	166.09374136574033
4830000.000000047	65.61848140048959
4840000.000000047	301.988238520686
4850000.000000047	271.89953834204533
4860000.000000047	330.5145133579441
4870000.000000047	196.27407076495663
4880000.0000000475	38.79974231203525
4890000.0000000475	230.61742986664325
4900000.0000000475	664.5535632001914
4910000.0000000475	2720.979173780574
4920000.0000000475	316.42205972243994
4930000.0000000475	82.68189905541347
4940000.0000000475	162.98929448787155
4950000.0000000475	284.69186789981364
4960000.0000000475	40.61335174318733
4970000.0000000475	198.16256600720467
4980000.000000048	268.085569738905
4990000.000000048	299.08712472570295
5000000.000000048	103.80095888498178
5010000.000000048	2204.1615481809413
5020000.000000048	256.53655525879714
5030000.000000048	57.74570719176124
5040000.000000048	330.9715556848602
5050000.000000048	355.41815838058454
5060000.000000048	263.1887398400346
5070000.000000048	184.87699198665945
5080000.000000049	166.95931310721568
5090000.000000049	340.2109933256779
5100000.000000049	143.76863612287104
5110000.000000049	1772.799291339815
5120000.000000049	195.71550971685423
5130000.000000049	254.6794917598145
5140000.000000049	378.42520542229545
5150000.000000049	199.90268355805384
5160000.000000049	449.3967799353232
5170000.00000005	336.23698229500843
5180000.00000005	125.52911192722834
5190000.00000005	434.65690497971934
5200000.00000005	103.92217873528276
5210000.00000005	2430.747105816495
5220000.00000005	208.86452740929226
5230000.00000005	137.24328251970454
5240000.00000005	239.94394803601674
5250000.00000005	89.61181010157702
5260000.00000005	104.65317663112552
5270000.000000051	283.2779304443876
5280000.000000051	169.01569947546298
5290000.000000051	503.1400856569475
5300000.000000051	834.1957105144252
5310000.000000051	1569.6365591462918
5320000.000000051	372.7739144636396
5330000.000000051	170.86684510603757
5340000.000000051	121.97571646259763
5350000.000000051	284.84512844338906
5360000.000000051	232.73483870757653
5370000.000000052	137.50208914284582
5380000.000000052	482.0473917897681
5390000.000000052	238.81404573915898
5400000.000000052	701.8783317964986
5410000.000000052	1889.1463287515517
5420000.000000052	141.956001353154
5430000.000000052	313.18863918451683
5440000.000000052	326.3132241420466
5450000.000000052	299.6700547826084
5460000.000000053	291.0510294524523
5470000.000000053	383.4666844268487
5480000.000000053	322.56803804937135
5490000.000000053	300.9004208654795
5500000.000000053	140.6497910808289
5510000.000000053	2257.0255886585683
5520000.000000053	295.21163978597883
5530000.000000053	296.17392264218256
5540000.000000053	254.93090560153055
5550000.000000053	73.12694808102805
5560000.000000054	328.2453305069077
5570000.000000054	418.2174851731552
5580000.000000054	219.64734897326713
5590000.000000054	251.78842464923503
5600000.000000054	591.1693589046441
5610000.000000054	2116.124054806028
5620000.000000054	492.0487565916015
5630000.000000054	429.6409058367254
5640000.000000054	318.00047495706946
5650000.000000054	240.48182773362828
5660000.000000055	296.47579896952755
5670000.000000055	133.25080507743718
5680000.000000055	169.53677228608998
5690000.000000055	202.43557637976232
5700000.000000055	589.6640746094321
5710000.000000055	2001.782788134845
5720000.000000055	182.50242933740938
5730000.000000055	332.1883589323302
5740000.000000055	84.3241194586272
5750000.000000056	362.48732202781855
5760000.000000056	195.6061799017956
5770000.000000056	163.7117163509733
5780000.000000056	188.16414158085163
5790000.000000056	189.7218102321653
5800000.000000056	197.97166296208232
5810000.000000056	1847.7248310192851
5820000.000000056	358.26442999699185
5830000.000000056	569.0380819349344
5840000.000000056	534.7623601397037
5850000.000000057	255.39876946208304
5860000.000000057	31.194721908772046
5870000.000000057	217.6044286490803
5880000.000000057	171.44425025625964
5890000.000000057	189.31748155182984
5900000.000000057	277.27213840227523
5910000.000000057	1941.9589590638448
5920000.000000057	417.8473431337767
5930000.000000057	312.623994744422
5940000.000000057	98.7673534877052
5950000.000000058	287.30248126307373
5960000.000000058	569.1087860945464
5970000.000000058	341.25915022787393
5980000.000000058	163.38605089779037
5990000.000000058	108.95875339880463
6000000.000000058	622.8551907412075
6010000.000000058	2300.5638365297496
6020000.000000058	679.5736136851576
6030000.000000058	422.92389653289285
6040000.000000059	163.4189454525389
6050000.000000059	204.8506308566528
6060000.000000059	158.12590767032376
6070000.000000059	443.0730569856597
6080000.000000059	146.66127157532756
6090000.000000059	475.981935200336
6100000.000000059	540.6650140145224
6110000.000000059	2030.5196591562642
6120000.000000059	793.2598971368978
6130000.000000059	313.37607182969646
6140000.00000006	190.34203589255333
6150000.00000006	33.94969262723509
6160000.00000006	554.5410616211857
6170000.00000006	152.7960174232323
6180000.00000006	321.3576767430511
6190000.00000006	335.8701606200674
6200000.00000006	607.0070704569695
6210000.00000006	2211.0784177990645
6220000.00000006	548.9614918429428
6230000.00000006	387.57444537219794
6240000.000000061	345.46118714344766
6250000.000000061	224.1428116179503
6260000.000000061	227.41639144952856
6270000.000000061	264.59805122201607
6280000.000000061	220.57733460360862
6290000.000000061	503.6294926116348
6300000.000000061	57.3852235079926
6310000.000000061	1917.8896698974643
6320000.000000061	676.1832671571208
6330000.0000000615	249.58656350527932
6340000.0000000615	499.66649582045886
6350000.0000000615	421.2567089527688
6360000.0000000615	313.3185161769625
6370000.0000000615	660.2114980594736
6380000.0000000615	125.60067061324581
6390000.0000000615	283.27774398017533
6400000.0000000615	307.6855205414684
6410000.0000000615	1928.2081972439676
6420000.0000000615	571.6690514275654
6430000.000000062	485.02511365137707
6440000.000000062	289.7794102485831
6450000.000000062	421.91736392464315
6460000.000000062	81.90339720440363
6470000.000000062	280.1042580282252
6480000.000000062	269.88727431641126
6490000.000000062	93.59385631140898
6500000.000000062	301.47335318879857
6510000.000000062	1452.5399542715095
6520000.000000062	634.9467945905951
6530000.000000063	694.8022767168103
6540000.000000063	111.20675236291228
6550000.000000063	530.0104952238212
6560000.000000063	871.0141880875356
6570000.000000063	285.5435047416506
6580000.000000063	232.373857829308
6590000.000000063	418.8596482372159
6600000.000000063	701.798779603791
6610000.000000063	1464.4475989008108
6620000.000000064	668.3483763375007
6630000.000000064	235.49826416735277
6640000.000000064	85.66409172697362
6650000.000000064	164.65098559245519
6660000.000000064	73.0713966626872
6670000.000000064	96.38388244932115
6680000.000000064	253.56207677279357
6690000.000000064	245.35060381252458
6700000.000000064	442.1935017089882
6710000.000000064	1169.6899295627547
6720000.000000065	383.7352882962887
6730000.000000065	527.459658950981
6740000.000000065	187.07670069999685
6750000.000000065	135.8598120072114
6760000.000000065	168.30263667925098
6770000.000000065	187.5897203823224
6780000.000000065	118.24270296580664
6790000.000000065	149.36347190909214
6800000.000000065	355.2884860490272
6810000.000000065	1130.5943840090624
6820000.000000066	386.2896689400441
6830000.000000066	490.5036607513328
6840000.000000066	238.72604807009785
6850000.000000066	184.67299935806994
6860000.000000066	192.21656848937732
6870000.000000066	195.41445673941965
6880000.000000066	159.61770733847982
6890000.000000066	473.1265784683948
6900000.000000066	313.24199029179624
6910000.000000067	1104.7653333714288
6920000.000000067	937.1246343995415
6930000.000000067	128.23138479701566
6940000.000000067	250.56667536263873
6950000.000000067	295.21015107398074
6960000.000000067	58.41302722804128
6970000.000000067	396.068887984781
6980000.000000067	62.59880633068051
6990000.000000067	211.64954225751544
7000000.000000067	194.38545411316395
7010000.000000068	831.3319147777116
7020000.000000068	450.2391423175165
7030000.000000068	222.24516272013526
7040000.000000068	213.80417298033365
7050000.000000068	321.8597549805158
7060000.000000068	83.75140295569528
7070000.000000068	446.6555205086405
7080000.000000068	177.99609462721642
7090000.000000068	157.75141423619402
7100000.000000068	325.42705369900426
7110000.000000069	640.1292389467442
7120000.000000069	592.2125208749956
7130000.000000069	171.73746834737182
7140000.000000069	417.77012137297027
7150000.000000069	222.43095214022108
7160000.000000069	251.30383882757195
7170000.000000069	276.9574147529699
7180000.000000069	478.90088993257143
7190000.000000069	12.998282022863455
7200000.00000007	597.045978248552
7210000.00000007	798.351848854846
7220000.00000007	323.59315646174457
7230000.00000007	472.943838157385
7240000.00000007	294.71737062323297
7250000.00000007	218.67999271376036
7260000.00000007	283.58075060969026
7270000.00000007	286.43454242891886
7280000.00000007	226.80397680680773
7290000.00000007	176.11266113026855
7300000.000000071	116.85015008279052
7310000.000000071	1210.9006156895816
7320000.000000071	512.1313681426747
7330000.000000071	772.752383090342
7340000.000000071	342.5192297756701
7350000.000000071	148.74405390755575
7360000.000000071	158.1775840043889
7370000.000000071	383.2474109479737
7380000.000000071	576.74727735797
7390000.000000071	403.5565896031729
7400000.000000072	446.4667720489998
7410000.000000072	364.2627781136079
7420000.000000072	475.2107559082339
7430000.000000072	502.9415695239196
7440000.000000072	252.96807612576544
7450000.000000072	291.0823692608967
7460000.000000072	312.8960040302457
7470000.000000072	308.98653229563024
7480000.000000072	564.1084407433287
7490000.000000073	491.63003404009316
7500000.000000073	256.00043125228007
7510000.000000073	707.8824400556615
7520000.000000073	360.9687575798459
7530000.000000073	609.5324857885473
7540000.000000073	475.11700130790314
7550000.000000073	311.8281593725689
7560000.000000073	95.34826686972576
7570000.000000073	747.938055021219
7580000.000000073	458.9709716400976
7590000.000000074	85.82727694383698
7600000.000000074	103.77132934347797
7610000.000000074	505.1023668018345
7620000.000000074	791.5684968700609
7630000.000000074	357.4353252938407
7640000.000000074	336.20490298049526
7650000.000000074	213.52934934606623
7660000.000000074	292.1362866662625
7670000.000000074	350.5920219633126
7680000.0000000745	85.54959573371646
7690000.0000000745	294.7824024066395
7700000.0000000745	247.8819888965765
7710000.0000000745	292.969659841412
7720000.0000000745	627.8160565167964
7730000.0000000745	199.15587146202574
7740000.0000000745	152.8536139845156
7750000.0000000745	172.6190368493761
7760000.0000000745	526.0188225655155
7770000.0000000745	294.6833937327226
7780000.000000075	252.26890043189863
7790000.000000075	543.0236404361319
7800000.000000075	182.93597019962334
7810000.000000075	13.913196274566172
7820000.000000075	753.7605865494014
7830000.000000075	320.9250475651432
7840000.000000075	307.3307327048965
7850000.000000075	192.19794438894252
7860000.000000075	244.1612891507179
7870000.000000075	84.56319219086849
7880000.000000076	56.05455145024092
7890000.000000076	274.2422392779481
7900000.000000076	179.60009016598772
7910000.000000076	155.90168847896692
7920000.000000076	456.0949665458566
7930000.000000076	103.45076350545396
7940000.000000076	269.24997529842176
7950000.000000076	65.50753365413394
7960000.000000076	103.08708188235657
7970000.000000077	273.3747458782268
7980000.000000077	640.6789796904807
7990000.000000077	440.229178061264
8000000.000000077	112.41308180099153
8010000.000000077	553.5700459978301
8020000.000000077	905.1587646850872
8030000.000000077	196.13668160591428
8040000.000000077	184.75456365512323
8050000.000000077	167.3856377741856
8060000.000000077	162.91977852032932
8070000.000000078	377.04687196633233
8080000.000000078	361.1057614823489
8090000.000000078	281.1238686064812
8100000.000000078	79.21647760484234
8110000.000000078	485.1168462542667
8120000.000000078	831.0157533427048
8130000.000000078	182.3457040799019
8140000.000000078	596.5174457109696
8150000.000000078	334.23890709789697
8160000.000000078	24.59055178916957
8170000.000000079	99.20027887265391
8180000.000000079	458.1068333172484
8190000.000000079	493.1319284959028
8200000.000000079	75.68815055393256
8210000.000000079	185.13873297677569
8220000.000000079	611.4833731986722
8230000.000000079	89.02919502847537
8240000.000000079	153.6030348125757
8250000.000000079	154.68202067284884
8260000.00000008	15.568904134492923
8270000.00000008	52.50363210080253
8280000.00000008	50.14130794665255
8290000.00000008	319.3072356915684
8300000.00000008	206.11885115844692
8310000.00000008	424.1996548172728
8320000.00000008	723.6919622521198
8330000.00000008	534.3188465189933
8340000.00000008	714.4344289495484
8350000.00000008	258.7644916181371
8360000.000000081	389.0665363160265
8370000.000000081	210.8186820408425
8380000.000000081	215.24084205559797
8390000.00000008	197.1652383988442
8400000.00000008	310.92261638598904
8410000.000000082	170.78764124215672
8420000.000000082	484.8940561020885
8430000.000000082	256.13356927375304
8440000.000000082	229.269248192797
8450000.000000082	296.9466018917659
8460000.000000082	73.07550523635452
8470000.000000082	242.71106038301642
8480000.000000082	318.101235690378
8490000.000000082	78.99718385263182
8500000.000000082	92.16743581663593
8510000.000000082	567.254456197474
8520000.000000082	673.8556798031359
8530000.000000082	163.6545359959499
8540000.000000082	123.17911834461397
8550000.000000082	463.01028726404235
8560000.000000082	222.8001855665232
8570000.000000082	164.08150487406314
8580000.000000082	228.15963303934453
8590000.000000082	422.3825214103557
8600000.000000084	345.55365054059337
8610000.000000084	73.5890793339681
8620000.000000084	967.7674923171439
8630000.000000084	283.22609240230673
8640000.000000084	109.50207282148769
8650000.000000084	239.24690526320182
8660000.000000084	46.02994225635093
8670000.000000084	196.62654391759173
8680000.000000084	305.69915066472333
8690000.000000084	258.2960946467307
8700000.000000084	460.153249989358
8710000.000000084	77.2235644147804
8720000.000000084	682.5295871676817
8730000.000000084	422.40314642104846
8740000.000000084	254.75985273387383
8750000.000000084	177.83187015101956
8760000.000000084	323.3555056737473
8770000.000000084	257.17507316616496
8780000.000000084	111.45579997924547
8790000.000000084	623.5659951089472
8800000.000000086	136.46255550238774
8810000.000000086	306.4402862017751
8820000.000000086	1030.408281380804
8830000.000000086	340.51726913809796
8840000.000000086	309.3792440700488
8850000.000000086	287.984405401233
8860000.000000086	265.0401317451732
8870000.000000086	182.42736005594176
8880000.000000086	219.996267482019
8890000.000000086	421.3223941637401
8900000.000000086	86.46613303256657
8910000.000000086	77.30422983137937
8920000.000000086	550.4810286362946
8930000.000000086	414.8965019757324
8940000.000000086	350.3793100272986
8950000.000000086	176.74278036565718
8960000.000000086	110.88057583917
8970000.000000086	305.0585486699725
8980000.000000086	176.19857362908738
8990000.000000088	268.92309487508606
9000000.000000088	351.4928337174307
9010000.000000088	274.12696965559826
9020000.000000088	969.6982509242879
9030000.000000088	378.64257654848103
9040000.000000088	133.01845122816368
9050000.000000088	392.10385684973136
9060000.000000088	83.95780554588778
9070000.000000088	357.9497823549574
9080000.000000088	156.9541628329228
9090000.000000088	790.2165113905785
9100000.000000088	192.92157532207943
9110000.000000088	430.92018292201584
9120000.000000088	843.2483830637708
9130000.000000088	290.9733127583339
9140000.000000088	145.44116473012653
9150000.000000088	102.95002414870756
9160000.000000088	66.4712227327792
9170000.000000088	437.1396031945536
9180000.00000009	341.9211179506697
9190000.00000009	216.86533529975515
9200000.00000009	255.64358247153504
9210000.00000009	210.17505651011234
9220000.00000009	884.9514990777129
9230000.00000009	126.70203771497745
9240000.00000009	177.35117323334745
9250000.00000009	424.0429189364342
9260000.00000009	252.17006824234974
9270000.00000009	103.56804277563413
9280000.00000009	278.59794586645677
9290000.00000009	233.6434572652186
9300000.00000009	131.1556770717378
9310000.00000009	229.3146577172057
9320000.00000009	932.7720888819107
9330000.00000009	477.8476865843434
9340000.00000009	517.2071798527656
9350000.00000009	312.696882702927
9360000.00000009	246.47627280888616
9370000.00000009	298.3047363240892
9380000.000000091	206.34734831718
9390000.000000091	252.7690547070807
9400000.000000091	426.2778113087443
9410000.000000091	215.61029819578144
9420000.000000091	792.7356259099627
9430000.000000091	179.39967866139202
9440000.000000091	265.02970273407965
9450000.000000091	232.3324884078643
9460000.000000091	263.40120841036673
9470000.000000091	323.34409216225765
9480000.000000091	155.90997527668515
9490000.000000091	163.2049345443839
9500000.000000091	163.2386367208378
9510000.000000091	571.6645200419873
9520000.000000091	950.957640228812
9530000.000000091	154.03299738711885
9540000.000000091	504.61970765709793
9550000.000000091	382.64900015482726
9560000.000000091	43.74755099995256
9570000.000000093	244.1939307407763
9580000.000000093	341.11950942420896
9590000.000000093	656.0745831405358
9600000.000000093	423.2407041615637
9610000.000000093	243.74960541583994
9620000.000000093	853.1686054534448
9630000.000000093	79.27659711082713
9640000.000000093	175.53994131235729
9650000.000000093	106.77976178984473
9660000.000000093	280.76199218304976
9670000.000000093	273.47490286977256
9680000.000000093	98.25145066948802
9690000.000000093	199.39857700896363
9700000.000000093	153.24538170866646
9710000.000000093	132.14118357017486
9720000.000000093	764.2245762020248
9730000.000000093	140.89245930194423
9740000.000000093	106.04512084038286
9750000.000000093	244.58955587551526
9760000.000000095	267.67889058188973
9770000.000000095	72.76586668543014
9780000.000000095	156.88289299861893
9790000.000000095	36.86060802926181
9800000.000000095	92.85998688137985
9810000.000000095	215.91113279892176
9820000.000000095	651.916753665961
9830000.000000095	77.43877878561693
9840000.000000095	105.4101906928403
9850000.000000095	418.68773620334423
9860000.000000095	187.91569397787364
9870000.000000095	230.74940586277177
9880000.000000095	82.16709083149635
9890000.000000095	180.60782670530298
9900000.000000095	306.05012888368157
9910000.000000095	355.8173080013138
9920000.000000095	469.5210173386527
9930000.000000095	78.91837085911514
9940000.000000095	276.59282770892776
9950000.000000095	323.13958458726364
9960000.000000097	207.51453387162124
9970000.000000097	162.83227561430957
9980000.000000097	277.29408967108674
9990000.000000097	163.01896075393375
10000000.000000097	232.36471533897716
10010000.000000097	155.80885447171977
10020000.000000097	452.8260003567272
10030000.000000097	309.5165606949866
10040000.000000097	100.2922131176333
10050000.000000097	125.8617311736501
10060000.000000097	457.046073794412
10070000.000000097	404.43890576535284
10080000.000000097	324.825289813873
10090000.000000097	377.11410047026243
10100000.000000097	443.0314677549601
10110000.000000097	387.61060943788095
10120000.000000097	233.24125869985312
10130000.000000097	247.25684001366247
10140000.000000097	188.97682211989826
10150000.000000099	196.59031988585767
10160000.000000099	273.3879609345254
10170000.000000099	153.68527943335258
10180000.000000099	192.04321675135134
10190000.000000099	120.24496244043097
10200000.000000099	366.3093258837499
10210000.000000099	150.95104128980472
10220000.000000099	984.7981747920309
10230000.000000099	109.50686973870936
10240000.000000099	102.9566645502245
10250000.000000099	224.3192103254791
10260000.000000099	309.2825166062052
10270000.000000099	267.2028210689939
10280000.000000099	39.8884847930751
10290000.000000099	316.13623960304193
10300000.000000099	522.5078469776607
10310000.000000099	383.22652292479074
10320000.000000099	475.12731566850556
10330000.000000099	50.10152914268769
10340000.0000001	605.5608252775858
10350000.0000001	627.0206276666341
10360000.0000001	412.54212960544766
10370000.0000001	174.42216679595998
10380000.0000001	36.2846179073671
10390000.0000001	12.264772964267951
10400000.0000001	213.36308214422135
10410000.0000001	197.94540495846297
10420000.0000001	503.2575581861724
10430000.0000001	193.90860657295252
10440000.0000001	191.1007224873573
10450000.0000001	144.1346580974784
10460000.0000001	395.8108043332315
10470000.0000001	39.46609875356475
10480000.0000001	150.6050177638458
10490000.0000001	123.55384580122484
10500000.0000001	464.6131841498498
10510000.0000001	503.9856245397081
10520000.0000001	746.5309671767254
10530000.000000102	196.7067259010061
10540000.000000102	325.11281630840733
10550000.000000102	51.41037661206323
10560000.000000102	246.11877315317454
10570000.000000102	285.00884449409534
10580000.000000102	284.6789349582952
10590000.000000102	31.45452823183289
10600000.000000102	305.99683665381576
10610000.000000102	775.0073949471416
10620000.000000102	341.2894529738165
10630000.000000102	71.64077558677647
10640000.000000102	64.56960992520258
10650000.000000102	105.87439153127926
10660000.000000102	313.9736617293231
10670000.000000102	366.61746900723927
10680000.000000102	275.2266609809849
10690000.000000102	402.17827681680325
10700000.000000102	251.48190499793552
10710000.000000102	371.50544729035244
10720000.000000102	493.9722315105277
10730000.000000104	316.1594838527069
10740000.000000104	76.57418843556256
10750000.000000104	155.32378026275617
10760000.000000104	159.47365172929125
10770000.000000104	82.7886779437393
10780000.000000104	262.1025221920155
10790000.000000104	203.79726085938898
10800000.000000104	137.10896768949394
10810000.000000104	244.97550113182007
10820000.000000104	385.078588742136
10830000.000000104	188.00097315186107
10840000.000000104	237.42846011452704
10850000.000000104	262.1235210184481
10860000.000000104	97.81476797636114
10870000.000000104	598.5585833247653
10880000.000000104	257.477353214936
10890000.000000104	428.8855812791213
10900000.000000104	97.02929889046861
10910000.000000104	357.4163846850614
10920000.000000106	277.3093470520703
10930000.000000106	223.7329345665483
10940000.000000106	131.28166334930782
10950000.000000106	330.3889749402262
10960000.000000106	270.2528671849346
10970000.000000106	151.00600551004786
10980000.000000106	305.66341755323106
10990000.000000106	315.95837032391813
11000000.000000106	555.4305049726948
11010000.000000106	270.44877977734103
11020000.000000106	215.34566452617435
11030000.000000106	257.6106653410014
11040000.000000106	61.27604142616846
11050000.000000106	102.786271042198
11060000.000000106	340.4131176614705
11070000.000000106	52.1509035040636
11080000.000000106	58.67741669842572
11090000.000000106	171.34201259184923
11100000.000000106	238.0990535641283
11110000.000000108	965.4298601355391
11120000.000000108	159.4200663441793
11130000.000000108	274.83650148511464
11140000.000000108	109.53107864996987
11150000.000000108	142.5996980291045
11160000.000000108	315.1771800838073
11170000.000000108	151.1320781507767
11180000.000000108	480.0198318873124
11190000.000000108	117.27640618374492
11200000.000000108	162.94403359448086
11210000.000000108	152.36825434158928
11220000.000000108	458.06923534032524
11230000.000000108	185.72647765439754
11240000.000000108	159.63860454632064
11250000.000000108	128.09638859300549
11260000.000000108	322.6482169382009
11270000.000000108	82.43709442760951
11280000.000000108	85.83582848279015
11290000.000000108	151.6308411246506
11300000.000000108	353.0141799820605
11310000.00000011	333.2639066315777
11320000.00000011	138.69472027543836
11330000.00000011	95.33785268595007
11340000.00000011	235.82366842832403
11350000.00000011	94.53343169856957
11360000.00000011	195.8672777411691
11370000.00000011	701.6046164974691
11380000.00000011	192.9041879712232
11390000.00000011	78.61145895125438
11400000.00000011	157.3261222104406
11410000.00000011	490.8290740974332
11420000.00000011	316.2813650722224
11430000.00000011	547.8833724059187
11440000.00000011	418.67858894695934
11450000.00000011	332.03414315273943
11460000.00000011	469.2823206927712
11470000.00000011	343.4101441950047
11480000.00000011	37.7818481878257
11490000.00000011	82.20055447834591
11500000.000000112	172.79483116540507
11510000.000000112	284.56901224868386
11520000.000000112	231.9721093338309
11530000.000000112	52.959903947028224
11540000.000000112	130.62075963972893
11550000.000000112	335.43497522829233
11560000.000000112	179.03099518159846
11570000.000000112	180.9600334203097
11580000.000000112	388.1719731460793
11590000.000000112	54.6212687054052
11600000.000000112	173.58763831236615
11610000.000000112	219.50407650912814
11620000.000000112	188.94973213944988
11630000.000000112	263.18444907180367
11640000.000000112	126.25448649893394
11650000.000000112	200.63007282325356
11660000.000000112	383.7804718813701
11670000.000000112	365.0936989884542
11680000.000000112	185.1645866862793
11690000.000000114	254.0149090052804
11700000.000000114	267.2670716237836
11710000.000000114	46.57106581889992
11720000.000000114	141.44630464622884
11730000.000000114	182.49997020212717
11740000.000000114	20.662640228407138
11750000.000000114	550.1167530698347
11760000.000000114	213.43846741000183
11770000.000000114	213.94031739669552
11780000.000000114	113.31825901648565
11790000.000000114	308.36023197855536
11800000.000000114	306.2076778683989
11810000.000000114	130.27399331042636
11820000.000000114	299.69636191197446
11830000.000000114	483.76499564987745
11840000.000000114	194.62971976547917
11850000.000000114	60.73926074785677
11860000.000000114	218.16825642718368
11870000.000000114	195.45474510189666
11880000.000000114	183.13267313853098
11890000.000000115	220.2505088190016
11900000.000000115	144.8173319312073
11910000.000000115	338.697072910507
11920000.000000115	93.98932458125765
11930000.000000115	511.4672172671043
11940000.000000115	174.67944871636251
11950000.000000115	297.7043318996622
11960000.000000115	253.71869931243688
11970000.000000115	425.78763703712127
11980000.000000115	385.19090495073664
11990000.000000115	197.80951321557976
12000000.000000115	340.35184057346646
12010000.000000115	273.43508184971415
12020000.000000115	316.0958530096208
12030000.000000115	243.09378137065073
12040000.000000115	287.51590009001654
12050000.000000115	98.44888240608013
12060000.000000115	173.29775089893405
12070000.000000115	240.52719993315606
12080000.000000117	367.10214690401574
12090000.000000117	340.3687093701633
12100000.000000117	319.6075261310857
12110000.000000117	232.55815111621217
12120000.000000117	297.7582736333942
12130000.000000117	241.535508195554
12140000.000000117	85.35902530927662
12150000.000000117	331.3081129156259
12160000.000000117	192.13560798851452
12170000.000000117	171.5822995336428
12180000.000000117	181.58142079426145
12190000.000000117	494.6395997805081
12200000.000000117	275.95958904587803
12210000.000000117	365.14721699524154
12220000.000000117	266.0680262708506
12230000.000000117	248.6089514777217
12240000.000000117	71.06678206615867
12250000.000000117	183.87440680214831
12260000.000000117	367.8457756158316
12270000.00000012	381.4166612474096
12280000.00000012	213.73539296888725
12290000.00000012	266.69894734523996
12300000.00000012	145.57134612655648
12310000.00000012	111.60628051525669
12320000.00000012	312.0597107362814
12330000.00000012	305.59609225913925
12340000.00000012	141.37567578516783
12350000.00000012	145.08430052629086
12360000.00000012	127.63664952744861
12370000.00000012	130.1810394286009
12380000.00000012	206.3830879634221
12390000.00000012	125.18807540357001
12400000.00000012	72.66210170195224
12410000.00000012	284.53158280052384
12420000.00000012	22.257996394360855
12430000.00000012	479.55540605141886
12440000.00000012	131.87096377017602
12450000.00000012	384.6390630432376
12460000.00000012	217.19127770496036
12470000.000000121	407.1707532793553
12480000.000000121	478.8567031329347
12490000.000000121	236.78736748497047
-12500000.000000121	136.00000000001205
-12490000.000000121	236.78736748497047
-12480000.000000121	478.85670313293525
-12470000.000000121	407.1707532793558
-12460000.00000012	217.19127770496067
-12450000.00000012	384.6390630432377
-12440000.00000012	131.8709637701759
-12430000.00000012	479.55540605141823
-12420000.00000012	22.257996394362042
-12410000.00000012	284.5315828005234
-12400000.00000012	72.66210170195215
-12390000.00000012	125.18807540356946
-12380000.00000012	206.3830879634223
-12370000.00000012	130.18103942860046
-12360000.00000012	127.63664952744821
-12350000.00000012	145.0843005262907
-12340000.00000012	141.3756757851708
-12330000.00000012	305.59609225913914
-12320000.00000012	312.0597107362814
-12310000.00000012	111.60628051525738
-12300000.00000012	145.5713461265587
-12290000.00000012	266.6989473452381
-12280000.00000012	213.73539296888768
-12270000.00000012	381.4166612474091
-12260000.000000117	367.84577561582665
-12250000.000000117	183.87440680214775
-12240000.000000117	71.06678206615885
-12230000.000000117	248.6089514777212
-12220000.000000117	266.0680262708514
-12210000.000000117	365.14721699524057
-12200000.000000117	275.959589045882
-12190000.000000117	494.6395997805065
-12180000.000000117	181.58142079426318
-12170000.000000117	171.5822995336427
-12160000.000000117	192.13560798851455
-12150000.000000117	331.308112915626
-12140000.000000117	85.35902530927865
-12130000.000000117	241.53550819555397
-12120000.000000117	297.75827363339397
-12110000.000000117	232.55815111621254
-12100000.000000117	319.60752613110776
-12090000.000000117	340.3687093701645
-12080000.000000117	367.10214690401557
-12070000.000000115	240.52719993315597
-12060000.000000115	173.29775089893138
-12050000.000000115	98.44888240607942
-12040000.000000115	287.5159000900165
-12030000.000000115	243.09378137065067
-12020000.000000115	316.09585300961874
-12010000.000000115	273.43508184971273
-12000000.000000115	340.3518405734669
-11990000.000000115	197.8095132155807
-11980000.000000115	385.1909049507353
-11970000.000000115	425.78763703712167
-11960000.000000115	253.71869931243674
-11950000.000000115	297.7043318996617
-11940000.000000115	174.67944871636368
-11930000.000000115	511.4672172671042
-11920000.000000115	93.98932458125788
-11910000.000000115	338.6970729105064
-11900000.000000115	144.81733193121994
-11890000.000000115	220.25050881900063
-11880000.000000114	183.13267313853112
-11870000.000000114	195.45474510189726
-11860000.000000114	218.16825642718166
-11850000.000000114	60.739260747856456
-11840000.000000114	194.62971976547914
-11830000.000000114	483.76499564987677
-11820000.000000114	299.69636191197526
-11810000.000000114	130.27399331042614
-11800000.000000114	306.20767786839406
-11790000.000000114	308.3602319785563
-11780000.000000114	113.31825901648527
-11770000.000000114	213.94031739669518
-11760000.000000114	213.4384674100021
-11750000.000000114	550.1167530698342
-11740000.000000114	20.662640228408918
-11730000.000000114	182.49997020212675
-11720000.000000114	141.4463046462298
-11710000.000000114	46.571065818902014
-11700000.000000114	267.26707162378193
-11690000.000000114	254.01490900527983
-11680000.000000112	185.1645866862795
-11670000.000000112	365.0936989884539
-11660000.000000112	383.78047188136964
-11650000.000000112	200.63007282325347
-11640000.000000112	126.25448649893404
-11630000.000000112	263.1844490718034
-11620000.000000112	188.9497321394509
-11610000.000000112	219.50407650912925
-11600000.000000112	173.5876383123678
-11590000.000000112	54.621268705404354
-11580000.000000112	388.17197314608103
-11570000.000000112	180.96003342030974
-11560000.000000112	179.03099518159883
-11550000.000000112	335.43497522829244
-11540000.000000112	130.62075963972973
-11530000.000000112	52.95990394702849
-11520000.000000112	231.9721093338307
-11510000.000000112	284.5690122486816
-11500000.000000112	172.79483116541303
-11490000.00000011	82.20055447834591
-11480000.00000011	37.78184818782567
-11470000.00000011	343.41014419500465
-11460000.00000011	469.28232069277175
-11450000.00000011	332.03414315273955
-11440000.00000011	418.67858894695945
-11430000.00000011	547.8833724059187
-11420000.00000011	316.2813650722215
-11410000.00000011	490.8290740974327
-11400000.00000011	157.32612221044405
-11390000.00000011	78.6114589512543
-11380000.00000011	192.90418797122436
-11370000.00000011	701.6046164974686
-11360000.00000011	195.86727774116912
-11350000.00000011	94.53343169856953
-11340000.00000011	235.82366842832653
-11330000.00000011	95.33785268594997
-11320000.00000011	138.6947202754388
-11310000.00000011	333.26390663157827
-11300000.000000108	353.0141799820716
-11290000.000000108	151.63084112465123
-11280000.000000108	85.83582848278988
-11270000.000000108	82.43709442760922
-11260000.000000108	322.64821693820187
-11250000.000000108	128.0963885930056
-11240000.000000108	159.63860454632092
-11230000.000000108	185.7264776543976
-11220000.000000108	458.06923534032546
-11210000.000000108	152.36825434159013
-11200000.000000108	162.94403359447995
-11190000.000000108	117.27640618374406
-11180000.000000108	480.0198318873128
-11170000.000000108	151.13207815077644
-11160000.000000108	315.1771800838073
-11150000.000000108	142.59969802910456
-11140000.000000108	109.53107864996846
-11130000.000000108	274.83650148511487
-11120000.000000108	159.42006634417888
-11110000.000000108	965.4298601355382
-11100000.000000106	238.09905356413688
-11090000.000000106	171.34201259184854
-11080000.000000106	58.677416698425375
-11070000.000000106	52.15090350406333
-11060000.000000106	340.4131176614706
-11050000.000000106	102.7862710421982
-11040000.000000106	61.27604142616853
-11030000.000000106	257.6106653410014
-11020000.000000106	215.34566452617455
-11010000.000000106	270.4487797773415
-11000000.000000106	555.4305049726948
-10990000.000000106	315.9583703239176
-10980000.000000106	305.66341755323026
-10970000.000000106	151.00600551004783
-10960000.000000106	270.2528671849347
-10950000.000000106	330.38897494022615
-10940000.000000106	131.28166334930975
-10930000.000000106	223.73293456654832
-10920000.000000106	277.30934705207073
-10910000.000000104	357.4163846850609
-10900000.000000104	97.02929889046871
-10890000.000000104	428.8855812791215
-10880000.000000104	257.4773532149357
-10870000.000000104	598.558583324765
-10860000.000000104	97.81476797635962
-10850000.000000104	262.1235210184478
-10840000.000000104	237.428460114527
-10830000.000000104	188.00097315186082
-10820000.000000104	385.07858874213196
-10810000.000000104	244.97550113182066
-10800000.000000104	137.10896768949578
-10790000.000000104	203.79726085938816
-10780000.000000104	262.10252219201755
-10770000.000000104	82.78867794373936
-10760000.000000104	159.47365172929113
-10750000.000000104	155.32378026275595
-10740000.000000104	76.57418843556283
-10730000.000000104	316.1594838527065
-10720000.000000102	493.9722315105279
-10710000.000000102	371.5054472903518
-10700000.000000102	251.4819049979439
-10690000.000000102	402.1782768168032
-10680000.000000102	275.2266609809848
-10670000.000000102	366.61746900723915
-10660000.000000102	313.97366172932175
-10650000.000000102	105.8743915312796
-10640000.000000102	64.56960992520276
-10630000.000000102	71.64077558677734
-10620000.000000102	341.2894529738144
-10610000.000000102	775.0073949471401
-10600000.000000102	305.99683665381747
-10590000.000000102	31.45452823183406
-10580000.000000102	284.678934958292
-10570000.000000102	285.00884449409523
-10560000.000000102	246.11877315317454
-10550000.000000102	51.410376612063594
-10540000.000000102	325.11281630840483
-10530000.000000102	196.7067259010061
-10520000.0000001	746.5309671767253
-10510000.0000001	503.9856245397081
-10500000.0000001	464.6131841498477
-10490000.0000001	123.55384580122518
-10480000.0000001	150.6050177638456
-10470000.0000001	39.46609875356464
-10460000.0000001	395.81080433323245
-10450000.0000001	144.13465809747825
-10440000.0000001	191.10072248735727
-10430000.0000001	193.9086065729524
-10420000.0000001	503.25755818617154
-10410000.0000001	197.945404958463
-10400000.0000001	213.3630821442207
-10390000.0000001	12.264772964269351
-10380000.0000001	36.284617907367306
-10370000.0000001	174.42216679595973
-10360000.0000001	412.5421296054476
-10350000.0000001	627.0206276666346
-10340000.0000001	605.56082527759
-10330000.000000099	50.10152914268752
-10320000.000000099	475.1273156685064
-10310000.000000099	383.22652292479114
-10300000.000000099	522.5078469776621
-10290000.000000099	316.13623960304113
-10280000.000000099	39.8884847930747
-10270000.000000099	267.2028210689938
-10260000.000000099	309.282516606207
-10250000.000000099	224.3192103254794
-10240000.000000099	102.95666455022449
-10230000.000000099	109.50686973870967
-10220000.000000099	984.7981747920329
-10210000.000000099	150.95104128980424
-10200000.000000099	366.3093258837474
-10190000.000000099	120.24496244043203
-10180000.000000099	192.04321675134972
-10170000.000000099	153.68527943335246
-10160000.000000099	273.3879609345253
-10150000.000000099	196.59031988585775
-10140000.000000097	188.97682211989348
-10130000.000000097	247.25684001366264
-10120000.000000097	233.2412586998538
-10110000.000000097	387.6106094378816
-10100000.000000097	443.031467754972
-10090000.000000097	377.1141004702613
-10080000.000000097	324.82528981387264
-10070000.000000097	404.4389057653531
-10060000.000000097	457.04607379441
-10050000.000000097	125.8617311736498
-10040000.000000097	100.2922131176333
-10030000.000000097	309.5165606949866
-10020000.000000097	452.82600035672857
-10010000.000000097	155.80885447171946
-10000000.000000097	232.36471533897716
-9990000.000000097	163.01896075393347
-9980000.000000097	277.2940896710867
-9970000.000000097	162.8322756143097
-9960000.000000097	207.51453387162124
-9950000.000000095	323.139584587264
-9940000.000000095	276.5928277089292
-9930000.000000095	78.91837085911551
-9920000.000000095	469.5210173386532
-9910000.000000095	355.81730800131356
-9900000.000000095	306.050128883657
-9890000.000000095	180.6078267053027
-9880000.000000095	82.16709083149622
-9870000.000000095	230.74940586277117
-9860000.000000095	187.91569397787336
-9850000.000000095	418.6877362033445
-9840000.000000095	105.41019069284046
-9830000.000000095	77.43877878561716
-9820000.000000095	651.9167536659581
-9810000.000000095	215.91113279892238
-9800000.000000095	92.85998688138426
-9790000.000000095	36.86060802926015
-9780000.000000095	156.88289299861842
-9770000.000000095	72.76586668542981
-9760000.000000095	267.67889058188956
-9750000.000000093	244.58955587551498
-9740000.000000093	106.04512084037916
-9730000.000000093	140.89245930194474
-9720000.000000093	764.2245762020252
-9710000.000000093	132.14118357017438
-9700000.000000093	153.24538170867626
-9690000.000000093	199.39857700896368
-9680000.000000093	98.25145066948794
-9670000.000000093	273.4749028697723
-9660000.000000093	280.76199218305095
-9650000.000000093	106.77976178984478
-9640000.000000093	175.53994131235717
-9630000.000000093	79.27659711082735
-9620000.000000093	853.1686054534457
-9610000.000000093	243.74960541583954
-9600000.000000093	423.2407041615597
-9590000.000000093	656.0745831405358
-9580000.000000093	341.11950942420947
-9570000.000000093	244.19393074077658
-9560000.000000091	43.7475509999528
-9550000.000000091	382.64900015482726
-9540000.000000091	504.6197076570972
-9530000.000000091	154.03299738711937
-9520000.000000091	950.9576402288122
-9510000.000000091	571.6645200419873
-9500000.000000091	163.23863672084838
-9490000.000000091	163.2049345443842
-9480000.000000091	155.90997527668523
-9470000.000000091	323.3440921622577
-9460000.000000091	263.4012084103639
-9450000.000000091	232.33248840786464
-9440000.000000091	265.02970273407965
-9430000.000000091	179.39967866139156
-9420000.000000091	792.7356259099644
-9410000.000000091	215.61029819578062
-9400000.000000091	426.27781130873973
-9390000.000000091	252.76905470708118
-9380000.000000091	206.34734831718012
-9370000.00000009	298.3047363240894
-9360000.00000009	246.47627280888605
-9350000.00000009	312.6968827029269
-9340000.00000009	517.2071798527619
-9330000.00000009	477.84768658434353
-9320000.00000009	932.7720888819111
-9310000.00000009	229.31465771720627
-9300000.00000009	131.1556770717399
-9290000.00000009	233.64345726521802
-9280000.00000009	278.5979458664568
-9270000.00000009	103.568042775634
-9260000.00000009	252.17006824235366
-9250000.00000009	424.0429189364337
-9240000.00000009	177.3511732333475
-9230000.00000009	126.70203771497718
-9220000.00000009	884.9514990777137
-9210000.00000009	210.1750565101124
-9200000.00000009	255.64358247153456
-9190000.00000009	216.86533529975614
-9180000.00000009	341.92111795067063
-9170000.000000088	437.1396031945537
-9160000.000000088	66.47122273277904
-9150000.000000088	102.95002414870781
-9140000.000000088	145.44116473012687
-9130000.000000088	290.9733127583347
-9120000.000000088	843.2483830637708
-9110000.000000088	430.9201829220167
-9100000.000000088	192.92157532206932
-9090000.000000088	790.2165113905793
-9080000.000000088	156.95416283292283
-9070000.000000088	357.9497823549575
-9060000.000000088	83.95780554588745
-9050000.000000088	392.10385684973113
-9040000.000000088	133.01845122816343
-9030000.000000088	378.6425765484811
-9020000.000000088	969.698250924285
-9010000.000000088	274.1269696555986
-9000000.000000088	351.49283371743246
-8990000.000000088	268.9230948750866
-8980000.000000086	176.19857362908792
-8970000.000000086	305.0585486699725
-8960000.000000086	110.88057583917008
-8950000.000000086	176.74278036565684
-8940000.000000086	350.3793100272983
-8930000.000000086	414.89650197573224
-8920000.000000086	550.4810286362952
-8910000.000000086	77.3042298313793
-8900000.000000086	86.46613303257057
-8890000.000000086	421.32239416374154
-8880000.000000086	219.99626748201916
-8870000.000000086	182.4273600559415
-8860000.000000086	265.0401317451697
-8850000.000000086	287.9844054012329
-8840000.000000086	309.3792440700494
-8830000.000000086	340.51726913809847
-8820000.000000086	1030.4082813808006
-8810000.000000086	306.4402862017742
-8800000.000000086	136.46255550238556
-8790000.000000084	623.5659951089461
-8780000.000000084	111.45579997924487
-8770000.000000084	257.1750731661651
-8760000.000000084	323.3555056737474
-8750000.000000084	177.83187015101936
-8740000.000000084	254.75985273387258
-8730000.000000084	422.4031464210491
-8720000.000000084	682.5295871676817
-8710000.000000084	77.22356441478091
-8700000.000000084	460.15324998936643
-8690000.000000084	258.29609464673115
-8680000.000000084	305.69915066472373
-8670000.000000084	196.62654391759176
-8660000.000000084	46.02994225635446
-8650000.000000084	239.24690526320225
-8640000.000000084	109.50207282148769
-8630000.000000084	283.2260924023067
-8620000.000000084	967.7674923171465
-8610000.000000084	73.58907933396944
-8600000.000000084	345.5536505405946
-8590000.000000082	422.38252141035474
-8580000.000000082	228.15963303934657
-8570000.000000082	164.08150487406266
-8560000.000000082	222.80018556652325
-8550000.000000082	463.0102872640427
-8540000.000000082	123.17911834461779
-8530000.000000082	163.6545359959499
-8520000.000000082	673.8556798031359
-8510000.000000082	567.2544561974745
-8500000.000000082	92.1674358166396
-8490000.000000082	78.99718385263203
-8480000.000000082	318.10123569037853
-8470000.000000082	242.71106038301633
-8460000.000000082	73.0755052363504
-8450000.000000082	296.9466018917665
-8440000.000000082	229.26924819279714
-8430000.000000082	256.13356927375304
-8420000.000000082	484.89405610208934
-8410000.000000082	170.7876412421575
-8400000.00000008	310.92261638598467
-8390000.00000008	197.16523839884331
-8380000.000000081	215.24084205559865
-8370000.000000081	210.81868204084262
-8360000.000000081	389.06653631602626
-8350000.00000008	258.7644916181373
-8340000.00000008	714.4344289495483
-8330000.00000008	534.3188465189934
-8320000.00000008	723.6919622521201
-8310000.00000008	424.1996548172737
-8300000.00000008	206.11885115844666
-8290000.00000008	319.3072356915683
-8280000.00000008	50.14130794665249
-8270000.00000008	52.50363210080225
-8260000.00000008	15.568904134495131
-8250000.000000079	154.68202067284918
-8240000.000000079	153.60303481257552
-8230000.000000079	89.02919502847594
-8220000.000000079	611.4833731986743
-8210000.000000079	185.13873297677694
-8200000.000000079	75.68815055393264
-8190000.000000079	493.1319284959031
-8180000.000000079	458.1068333172474
-8170000.000000079	99.20027887265385
-8160000.000000078	24.59055178916951
-8150000.000000078	334.2389070978971
-8140000.000000078	596.5174457109672
-8130000.000000078	182.34570407990284
-8120000.000000078	831.0157533427054
-8110000.000000078	485.11684625426636
-8100000.000000078	79.21647760484403
-8090000.000000078	281.12386860648206
-8080000.000000078	361.1057614823481
-8070000.000000078	377.04687196633245
-8060000.000000077	162.91977852032548
-8050000.000000077	167.3856377741859
-8040000.000000077	184.75456365512363
-8030000.000000077	196.1366816059147
-8020000.000000077	905.1587646850883
-8010000.000000077	553.5700459978311
-8000000.000000077	112.41308180099298
-7990000.000000077	440.2291780612644
-7980000.000000077	640.6789796904784
-7970000.000000077	273.37474587822686
-7960000.000000076	103.0870818823566
-7950000.000000076	65.50753365413385
-7940000.000000076	269.2499752984225
-7930000.000000076	103.45076350545443
-7920000.000000076	456.0949665458565
-7910000.000000076	155.90168847896805
-7900000.000000076	179.60009016598
-7890000.000000076	274.2422392779491
-7880000.000000076	56.05455145024058
-7870000.000000075	84.56319219086866
-7860000.000000075	244.16128915071877
-7850000.000000075	192.19794438894226
-7840000.000000075	307.3307327048964
-7830000.000000075	320.92504756514285
-7820000.000000075	753.7605865494021
-7810000.000000075	13.913196274567353
-7800000.000000075	182.93597019962408
-7790000.000000075	543.0236404361319
-7780000.000000075	252.2689004319005
-7770000.0000000745	294.6833937327226
-7760000.0000000745	526.0188225655155
-7750000.0000000745	172.61903684937587
-7740000.0000000745	152.85361398451784
-7730000.0000000745	199.15587146202606
-7720000.0000000745	627.8160565167967
-7710000.0000000745	292.969659841411
-7700000.0000000745	247.8819888965556
-7690000.0000000745	294.7824024066385
-7680000.0000000745	85.54959573371696
-7670000.000000074	350.59202196331296
-7660000.000000074	292.1362866662611
-7650000.000000074	213.5293493460659
-7640000.000000074	336.2049029804951
-7630000.000000074	357.43532529384044
-7620000.000000074	791.5684968700612
-7610000.000000074	505.1023668018345
-7600000.000000074	103.77132934347873
-7590000.000000074	85.82727694383777
-7580000.000000073	458.9709716400974
-7570000.000000073	747.9380550212188
-7560000.000000073	95.34826686972559
-7550000.000000073	311.82815937256896
-7540000.000000073	475.1170013079055
-7530000.000000073	609.5324857885479
-7520000.000000073	360.96875757984617
-7510000.000000073	707.882440055663
-7500000.000000073	256.00043125228115
-7490000.000000073	491.63003404009305
-7480000.000000072	564.1084407433291
-7470000.000000072	308.98653229563
-7460000.000000072	312.89600403025025
-7450000.000000072	291.0823692608969
-7440000.000000072	252.9680761257653
-7430000.000000072	502.94156952391955
-7420000.000000072	475.2107559082343
-7410000.000000072	364.26277811360734
-7400000.000000072	446.46677204900124
-7390000.000000071	403.5565896031731
-7380000.000000071	576.7472773579716
-7370000.000000071	383.24741094797383
-7360000.000000071	158.17758400438873
-7350000.000000071	148.74405390755595
-7340000.000000071	342.51922977567017
-7330000.000000071	772.7523830903427
-7320000.000000071	512.1313681426747
-7310000.000000071	1210.900615689582
-7300000.000000071	116.85015008278562
-7290000.00000007	176.11266113026795
-7280000.00000007	226.80397680680764
-7270000.00000007	286.43454242891875
-7260000.00000007	283.5807506096916
-7250000.00000007	218.6799927137605
-7240000.00000007	294.71737062323336
-7230000.00000007	472.9438381573849
-7220000.00000007	323.5931564617439
-7210000.00000007	798.351848854847
-7200000.00000007	597.0459782485499
-7190000.000000069	12.998282022861934
-7180000.000000069	478.90088993257046
-7170000.000000069	276.9574147529696
-7160000.000000069	251.30383882757187
-7150000.000000069	222.43095214022102
-7140000.000000069	417.7701213729707
-7130000.000000069	171.73746834737238
-7120000.000000069	592.2125208749957
-7110000.000000069	640.1292389467435
-7100000.000000068	325.4270536989917
-7090000.000000068	157.7514142361932
-7080000.000000068	177.9960946272166
-7070000.000000068	446.65552050864056
-7060000.000000068	83.75140295569506
-7050000.000000068	321.85975498051585
-7040000.000000068	213.8041729803338
-7030000.000000068	222.24516272013517
-7020000.000000068	450.2391423175195
-7010000.000000068	831.3319147777108
-7000000.000000067	194.3854541131649
-6990000.000000067	211.64954225751478
-6980000.000000067	62.59880633068312
-6970000.000000067	396.06888798478076
-6960000.000000067	58.41302722804104
-6950000.000000067	295.2101510739805
-6940000.000000067	250.5666753626437
-6930000.000000067	128.23138479701515
-6920000.000000067	937.124634399541
-6910000.000000067	1104.7653333714293
-6900000.000000066	313.24199029179283
-6890000.000000066	473.1265784683953
-6880000.000000066	159.61770733848005
-6870000.000000066	195.41445673941996
-6860000.000000066	192.21656848937423
-6850000.000000066	184.67299935806997
-6840000.000000066	238.72604807009785
-6830000.000000066	490.50366075133263
-6820000.000000066	386.28966894004526
-6810000.000000065	1130.5943840090642
-6800000.000000065	355.2884860490302
-6790000.000000065	149.36347190909098
-6780000.000000065	118.24270296580329
-6770000.000000065	187.5897203823225
-6760000.000000065	168.30263667925098
-6750000.000000065	135.8598120072115
-6740000.000000065	187.0767006999955
-6730000.000000065	527.459658950981
-6720000.000000065	383.7352882962887
-6710000.000000064	1169.689929562755
-6700000.000000064	442.1935017089921
-6690000.000000064	245.35060381252683
-6680000.000000064	253.5620767727929
-6670000.000000064	96.38388244932085
-6660000.000000064	73.07139666268526
-6650000.000000064	164.65098559245533
-6640000.000000064	85.66409172697378
-6630000.000000064	235.49826416735226
-6620000.000000064	668.3483763375013
-6610000.000000063	1464.4475989008122
-6600000.000000063	701.7987796037894
-6590000.000000063	418.8596482372148
-6580000.000000063	232.37385782930644
-6570000.000000063	285.5435047416506
-6560000.000000063	871.0141880875353
-6550000.000000063	530.0104952238213
-6540000.000000063	111.2067523629106
-6530000.000000063	694.8022767168105
-6520000.000000062	634.946794590595
-6510000.000000062	1452.53995427151
-6500000.000000062	301.47335318880204
-6490000.000000062	93.59385631140866
-6480000.000000062	269.8872743164114
-6470000.000000062	280.10425802822493
-6460000.000000062	81.90339720440093
-6450000.000000062	421.9173639246437
-6440000.000000062	289.77941024858313
-6430000.000000062	485.0251136513773
-6420000.0000000615	571.6690514275658
-6410000.0000000615	1928.2081972439682
-6400000.0000000615	307.68552054146517
-6390000.0000000615	283.2777439801759
-6380000.0000000615	125.60067061324521
-6370000.0000000615	660.2114980594737
-6360000.0000000615	313.3185161769625
-6350000.0000000615	421.25670895276886
-6340000.0000000615	499.6664958204582
-6330000.0000000615	249.5865635052792
-6320000.000000061	676.1832671571213
-6310000.000000061	1917.8896698974638
-6300000.000000061	57.38522350800559
-6290000.000000061	503.6294926116356
-6280000.000000061	220.5773346036087
-6270000.000000061	264.5980512220155
-6260000.000000061	227.4163914495321
-6250000.000000061	224.1428116179503
-6240000.000000061	345.46118714344766
-6230000.00000006	387.57444537219766
-6220000.00000006	548.9614918429455
-6210000.00000006	2211.0784177990654
-6200000.00000006	607.0070704569719
-6190000.00000006	335.87016062006717
-6180000.00000006	321.357676743054
-6170000.00000006	152.79601742323212
-6160000.00000006	554.5410616211856
-6150000.00000006	33.94969262723506
-6140000.00000006	190.342035892553
-6130000.000000059	313.3760718296967
-6120000.000000059	793.2598971368981
-6110000.000000059	2030.5196591562633
-6100000.000000059	540.6650140145259
-6090000.000000059	475.9819352003366
-6080000.000000059	146.6612715753277
-6070000.000000059	443.0730569856596
-6060000.000000059	158.12590767032583
-6050000.000000059	204.8506308566526
-6040000.000000059	163.418945452539
-6030000.000000058	422.9238965328923
-6020000.000000058	679.5736136851605
-6010000.000000058	2300.5638365297505
-6000000.000000058	622.8551907412061
-5990000.000000058	108.95875339880418
-5980000.000000058	163.38605089779372
-5970000.000000058	341.2591502278737
-5960000.000000058	569.1087860945464
-5950000.000000058	287.3024812630735
-5940000.000000057	98.76735348769996
-5930000.000000057	312.623994744422
-5920000.000000057	417.8473431337769
-5910000.000000057	1941.9589590638452
-5900000.000000057	277.2721384022626
-5890000.000000057	189.31748155183104
-5880000.000000057	171.44425025625995
-5870000.000000057	217.60442864907975
-5860000.000000057	31.194721908773403
-5850000.000000057	255.39876946208344
-5840000.000000056	534.7623601397038
-5830000.000000056	569.0380819349348
-5820000.000000056	358.2644299969923
-5810000.000000056	1847.7248310192854
-5800000.000000056	197.97166296207925
-5790000.000000056	189.72181023216663
-5780000.000000056	188.16414158084743
-5770000.000000056	163.71171635097343
-5760000.000000056	195.6061799017956
-5750000.000000056	362.4873220278183
-5740000.000000055	84.3241194586225
-5730000.000000055	332.1883589323305
-5720000.000000055	182.50242933741004
-5710000.000000055	2001.7827881348448
-5700000.000000055	589.6640746094281
-5690000.000000055	202.43557637976264
-5680000.000000055	169.53677228608964
-5670000.000000055	133.25080507743746
-5660000.000000055	296.47579896953243
-5650000.000000054	240.48182773362893
-5640000.000000054	318.0004749570693
-5630000.000000054	429.64090583672527
-5620000.000000054	492.04875659160405
-5610000.000000054	2116.124054806029
-5600000.000000054	591.1693589046465
-5590000.000000054	251.78842464923477
-5580000.000000054	219.64734897326602
-5570000.000000054	418.21748517315507
-5560000.000000054	328.24533050690775
-5550000.000000053	73.12694808102763
-5540000.000000053	254.93090560152703
-5530000.000000053	296.1739226421829
-5520000.000000053	295.21163978597843
-5510000.000000053	2257.025588658566
-5500000.000000053	140.6497910808302
-5490000.000000053	300.90042086547885
-5480000.000000053	322.56803804937124
-5470000.000000053	383.4666844268485
-5460000.000000053	291.0510294524516
-5450000.000000052	299.6700547826085
-5440000.000000052	326.31322414204686
-5430000.000000052	313.18863918451683
-5420000.000000052	141.95600135315289
-5410000.000000052	1889.1463287515514
-5400000.000000052	701.8783317965008
-5390000.000000052	238.81404573915975
-5380000.000000052	482.04739178976996
-5370000.000000052	137.5020891428456
-5360000.000000051	232.73483870757624
-5350000.000000051	284.84512844338946
-5340000.000000051	121.97571646260093
-5330000.000000051	170.86684510603777
-5320000.000000051	372.7739144636403
-5310000.000000051	1569.6365591462911
-5300000.000000051	834.195710514425
-5290000.000000051	503.1400856569481
-5280000.000000051	169.01569947546295
-5270000.000000051	283.2779304443879
-5260000.00000005	104.65317663112872
-5250000.00000005	89.61181010157702
-5240000.00000005	239.94394803601688
-5230000.00000005	137.2432825197044
-5220000.00000005	208.86452740929064
-5210000.00000005	2430.747105816496
-5200000.00000005	103.92217873527933
-5190000.00000005	434.6569049797191
-5180000.00000005	125.5291119272297
-5170000.00000005	336.2369822950089
-5160000.000000049	449.3967799353233
-5150000.000000049	199.90268355805426
-5140000.000000049	378.4252054222977
-5130000.000000049	254.67949175981542
-5120000.000000049	195.71550971685411
-5110000.000000049	1772.799291339814
-5100000.000000049	143.76863612285004
-5090000.000000049	340.2109933256775
-5080000.000000049	166.95931310721548
-5070000.000000048	184.87699198665914
-5060000.000000048	263.1887398400298
-5050000.000000048	355.41815838058466
-5040000.000000048	330.9715556848605
-5030000.000000048	57.745707191761
-5020000.000000048	256.5365552587973
-5010000.000000048	2204.1615481809417
-5000000.000000048	103.80095888498178
-4990000.000000048	299.0871247257021
-4980000.000000048	268.0855697389054
-4970000.0000000475	198.16256600720484
-4960000.0000000475	40.61335174318738
-4950000.0000000475	284.69186789981325
-4940000.0000000475	162.9892944878699
-4930000.0000000475	82.68189905541395
-4920000.0000000475	316.42205972243994
-4910000.0000000475	2720.9791737805735
-4900000.0000000475	664.5535632001787
-4890000.0000000475	230.61742986664166
-4880000.0000000475	38.799742312035114
-4870000.000000047	196.27407076495606
-4860000.000000047	330.514513357945
-4850000.000000047	271.8995383420461
-4840000.000000047	301.9882385206858
-4830000.000000047	65.61848140048942
-4820000.000000047	166.0937413657427
-4810000.000000047	2391.0405518652706
-4800000.000000047	1460.4833883896108
-4790000.000000047	380.8427851406198
-4780000.000000046	412.30057515261353
-4770000.000000046	308.8074221362073
-4760000.000000046	241.76856387867952
-4750000.000000046	99.6390476001403
-4740000.000000046	272.54504011108486
-4730000.000000046	295.5288074610816
-4720000.000000046	511.76023178072774
-4710000.000000046	3631.898362440404
-4700000.000000046	344.2303848423179
-4690000.000000046	151.99817318630335
-4680000.000000045	259.00199646820124
-4670000.000000045	285.00252783513423
-4660000.000000045	183.35198862712537
-4650000.000000045	95.93972759141835
-4640000.000000045	316.3774990405843
-4630000.000000045	335.4569376721637
-4620000.000000045	31.45467357035102
-4610000.000000045	3061.885181142905
-4600000.000000045	258.0570668815035
-4590000.000000045	60.64373207699694
-4580000.000000044	571.3509285840075
-4570000.000000044	407.97980049044054
-4560000.000000044	319.73284900436147
-4550000.000000044	252.21899465897556
-4540000.000000044	40.66193030652628
-4530000.000000044	424.0300365187633
-4520000.000000044	545.7894599883595
-4510000.000000044	4451.6448393152195
-4500000.000000044	274.0829333615545
-4490000.000000043	427.1408929455864
-4480000.000000043	576.0259844809536
-4470000.000000043	124.15770694178713
-4460000.000000043	291.0549642467743
-4450000.000000043	74.44281509696816
-4440000.000000043	302.933453125828
-4430000.000000043	357.7976685177947
-4420000.000000043	392.29943369950155
-4410000.000000043	3535.327710573304
-4400000.000000043	533.7163816267084
-4390000.000000042	543.1707376184333
-4380000.000000042	163.13794547154643
-4370000.000000042	401.62129891030514
-4360000.000000042	203.14071630612347
-4350000.000000042	346.39548847904365
-4340000.000000042	456.3015426687003
-4330000.000000042	155.66487223229942
-4320000.000000042	709.1572189621904
-4310000.000000042	4854.726238143972
-4300000.000000042	709.8692834592939
-4290000.000000041	803.9730143091817
-4280000.000000041	513.5388348423891
-4270000.000000041	148.2779665853794
-4260000.000000041	173.83577115679566
-4250000.000000041	457.8949642932484
-4240000.000000041	631.9081042619946
-4230000.000000041	687.7377692616913
-4220000.000000041	870.671854586193
-4210000.000000041	5265.088125163977
-4200000.00000004	801.6450357424346
-4190000.0000000405	146.84559472222443
-4180000.0000000405	91.25622607987296
-4170000.00000004	173.40717012785512
-4160000.00000004	510.87445774180577
-4150000.00000004	285.99926880950255
-4140000.00000004	318.59825130664274
-4130000.00000004	245.2221553175134
-4120000.0000000396	467.1849539716312
-4110000.0000000396	4501.113650019403
-4100000.0000000396	1158.2570891945836
-4090000.0000000396	698.3421576661427
-4080000.000000039	367.50256277182666
-4070000.000000039	302.8214420826607
-4060000.000000039	560.8969954639225
-4050000.000000039	560.5614987791006
-4040000.000000039	994.1787513819096
-4030000.0000000386	723.5995462044392
-4020000.0000000386	1176.116790518679
-4010000.0000000386	7133.129890319397
-4000000.0000000386	1738.74022581487
-3990000.0000000386	563.8634699508191
-3980000.000000038	950.1575840278858
-3970000.000000038	197.63171718097067
-3960000.000000038	701.2926797163543
-3950000.000000038	229.46556053651724
-3940000.000000038	436.8158679551645
-3930000.0000000377	22.860460962224355
-3920000.0000000377	897.4831065279155
-3910000.0000000377	4827.581742500889
-3900000.0000000377	1787.7820914736242
-3890000.0000000377	668.4178174732837
-3880000.0000000373	588.2515563973204
-3870000.0000000373	410.0488721118326
-3860000.0000000373	606.4797949028462
-3850000.0000000373	588.7248964968358
-3840000.0000000373	615.462325259506
-3830000.000000037	914.653220042209
-3820000.000000037	1534.4322830960527
-3810000.000000037	8130.263354507857
-3800000.000000037	2661.118575807125
-3790000.0000000363	474.09845596095954
-3780000.0000000363	1156.3325437896003
-3770000.0000000363	1079.2421001921878
-3760000.0000000363	573.5366178381493
-3750000.0000000363	761.5893971895897
-3740000.000000036	702.8643573742125
-3730000.000000036	669.7744290645411
-3720000.000000036	1220.29778267533
-3710000.000000036	5873.527532375582
-3700000.000000036	1794.3544739067408
-3690000.0000000354	626.1369285832142
-3680000.0000000354	983.2331532772332
-3670000.0000000354	888.3246749974006
-3660000.0000000354	550.394344059004
-3650000.0000000354	557.7550954743083
-3640000.000000035	636.4206681004654
-3630000.000000035	705.2068760784487
-3620000.000000035	1860.1693677789874
-3610000.000000035	8235.501743342662
-3600000.000000035	3265.3957254503844
-3590000.0000000345	1421.9436450980934
-3580000.0000000345	1044.043674717286
-3570000.0000000345	1185.1278927603842
-3560000.0000000345	795.5074305898974
-3550000.000000034	1006.718450580304
-3540000.000000034	627.6872662431468
-3530000.000000034	1293.9881585550536
-3520000.000000034	1976.8249184684005
-3510000.000000034	9528.343871955562
-3500000.0000000335	3714.3996739676554
-3490000.0000000335	1304.376963264667
-3480000.0000000335	936.573996326996
-3470000.0000000335	771.4614702660939
-3460000.0000000335	390.55377820901623
-3450000.000000033	736.1012165194951
-3440000.000000033	757.3061649495967
-3430000.000000033	895.3029535880601
-3420000.000000033	2110.5069039032014
-3410000.000000033	7683.697554533497
-3400000.0000000326	3760.051633823795
-3390000.0000000326	1685.9762341740532
-3380000.0000000326	1412.6014284671066
-3370000.0000000326	1008.3393583402877
-3360000.0000000326	680.6571725246661
-3350000.000000032	1058.29085722644
-3340000.000000032	1609.015596330892
-3330000.000000032	1635.5307368169879
-3320000.000000032	3000.4981434807605
-3310000.000000032	11394.548680821554
-3300000.0000000317	5853.105269660633
-3290000.0000000317	2153.537968077199
-3280000.0000000317	1811.5309379362843
-3270000.0000000317	975.1838854545451
-3260000.000000031	1211.7088807691375
-3250000.000000031	1274.0038213976961
-3240000.000000031	1424.1137544557437
-3230000.000000031	1768.5672974474787
-3220000.000000031	2404.2923942340994
-3210000.0000000307	8910.967904649844
-3200000.0000000307	4569.692280987911
-3190000.0000000307	2067.0224237619805
-3180000.0000000307	1239.842428136174
-3170000.0000000307	1227.3844181910124
-3160000.0000000303	924.5079566192395
-3150000.0000000303	1213.6285962594134
-3140000.0000000303	1540.8770357269243
-3130000.0000000303	1799.0372829964367
-3120000.0000000303	3359.3659128995673
-3110000.00000003	12212.515322167183
-3100000.00000003	7668.574298029969
-3090000.00000003	3234.899822820695
-3080000.00000003	1910.9507064128245
-3070000.00000003	1727.1601474057597
-3060000.0000000293	1451.3190213618607
-3050000.0000000293	1435.7013024057787
-3040000.0000000293	1746.1542233442892
-3030000.0000000293	1619.9274623858203
-3020000.0000000293	3417.6380324544352
-3010000.000000029	11913.304296599266
-3000000.000000029	7618.893278849301
-2990000.000000029	2801.892714546889
-2980000.000000029	2359.0170826348294
-2970000.0000000284	1707.5429273343163
-2960000.0000000284	1244.7924012035087
-2950000.0000000284	1521.3728226697265
-2940000.0000000284	1632.0262115595438
-2930000.0000000284	2281.5790175904835
-2920000.000000028	3588.1745704353248
-2910000.000000028	11829.773436525447
-2900000.000000028	8686.210504156415
-2890000.000000028	3524.258761214386
-2880000.000000028	2142.703808450536
-2870000.0000000275	1633.2754871611976
-2860000.0000000275	1510.1397564340396
-2850000.0000000275	1772.8929468582924
-2840000.0000000275	1998.5105755843142
-2830000.0000000275	2745.713516370416
-2820000.000000027	4286.477223285364
-2810000.000000027	13920.040475082495
-2800000.000000027	11021.370172452
-2790000.000000027	4159.29328679595
-2780000.000000027	2707.9031104067762
-2770000.0000000265	2087.398509640096
-2760000.0000000265	1815.822939635485
-2750000.0000000265	1969.2235283996793
-2740000.0000000265	1848.327611664036
-2730000.0000000265	2228.8494598351617
-2720000.000000026	4007.3510529351606
-2710000.000000026	11993.980002106839
-2700000.000000026	9846.369299770544
-2690000.000000026	3815.1675187678493
-2680000.0000000256	2423.3507711818456
-2670000.0000000256	1883.9833321575893
-2660000.0000000256	1640.856307395427
-2650000.0000000256	2031.0114709777722
-2640000.0000000256	2283.8902369138104
-2630000.000000025	2639.8468562771222
-2620000.000000025	4138.613198748609
-2610000.000000025	12847.769535032168
-2600000.000000025	11930.58641717159
-2590000.000000025	4011.0566466157543
-2580000.0000000247	2980.8017717389953
-2570000.0000000247	2079.3755566376703
-2560000.0000000247	2066.0881461559156
-2550000.0000000247	1960.8439506357252
-2540000.0000000247	2156.568961081436
-2530000.000000024	2945.9759258839417
-2520000.000000024	4309.826718974905
-2510000.000000024	12931.873852397108
-2500000.000000024	12165.798608361021
-2490000.000000024	4114.9417978179945
-2480000.0000000237	2384.975167941498
-2470000.0000000237	2018.672373048549
-2460000.0000000237	1733.8136513575096
-2450000.0000000237	1766.75767501281
-2440000.0000000237	1565.2919386367369
-2430000.0000000233	2058.9245510401092
-2420000.0000000233	3065.912524284348
-2410000.0000000233	9366.204748593807
-2400000.0000000233	10424.10285153766
-2390000.000000023	3863.6688132762406
-2380000.000000023	2447.2671892624426
-2370000.000000023	1697.1193888582218
-2360000.000000023	1427.5717810406575
-2350000.000000023	2025.4336869841127
-2340000.0000000224	2264.5321164283328
-2330000.0000000224	2395.008920204115
-2320000.0000000224	4079.503488997184
-2310000.0000000224	11688.270563231594
-2300000.0000000224	13295.628428240347
-2290000.000000022	4570.724386614858
-2280000.000000022	2486.9673695335737
-2270000.000000022	1630.7433503854745
-2260000.000000022	1532.1726771499134
-2250000.000000022	1759.8200356116524
-2240000.0000000214	1886.1585717540695
-2230000.0000000214	2113.358304434664
-2220000.0000000214	3309.1057044844165
-2210000.0000000214	7704.510795513652
-2200000.0000000214	9455.17678172102
-2190000.000000021	2831.8909978787665
-2180000.000000021	1559.9826282493414
-2170000.000000021	1236.3079080727223
-2160000.000000021	1255.4691257532681
-2150000.000000021	1444.4844456219632
-2140000.0000000205	1441.5410926952238
-2130000.0000000205	2101.3378589576837
-2120000.0000000205	3671.224189016106
-2110000.0000000205	8554.569074326086
-2100000.00000002	12312.802913744696
-2090000.0000000203	4050.44077829501
-2080000.00000002	2239.7212855133466
-2070000.00000002	1972.348953950856
-2060000.0000000198	1841.6911170776784
-2050000.0000000198	2004.0543095042462
-2040000.0000000196	2070.5453470603557
-2030000.0000000196	2050.422532239848
-2020000.0000000196	3329.232437371954
-2010000.0000000193	7794.151672532588
-2000000.0000000193	11167.934296915288
-1990000.000000019	3331.4324024674206
-1980000.000000019	1826.2194239410142
-1970000.000000019	1265.1801565589162
-1960000.0000000189	1210.5538014847627
-1950000.0000000189	1382.7246168235845
-1940000.0000000186	1212.0138490930826
-1930000.0000000186	1404.3883004970187
-1920000.0000000186	2703.8092517547902
-1910000.0000000184	6308.728486436503
-1900000.0000000184	10993.098510344893
-1890000.0000000182	3216.4805571221204
-1880000.0000000182	2367.8096192472203
-1870000.000000018	1604.6499282141247
-1860000.000000018	1687.0419993235735
-1850000.000000018	1912.1677592618537
-1840000.0000000177	1372.1116953955898
-1830000.0000000177	2210.7446971595855
-1820000.0000000175	3532.1196605517043
-1810000.0000000175	8003.168889762843
-1800000.0000000175	14151.430615380654
-1790000.0000000172	3552.5786823034646
-1780000.0000000172	2281.5467017006204
-1770000.000000017	1597.7853389158777
-1760000.000000017	1300.0960393880803
-1750000.0000000168	1465.137100708551
-1740000.0000000168	1530.4731169484044
-1730000.0000000168	1926.2638219163139
-1720000.0000000165	2374.4228321722403
-1710000.0000000165	5364.756455507318
-1700000.0000000163	10395.82130818546
-1690000.0000000163	2909.27858756416
-1680000.0000000163	1453.5706254289885
-1670000.000000016	1457.856809065642
-1660000.000000016	1628.344995258711
-1650000.0000000158	1645.5596227978428
-1640000.0000000158	1666.9636832207134
-1630000.0000000156	1859.6395805611041
-1620000.0000000156	2984.8873963907813
-1610000.0000000156	6337.404453454873
-1600000.0000000154	14173.33520608947
-1590000.0000000154	3825.087745735702
-1580000.0000000151	2122.596106663768
-1570000.0000000151	1561.6723793792432
-1560000.0000000151	1637.9491891224886
-1550000.000000015	1003.0238791000648
-1540000.000000015	1615.759644287862
-1530000.0000000147	1371.344978911281
-1520000.0000000147	2460.7014181265126
-1510000.0000000147	6638.3545677725915
-1500000.0000000144	13839.183633148788
-1490000.0000000144	3426.664666958251
-1480000.0000000142	1923.8583845820585
-1470000.0000000142	1354.006889888929
-1460000.000000014	1187.237670609399
-1450000.000000014	1071.8648723726503
-1440000.000000014	1104.646983850637
-1430000.0000000137	1512.2161091722992
-1420000.0000000137	1927.473255079462
-1410000.0000000135	5308.254530926085
-1400000.0000000135	12976.299854353576
-1390000.0000000135	2911.0816814809805
-1380000.0000000133	1644.0684659435599
-1370000.0000000133	1252.7209382575334
-1360000.000000013	1230.7207318307694
-1350000.000000013	1250.5149204159236
-1340000.0000000128	1435.9032821847072
-1330000.0000000128	2011.2558083534636
-1320000.0000000128	2954.6404495845195
-1310000.0000000126	6510.980275186282
-1300000.0000000126	17850.55151987199
-1290000.0000000123	3849.3143616511843
-1280000.0000000123	2419.740211059427
-1270000.0000000123	1543.2714843072356
-1260000.000000012	1000.299092792355
-1250000.000000012	1300.9952848786265
-1240000.0000000119	1257.6255603924176
-1230000.0000000119	1462.086711516876
-1220000.0000000119	2401.895313894282
-1210000.0000000116	4760.950328297248
-1200000.0000000116	14163.826073037504
-1190000.0000000114	2863.464228111552
-1180000.0000000114	1573.6672703231284
-1170000.0000000112	980.8231840184419
-1160000.0000000112	871.7872919796338
-1150000.0000000112	985.738374139182
-1140000.000000011	1052.8893156132713
-1130000.000000011	1455.2478267886313
-1120000.0000000107	2224.4392719819994
-1110000.0000000107	5475.478422294212
-1100000.0000000107	19596.557700314086
-1090000.0000000105	4170.2688688842645
-1080000.0000000105	2806.5283727324336
-1070000.0000000102	1456.4873576618136
-1060000.0000000102	1647.1127904322773
-1050000.00000001	2014.884105958692
-1040000.00000001	1809.018599259015
-1030000.0000000099	2052.3644843600787
-1020000.0000000098	3268.2857101529235
-1010000.0000000098	6749.586807852946
-1000000.0000000097	23279.733472371765
-990000.0000000095	3795.1352774943443
-980000.0000000094	2070.9571782296903
-970000.0000000093	1680.859965535306
-960000.0000000093	933.7725377453093
-950000.0000000092	1034.5722024940872
-940000.0000000091	718.7068022333985
-930000.000000009	1019.3432358484787
-920000.0000000088	840.709272827907
-910000.0000000087	3433.5868915166284
-900000.0000000087	15872.572943360388
-890000.0000000086	2842.029728284255
-880000.0000000085	1819.6124802501388
-870000.0000000084	1697.582406372639
-860000.0000000083	1713.6594119894237
-850000.0000000081	1826.9167773276824
-840000.0000000081	1937.4961728031972
-830000.000000008	1935.3795375972893
-820000.0000000079	3952.5976981534195
-810000.0000000078	7687.5115363296045
-800000.0000000077	37811.96585778053
-790000.0000000076	5156.535401487722
-780000.0000000076	2803.2601719676304
-770000.0000000075	2110.9680986471144
-760000.0000000073	1248.0430007500108
-750000.0000000072	1292.547934529487
-740000.0000000071	1051.9230365560386
-730000.000000007	1159.575617395708
-720000.000000007	1301.518842232336
-710000.0000000069	2257.9636385968624
-700000.0000000068	8738.249917500762
-690000.0000000066	1149.3460431546703
-680000.0000000065	912.4524045369801
-670000.0000000064	811.8109088586277
-660000.0000000064	826.5124660893373
-650000.0000000063	1421.4553103425108
-640000.0000000062	1509.6606719137671
-630000.000000006	2081.9876162859778
-620000.0000000059	3740.961113787431
-610000.0000000059	6631.866347591758
-600000.0000000058	53529.61644721881
-590000.0000000057	6447.098643020672
-580000.0000000056	3481.4446643406536
-570000.0000000055	2386.7359767789308
-560000.0000000054	1939.4210093989536
-550000.0000000054	1895.7753811903915
-540000.0000000052	1843.1867740711882
-530000.0000000051	2229.5716597882392
-520000.000000005	2055.7291321516486
-510000.0000000049	4161.4672413100425
-500000.00000000483	32426.534447515885
-490000.0000000047	2198.515012625622
-480000.00000000466	937.3058528523845
-470000.00000000454	308.82612183280173
-460000.0000000044	209.62066898419374
-450000.00000000437	488.3177242108299
-440000.00000000425	477.26552269593964
-430000.00000000413	976.9789023149667
-420000.0000000041	1912.5083663682817
-410000.00000000396	5856.584019296655
-400000.00000000384	67605.05763832567
-390000.0000000038	5999.3019631603665
-380000.00000000367	3057.3031280234286
-370000.00000000355	2618.19284889554
-360000.0000000035	2263.88960137451
-350000.0000000034	2078.9169658374117
-340000.00000000326	2417.9140742579007
-330000.0000000032	2633.0134470616877
-320000.0000000031	3869.4366277317836
-310000.00000000297	6655.3193753891865
-300000.0000000029	96161.55079484517
-290000.0000000028	5082.625571346399
-280000.0000000027	2368.896282322454
-270000.0000000026	929.0190008935436
-260000.0000000025	611.288808269793
-250000.00000000242	654.5032321698266
-240000.00000000233	397.02067172758365
-230000.0000000022	214.78862894331482
-220000.00000000212	399.8883128373279
-210000.00000000204	2452.63891676566
-200000.00000000192	77294.09217038684
-190000.00000000183	4144.074104235094
-180000.00000000175	2735.0182123899936
-170000.00000000163	2143.130431771618
-160000.00000000154	2022.593818662365
-150000.00000000146	2554.3913290967403
-140000.00000000134	2755.5471436419693
-130000.00000000125	2662.4368011527135
-120000.00000000116	4226.566289282742
-110000.00000000106	7675.11297785483
-100000.00000000096	364120.77438020334
-90000.00000000087	7259.5994580464785
-80000.00000000077	3066.0316363266747
-70000.00000000067	2307.4596198455297
-60000.00000000058	1758.1449942210322
-50000.00000000048	1079.1068616192927
-40000.000000000386	1240.437863237902
-30000.00000000029	1154.544375131772
-20000.000000000193	1022.2613386432313
-10000.000000000096	1548.8354624112465
