0.0	512500.0
10000.000000000096	0.0
20000.000000000193	3.411176964216789e-12
30000.00000000029	0.0
40000.000000000386	2.6588316563186908e-11
50000.00000000048	0.0
60000.00000000058	9.775061814704266e-12
70000.00000000067	0.0
80000.00000000077	1.0755335848598301e-11
90000.00000000087	0.0
100000.00000000096	374023.9601042906
110000.00000000106	0.0
120000.00000000116	7.170374872491032e-12
130000.00000000125	0.0
140000.00000000134	1.0767733183292773e-11
150000.00000000146	0.0
160000.00000000154	6.647499025935357e-12
170000.00000000163	0.0
180000.00000000175	3.1604731040615036e-12
190000.00000000183	0.0
200000.00000000192	0.0
210000.00000000204	0.0
220000.00000000212	4.4815759774915654e-12
230000.0000000022	0.0
240000.00000000233	4.432039287034447e-12
250000.00000000242	0.0
260000.0000000025	3.009165823135749e-12
270000.0000000026	0.0
280000.0000000027	3.0735354943394105e-12
290000.0000000028	0.0
300000.0000000029	124700.90795684021
310000.00000000297	0.0
320000.0000000031	2.689513452727035e-12
330000.0000000032	0.0
340000.00000000326	7.829304807357417e-12
350000.0000000034	0.0
360000.0000000035	2.955252869939652e-12
370000.00000000355	0.0
380000.00000000367	4.449234472189077e-12
390000.0000000038	0.0
400000.00000000384	0.0
410000.00000000396	0.0
420000.0000000041	5.439228748724261e-12
430000.00000000413	0.0
440000.00000000425	2.4183415497846766e-12
450000.00000000437	0.0
460000.0000000044	3.730901946317517e-12
470000.00000000454	0.0
480000.00000000466	1.7936132094558502e-12
490000.0000000047	0.0
500000.00000000483	74852.06421657067
510000.0000000049	0.0
520000.000000005	1.6558173168237076e-12
530000.0000000051	0.0
540000.0000000052	2.8542351043344003e-12
550000.0000000054	0.0
560000.0000000054	1.9007258700933643e-12
570000.0000000055	0.0
580000.0000000056	1.6251365045490778e-12
590000.0000000057	0.0
600000.0000000058	0.0
610000.0000000059	0.0
620000.0000000059	3.788247853670395e-12
630000.000000006	0.0
640000.0000000062	1.6635555603525395e-12
650000.0000000063	0.0
660000.0000000064	1.2176347291242402e-12
670000.0000000064	0.0
680000.0000000065	1.266853498660024e-12
690000.0000000066	0.0
700000.0000000068	53499.55589148137
710000.0000000069	0.0
720000.000000007	1.1966491962954386e-12
730000.000000007	0.0
740000.0000000071	3.980715984985611e-12
750000.0000000072	0.0
760000.0000000073	1.401508766765014e-12
770000.0000000075	0.0
780000.0000000076	6.7900408140276e-13
790000.0000000076	0.0
800000.0000000077	0.0
810000.0000000078	0.0
820000.0000000079	2.8460577384848094e-12
830000.000000008	0.0
840000.0000000081	1.268459279934309e-12
850000.0000000081	0.0
860000.0000000083	2.980642189052321e-12
870000.0000000084	0.0
880000.0000000085	9.797369546317428e-13
890000.0000000086	0.0
900000.0000000087	41645.84932672587
910000.0000000087	0.0
920000.0000000088	9.373174488854049e-13
930000.000000009	0.0
940000.0000000091	2.5280040801336708e-12
950000.0000000092	0.0
960000.0000000093	1.1105335579789472e-12
970000.0000000093	0.0
980000.0000000094	3.2858355488857174e-12
990000.0000000095	0.0
1000000.0000000097	0.0
1010000.0000000098	0.0
1020000.0000000098	1.351420089524972e-12
1030000.0000000099	0.0
1040000.00000001	1.025540122769602e-12
1050000.00000001	0.0
1060000.0000000102	2.1007246694313573e-12
1070000.0000000102	0.0
1080000.0000000105	7.991290663203733e-13
1090000.0000000105	0.0
1100000.0000000107	34109.805390837966
1110000.0000000107	0.0
1120000.0000000107	7.707674646102653e-13
1130000.000000011	0.0
1140000.000000011	3.012582169784625e-12
1150000.0000000112	0.0
1160000.0000000112	9.200896577424773e-13
1170000.0000000112	0.0
1180000.0000000114	3.287671645660097e-12
1190000.0000000114	0.0
1200000.0000000116	0.0
1210000.0000000116	0.0
1220000.0000000119	1.4226525646737863e-12
1230000.0000000119	0.0
1240000.0000000119	8.611647532654925e-13
1250000.000000012	0.0
1260000.000000012	1.92135648906784e-12
1270000.0000000123	0.0
1280000.0000000123	6.751045197193017e-13
1290000.0000000123	0.0
1300000.0000000126	28898.683731778776
1310000.0000000126	0.0
1320000.0000000128	6.548263392854106e-13
1330000.0000000128	0.0
1340000.0000000128	2.125648321665173e-12
1350000.000000013	0.0
1360000.000000013	7.858257973244245e-13
1370000.0000000133	0.0
1380000.0000000133	1.3543331084464688e-12
1390000.0000000135	0.0
1400000.0000000135	0.0
1410000.0000000135	0.0
1420000.0000000137	1.4827929590509643e-12
1430000.0000000137	0.0
1440000.000000014	7.426073858010772e-13
1450000.000000014	0.0
1460000.000000014	1.0596661830276559e-12
1470000.0000000142	0.0
1480000.0000000142	5.847247685068737e-13
1490000.0000000144	0.0
1500000.0000000144	25082.543637774554
1510000.0000000147	0.0
1520000.0000000147	5.695175428544933e-13
1530000.0000000147	0.0
1540000.000000015	2.6906889556498495e-12
1550000.000000015	0.0
1560000.0000000151	6.861350796608937e-13
1570000.0000000151	0.0
1580000.0000000151	8.013345571570875e-13
1590000.0000000154	0.0
1600000.0000000154	0.0
1610000.0000000156	0.0
1620000.0000000156	2.612318997287943e-12
1630000.0000000156	0.0
1640000.0000000158	6.531061580992454e-13
1650000.0000000158	0.0
1660000.000000016	9.73627156201538e-13
1670000.000000016	0.0
1680000.0000000163	5.159744830018777e-13
1690000.0000000163	0.0
1700000.0000000163	22169.067828564686
1710000.0000000165	0.0
1720000.0000000165	5.041560518721188e-13
1730000.0000000168	0.0
1740000.0000000168	8.848945742404704e-12
1750000.0000000168	0.0
1760000.000000017	6.092320423597077e-13
1770000.000000017	0.0
1780000.0000000172	1.1805007108310523e-12
1790000.0000000172	0.0
1800000.0000000175	0.0
1810000.0000000175	0.0
1820000.0000000175	1.6765195407616181e-12
1830000.0000000177	0.0
1840000.0000000177	5.831870874125842e-13
1850000.000000018	0.0
1860000.000000018	1.7535893463126975e-12
1870000.000000018	0.0
1880000.0000000182	4.619513297563004e-13
1890000.0000000182	0.0
1900000.0000000184	19873.23438639578
1910000.0000000184	0.0
1920000.0000000186	4.5250902436518457e-13
1930000.0000000186	0.0
1940000.0000000186	1.7887949461018144e-12
1950000.0000000189	0.0
1960000.0000000189	5.481417231663973e-13
1970000.000000019	0.0
1980000.000000019	1.1909228966022256e-12
1990000.000000019	0.0
2000000.0000000193	6.956301058463797e-12
2010000.0000000193	0.0
2020000.0000000196	1.4890490323754576e-12
2030000.0000000196	0.0
2040000.0000000196	5.270915821068793e-13
2050000.0000000198	0.0
2060000.0000000198	3.861995973883105e-12
2070000.00000002	0.0
2080000.00000002	4.1840780155276677e-13
2090000.0000000203	0.0
2100000.00000002	18018.60473377446
2110000.0000000205	0.0
2120000.0000000205	4.106957155061394e-13
2130000.0000000205	0.0
2140000.0000000205	4.488588663171949e-12
2150000.000000021	0.0
2160000.000000021	4.984725781532496e-13
2170000.000000021	0.0
2180000.000000021	2.147285507607786e-12
2190000.000000021	0.0
2200000.0000000214	0.0
2210000.0000000214	0.0
2220000.0000000214	8.500154058552612e-13
2230000.0000000214	0.0
2240000.0000000214	4.811177865239328e-13
2250000.000000022	0.0
2260000.000000022	4.251691338072729e-12
2270000.000000022	0.0
2280000.000000022	3.825868212466463e-13
2290000.000000022	0.0
2300000.0000000224	16490.1135427473
2310000.0000000224	0.0
2320000.0000000224	3.761736439573532e-13
2330000.0000000224	0.0
2340000.0000000224	6.626309652967375e-13
2350000.000000023	0.0
2360000.000000023	4.573218145807564e-13
2370000.000000023	0.0
2380000.000000023	1.5361153622499379e-12
2390000.000000023	0.0
2400000.0000000233	0.0
2410000.0000000233	0.0
2420000.0000000233	2.2159536724451486e-12
2430000.0000000233	0.0
2440000.0000000237	4.427776580673098e-13
2450000.0000000237	0.0
2460000.0000000237	1.8198297977921114e-12
2470000.0000000237	0.0
2480000.0000000237	3.526207632547046e-13
2490000.000000024	0.0
2500000.000000024	15209.51949424902
2510000.000000024	0.0
2520000.000000024	3.472075362960937e-13
2530000.000000024	0.0
2540000.0000000247	3.9184390826917125e-12
2550000.0000000247	0.0
2560000.0000000247	4.226938491631675e-13
2570000.0000000247	0.0
2580000.0000000247	3.448552751603325e-12
2590000.000000025	0.0
2600000.000000025	0.0
2610000.000000025	0.0
2620000.000000025	6.178308288958111e-13
2630000.000000025	0.0
2640000.0000000256	4.103371912470413e-13
2650000.0000000256	0.0
2660000.0000000256	2.6809470959918723e-12
2670000.0000000256	0.0
2680000.0000000256	3.271995700438214e-13
2690000.000000026	0.0
2700000.000000026	14121.766817319192
2710000.000000026	0.0
2720000.000000026	3.2257256080688596e-13
2730000.0000000265	0.0
2740000.0000000265	2.276957034079593e-12
2750000.0000000265	0.0
2760000.0000000265	3.9317161074199225e-13
2770000.0000000265	0.0
2780000.000000027	4.7734908197799004e-12
2790000.000000027	0.0
2800000.000000027	0.0
2810000.000000027	0.0
2820000.000000027	2.890553685098989e-12
2830000.0000000275	0.0
2840000.0000000275	3.8255091342787485e-13
2850000.0000000275	0.0
2860000.0000000275	2.9276407731201964e-12
2870000.0000000275	0.0
2880000.000000028	3.053771535552291e-13
2890000.000000028	0.0
2900000.000000028	13186.990335362429
2910000.000000028	0.0
2920000.000000028	3.013795201276332e-13
2930000.0000000284	0.0
2940000.0000000284	7.54454726542588e-13
2950000.0000000284	0.0
2960000.0000000284	3.6772109880231765e-13
2970000.0000000284	0.0
2980000.000000029	3.574714152519614e-12
2990000.000000029	0.0
3000000.000000029	4.699392400473607e-12
3010000.000000029	0.0
3020000.0000000293	1.3986444976588137e-12
3030000.0000000293	0.0
3040000.0000000293	3.585011850554614e-13
3050000.0000000293	0.0
3060000.0000000293	9.556526986600248e-13
3070000.00000003	0.0
3080000.00000003	2.8645322478053844e-13
3090000.00000003	0.0
3100000.00000003	12375.615339075968
3110000.00000003	0.0
3120000.0000000303	2.829672776279781e-13
3130000.0000000303	0.0
3140000.0000000303	1.8621855078529437e-12
3150000.0000000303	0.0
3160000.0000000303	3.4557016043969156e-13
3170000.0000000307	0.0
3180000.0000000307	4.966436912468584e-12
3190000.0000000307	0.0
3200000.0000000307	0.0
3210000.0000000307	0.0
3220000.000000031	1.4635361434740483e-12
3230000.000000031	0.0
3240000.000000031	3.37497018481529e-13
3250000.000000031	0.0
3260000.000000031	1.3155409224843012e-12
3270000.0000000317	0.0
3280000.0000000317	2.6989835655206683e-13
3290000.0000000317	0.0
3300000.0000000317	11665.239329510716
3310000.000000032	0.0
3320000.000000032	2.6683406595148003e-13
3330000.000000032	0.0
3340000.000000032	5.872454154868878e-13
3350000.000000032	0.0
3360000.0000000326	3.2613056142987796e-13
3370000.0000000326	0.0
3380000.0000000326	8.374707506582268e-13
3390000.0000000326	0.0
3400000.0000000326	0.0
3410000.000000033	0.0
3420000.000000033	1.4932589730605925e-12
3430000.000000033	0.0
3440000.000000033	3.190081927092329e-13
3450000.000000033	0.0
3460000.0000000335	1.6146455157245497e-13
3470000.0000000335	0.0
3480000.0000000335	2.5530488688063113e-13
3490000.0000000335	0.0
3500000.0000000335	11038.58288345546
3510000.000000034	0.0
3520000.000000034	2.525922132302491e-13
3530000.000000034	0.0
3540000.000000034	2.5150765013865028e-12
3550000.000000034	0.0
3560000.0000000345	3.0894632563772966e-13
3570000.0000000345	0.0
3580000.0000000345	2.1177863427128707e-12
3590000.0000000345	0.0
3600000.000000035	0.0
3610000.000000035	0.0
3620000.000000035	2.634299915422228e-12
3630000.000000035	0.0
3640000.000000035	3.026210887119112e-13
3650000.0000000354	0.0
3660000.0000000354	9.478917534298922e-13
3670000.0000000354	0.0
3680000.0000000354	2.423538322035533e-13
3690000.0000000354	0.0
3700000.000000036	10482.105108627151
3710000.000000036	0.0
3720000.000000036	2.3993747387536313e-13
3730000.000000036	0.0
3740000.000000036	3.310768023114284e-12
3750000.0000000363	0.0
3760000.0000000363	2.9365856200788505e-13
3770000.0000000363	0.0
3780000.0000000363	7.120298729167043e-13
3790000.0000000363	0.0
3800000.000000037	0.0
3810000.000000037	0.0
3820000.000000037	1.600522787702639e-12
3830000.000000037	0.0
3840000.0000000373	2.880083263735901e-13
3850000.0000000373	0.0
3860000.0000000373	9.920158953977271e-13
3870000.0000000373	0.0
3880000.0000000373	2.307920337772114e-13
3890000.0000000377	0.0
3900000.0000000377	9985.04511823188
3910000.0000000377	0.0
3920000.0000000377	2.286277480292475e-13
3930000.0000000377	0.0
3940000.000000038	2.0904224070883935e-12
3950000.000000038	0.0
3960000.000000038	2.7998095020184366e-13
3970000.000000038	0.0
3980000.000000038	1.3559559641187495e-12
3990000.0000000386	0.0
4000000.0000000386	0.0
4010000.0000000386	0.0
4020000.0000000386	2.0377456454259394e-12
4030000.0000000386	0.0
4040000.000000039	2.74907420318782e-13
4050000.000000039	0.0
4060000.000000039	2.3800837170421996e-12
4070000.000000039	0.0
4080000.000000039	2.2041602584730826e-13
4090000.0000000396	0.0
4100000.0000000396	9538.744055142637
4110000.0000000396	0.0
4120000.0000000396	2.1846799936435232e-13
4130000.00000004	0.0
4140000.00000004	8.939911401882898e-12
4150000.00000004	0.0
4160000.00000004	2.6768229784488834e-13
4170000.00000004	0.0
4180000.0000000405	2.4053342003116248e-12
4190000.0000000405	0.0
4200000.00000004	0.0
4210000.000000041	0.0
4220000.000000041	1.7934300497748223e-12
4230000.000000041	0.0
4240000.000000041	2.631054767044851e-13
4250000.000000041	0.0
4260000.000000041	2.2923051378828578e-12
4270000.000000041	0.0
4280000.000000041	2.1106042689111212e-13
4290000.000000041	0.0
4300000.000000042	9136.156324245856
4310000.000000042	0.0
4320000.000000042	2.092993625114284e-13
4330000.000000042	0.0
4340000.000000042	2.6183520982298097e-12
4350000.000000042	0.0
4360000.000000042	2.565738986907248e-13
4370000.000000042	0.0
4380000.000000042	6.372833858647495e-13
4390000.000000042	0.0
4400000.000000043	0.0
4410000.000000043	0.0
4420000.000000043	7.520061624484784e-13
4430000.000000043	0.0
4440000.000000043	2.5242802617490534e-13
4450000.000000043	0.0
4460000.000000043	1.1050299918331737e-12
4470000.000000043	0.0
4480000.000000043	2.0258944047853653e-13
4490000.000000043	0.0
4500000.000000044	8771.491168492654
4510000.000000044	0.0
4520000.000000044	2.0099114245144444e-13
4530000.000000044	0.0
4540000.000000044	4.808700903825825e-12
4550000.000000044	0.0
4560000.000000044	2.465002177465079e-13
4570000.000000044	0.0
4580000.000000044	9.50839311722198e-13
4590000.000000045	0.0
4600000.000000045	0.0
4610000.000000045	0.0
4620000.000000045	3.17740627148916e-12
4630000.000000045	0.0
4640000.000000045	2.4273074500756817e-13
4650000.000000045	0.0
4660000.000000045	1.0468833122572517e-12
4670000.000000045	0.0
4680000.000000045	1.9489053553138759e-13
4690000.000000046	0.0
4700000.000000046	8439.94576318407
4710000.000000046	0.0
4720000.000000046	1.934348480925652e-13
4730000.000000046	0.0
4740000.000000046	3.5359357529165653e-12
4750000.000000046	0.0
4760000.000000046	2.373319248495267e-13
4770000.000000046	0.0
4780000.000000046	8.093251166708523e-13
4790000.000000047	0.0
4800000.000000047	0.0
4810000.000000047	0.0
4820000.000000047	2.2410999503870266e-12
4830000.000000047	0.0
4840000.000000047	2.3389322903274e-13
4850000.000000047	0.0
4860000.000000047	1.7332301015001754e-12
4870000.000000047	0.0
4880000.0000000475	1.878696807511015e-13
4890000.0000000475	0.0
4900000.0000000475	8137.503680750978
4910000.0000000475	0.0
4920000.0000000475	1.8653968120661755e-13
4930000.0000000475	0.0
4940000.0000000475	5.795316935192442e-13
4950000.0000000475	0.0
4960000.0000000475	2.2896061383558586e-13
4970000.0000000475	0.0
4980000.000000048	6.716899425454932e-13
4990000.000000048	0.0
5000000.000000048	0.0
5010000.000000048	0.0
5020000.000000048	1.1852182805864647e-12
5030000.000000048	0.0
5040000.000000048	2.258142501209997e-13
5050000.000000048	0.0
5060000.000000048	9.435631837773232e-13
5070000.000000048	0.0
5080000.000000049	1.814477049086834e-13
5090000.000000049	0.0
5100000.000000049	7860.780781530717
5110000.000000049	0.0
5120000.000000049	1.802290827831156e-13
5130000.000000049	0.0
5140000.000000049	4.3723557608287076e-12
5150000.000000049	0.0
5160000.000000049	2.212947499778842e-13
5170000.00000005	0.0
5180000.00000005	1.5253640233012182e-12
5190000.00000005	0.0
5200000.00000005	0.0
5210000.00000005	0.0
5220000.00000005	8.525657924528714e-13
5230000.00000005	0.0
5240000.00000005	2.1840809914302866e-13
5250000.00000005	0.0
5260000.00000005	1.590442615298614e-12
5270000.000000051	0.0
5280000.000000051	1.7555748448102588e-13
5290000.000000051	0.0
5300000.000000051	7606.90600327818
5310000.000000051	0.0
5320000.000000051	1.7443805854139488e-13
5330000.000000051	0.0
5340000.000000051	3.3346407341982783e-12
5350000.000000051	0.0
5360000.000000051	2.1425652488989143e-13
5370000.000000052	0.0
5380000.000000052	8.171191429397061e-13
5390000.000000052	0.0
5400000.000000052	0.0
5410000.000000052	0.0
5420000.000000052	1.0319076108864318e-12
5430000.000000052	0.0
5440000.000000052	2.1160173580541474e-13
5450000.000000052	0.0
5460000.000000053	2.3243424833201513e-12
5470000.000000053	0.0
5480000.000000053	1.7014174727638305e-13
5490000.000000053	0.0
5500000.000000053	7373.428166475225
5510000.000000053	0.0
5520000.000000053	1.6911108599701817e-13
5530000.000000053	0.0
5540000.000000053	5.426750025310011e-12
5550000.000000053	0.0
5560000.000000054	2.0777939040494726e-13
5570000.000000054	0.0
5580000.000000054	2.358478516720886e-12
5590000.000000054	0.0
5600000.000000054	0.0
5610000.000000054	0.0
5620000.000000054	8.56543355933959e-13
5630000.000000054	0.0
5640000.000000054	2.0533254508519363e-13
5650000.000000054	0.0
5660000.000000055	2.5754655480679795e-12
5670000.000000055	0.0
5680000.000000055	1.651513402297835e-13
5690000.000000055	0.0
5700000.000000055	7158.242405990299
5710000.000000055	0.0
5720000.000000055	1.6420046075318116e-13
5730000.000000055	0.0
5740000.000000055	2.6441051775699057e-12
5750000.000000056	0.0
5760000.000000056	2.018061064150272e-13
5770000.000000056	0.0
5780000.000000056	3.376437441143933e-12
5790000.000000056	0.0
5800000.000000056	0.0
5810000.000000056	0.0
5820000.000000056	8.362986270733547e-13
5830000.000000056	0.0
5840000.000000056	1.9954655485734983e-13
5850000.000000057	0.0
5860000.000000057	2.7675214064849396e-12
5870000.000000057	0.0
5880000.000000057	1.6054385086129777e-13
5890000.000000057	0.0
5900000.000000057	6959.531572406198
5910000.000000057	0.0
5920000.000000057	1.5966497815600723e-13
5930000.000000057	0.0
5940000.000000057	3.876221559196597e-12
5950000.000000058	0.0
5960000.000000058	1.9628718195206316e-13
5970000.000000058	0.0
5980000.000000058	3.015800054631107e-12
5990000.000000058	0.0
6000000.000000058	0.0
6010000.000000058	0.0
6020000.000000058	1.069508064126569e-12
6030000.000000058	0.0
6040000.000000059	1.94197007828552e-13
6050000.000000059	0.0
6060000.000000059	2.359750486569741e-12
6070000.000000059	0.0
6080000.000000059	1.5628250097170783e-13
6090000.000000059	0.0
6100000.000000059	6775.7191677947385
6110000.000000059	0.0
6120000.000000059	1.5546887360668378e-13
6130000.000000059	0.0
6140000.00000006	3.098246217063341e-12
6150000.00000006	0.0
6160000.00000006	1.9117962015123952e-13
6170000.00000006	0.0
6180000.00000006	1.5706390015807723e-12
6190000.00000006	0.0
6200000.00000006	0.0
6210000.00000006	0.0
6220000.00000006	3.4713376116010045e-13
6230000.00000006	0.0
6240000.000000061	1.8924320829836218e-13
6250000.000000061	0.0
6260000.000000061	1.068175194730908e-12
6270000.000000061	0.0
6280000.000000061	1.523352518963468e-13
6290000.000000061	0.0
6300000.000000061	6605.431253192911
6310000.000000061	0.0
6320000.000000061	1.515809642437961e-13
6330000.0000000615	0.0
6340000.0000000615	4.258387995696399e-12
6350000.0000000615	0.0
6360000.0000000615	1.8644590021744355e-13
6370000.0000000615	0.0
6380000.0000000615	2.110332157723442e-12
6390000.0000000615	0.0
6400000.0000000615	0.0
6410000.0000000615	0.0
6420000.0000000615	8.546401718143341e-13
6430000.000000062	0.0
6440000.000000062	1.846495840165339e-13
6450000.000000062	0.0
6460000.000000062	1.5434194936052428e-12
6470000.000000062	0.0
6480000.000000062	1.4867407562134097e-13
6490000.000000062	0.0
6500000.000000062	6447.465395905115
6510000.000000062	0.0
6520000.000000062	1.4797394876821392e-13
6530000.000000063	0.0
6540000.000000063	1.2615309612923467e-12
6550000.000000063	0.0
6560000.000000063	1.8205314582913204e-13
6570000.000000063	0.0
6580000.000000063	1.0137120111756375e-12
6590000.000000063	0.0
6600000.000000063	0.0
6610000.000000063	0.0
6620000.000000064	2.0114874196537936e-12
6630000.000000064	0.0
6640000.000000064	1.803849177993528e-13
6650000.000000064	0.0
6660000.000000064	1.734205255637754e-12
6670000.000000064	0.0
6680000.000000064	1.452743570125478e-13
6690000.000000064	0.0
6700000.000000064	6300.765186142577
6710000.000000064	0.0
6720000.000000065	1.4462383247619603e-13
6730000.000000065	0.0
6740000.000000065	5.1227467451617866e-12
6750000.000000065	0.0
6760000.000000065	1.7797244138334614e-13
6770000.000000065	0.0
6780000.000000065	2.1819909297889167e-12
6790000.000000065	0.0
6800000.000000065	0.0
6810000.000000065	0.0
6820000.000000066	1.5794428462149496e-12
6830000.000000066	0.0
6840000.000000066	1.7642171417440135e-13
6850000.000000066	0.0
6860000.000000066	7.764060560346345e-13
6870000.000000066	0.0
6880000.000000066	1.421144004898879e-13
6890000.000000066	0.0
6900000.000000066	6164.3991935405475
6910000.000000067	0.0
6920000.000000067	1.4150945218231075e-13
6930000.000000067	0.0
6940000.000000067	8.600428440356831e-13
6950000.000000067	0.0
6960000.000000067	1.7417826635965607e-13
6970000.000000067	0.0
6980000.000000067	1.3628888304842787e-12
6990000.000000067	0.0
7000000.000000067	2.245206998755661e-12
7010000.000000068	0.0
7020000.000000068	1.8030677189642626e-12
7030000.000000068	0.0
7040000.000000068	1.7273567421782796e-13
7050000.000000068	0.0
7060000.000000068	2.3335734923138585e-12
7070000.000000068	0.0
7080000.000000068	1.3917502050738115e-13
7090000.000000068	0.0
7100000.000000068	6037.5434886686635
7110000.000000069	0.0
7120000.000000069	1.3861208140444598e-13
7130000.000000069	0.0
7140000.000000069	2.840225261075365e-12
7150000.000000069	0.0
7160000.000000069	1.7064802472407698e-13
7170000.000000069	0.0
7180000.000000069	2.8168875712790645e-12
7190000.000000069	0.0
7200000.00000007	0.0
7210000.00000007	0.0
7220000.00000007	1.0425965080422744e-12
7230000.00000007	0.0
7240000.00000007	1.693052576802487e-13
7250000.00000007	0.0
7260000.00000007	3.767036516041155e-12
7270000.00000007	0.0
7280000.00000007	1.3643919973661493e-13
7290000.00000007	0.0
7300000.000000071	5919.46704645811
7310000.000000071	0.0
7320000.000000071	1.3591510047460612e-13
7330000.000000071	0.0
7340000.000000071	1.8000014673905168e-12
7350000.000000071	0.0
7360000.000000071	1.6736165131268398e-13
7370000.000000071	0.0
7380000.000000071	4.284988593989579e-12
7390000.000000071	0.0
7400000.000000072	0.0
7410000.000000072	0.0
7420000.000000072	2.2542153749013501e-13
7430000.000000072	0.0
7440000.000000072	1.661113159944603e-13
7450000.000000072	0.0
7460000.000000072	2.2915947213892785e-12
7470000.000000072	0.0
7480000.000000072	1.338918022969782e-13
7490000.000000073	0.0
7500000.000000073	5809.519494249001
7510000.000000073	0.0
7520000.000000073	1.3340371950355403e-13
7530000.000000073	0.0
7540000.000000073	1.188996429991595e-12
7550000.000000073	0.0
7560000.000000073	1.6430128095859243e-13
7570000.000000073	0.0
7580000.000000073	2.936295230083018e-12
7590000.000000074	0.0
7600000.000000074	0.0
7610000.000000074	0.0
7620000.000000074	2.0670879487573278e-12
7630000.000000074	0.0
7640000.000000074	1.6313678319578276e-13
7650000.000000074	0.0
7660000.000000074	3.436877750576933e-12
7670000.000000074	0.0
7680000.0000000745	1.315193320142064e-13
7690000.0000000745	0.0
7700000.0000000745	5707.120778867597
7710000.0000000745	0.0
7720000.0000000745	1.3106474463071202e-13
7730000.0000000745	0.0
7740000.0000000745	3.2632716324508106e-12
7750000.0000000745	0.0
7760000.0000000745	1.614509690630368e-13
7770000.0000000745	0.0
7780000.000000075	1.8705685601251145e-12
7790000.000000075	0.0
7800000.000000075	0.0
7810000.000000075	0.0
7820000.000000075	2.0029716400759604e-12
7830000.000000075	0.0
7840000.000000075	1.603664144344657e-13
7850000.000000075	0.0
7860000.000000075	7.300543622148571e-13
7870000.000000075	0.0
7880000.000000076	1.293097277244592e-13
7890000.000000076	0.0
7900000.000000076	5611.752413403984
7910000.000000076	0.0
7920000.000000076	1.2888637992530105e-13
7930000.000000076	0.0
7940000.000000076	1.919116597918801e-12
7950000.000000076	0.0
7960000.000000076	1.5879645458440468e-13
7970000.000000077	0.0
7980000.000000077	1.356849022837213e-12
7990000.000000077	0.0
8000000.000000077	2.0489216015039794e-12
8010000.000000077	0.0
8020000.000000077	1.1096399551349077e-12
8030000.000000077	0.0
8040000.000000077	1.5778656381537625e-13
8050000.000000077	0.0
8060000.000000077	1.4308126686166862e-12
8070000.000000078	0.0
8080000.000000078	1.2725218922351836e-13
8090000.000000078	0.0
8100000.000000078	5522.950031459667
8110000.000000078	0.0
8120000.000000078	1.2685805881056045e-13
8130000.000000078	0.0
8140000.000000078	2.368035550417368e-13
8150000.000000078	0.0
8160000.000000078	1.5632495819096072e-13
8170000.000000079	0.0
8180000.000000079	8.005213326280084e-13
8190000.000000079	0.0
8200000.000000079	0.0
8210000.000000079	0.0
8220000.000000079	6.323879218194357e-13
8230000.000000079	0.0
8240000.000000079	1.553849949071119e-13
8250000.000000079	0.0
8260000.00000008	1.6562898537028646e-12
8270000.00000008	0.0
8280000.00000008	1.2533702869922667e-13
8290000.00000008	0.0
8300000.00000008	5440.297029187856
8310000.00000008	0.0
8320000.00000008	1.2497030006316655e-13
8330000.00000008	0.0
8340000.00000008	2.040293549050351e-12
8350000.00000008	0.0
8360000.000000081	1.5402500971357688e-13
8370000.000000081	0.0
8380000.000000081	3.7334168117975466e-12
8390000.00000008	0.0
8400000.00000008	0.0
8410000.000000082	0.0
8420000.000000082	2.8723365208217684e-12
8430000.000000082	0.0
8440000.000000082	1.5315071852714293e-13
8450000.000000082	0.0
8460000.000000082	2.9388645923297974e-12
8470000.000000082	0.0
8480000.000000082	1.2355554346109282e-13
8490000.000000082	0.0
8500000.000000082	5363.419116883524
8510000.000000082	0.0
8520000.000000082	1.232145843710295e-13
8530000.000000082	0.0
8540000.000000082	5.339355002366259e-12
8550000.000000082	0.0
8560000.000000082	1.518863001332147e-13
8570000.000000082	0.0
8580000.000000082	2.7788017668159833e-12
8590000.000000082	0.0
8600000.000000084	0.0
8610000.000000084	0.0
8620000.000000084	2.8237841251549314e-12
8630000.000000084	0.0
8640000.000000084	1.5107385341079735e-13
8650000.000000084	0.0
8660000.000000084	1.125523600348291e-12
8670000.000000084	0.0
8680000.000000084	1.2189990655467193e-13
8690000.000000084	0.0
8700000.000000084	5291.979634749471
8710000.000000084	0.0
8720000.000000084	1.2158324817177646e-13
8730000.000000084	0.0
8740000.000000084	1.9045157746799975e-12
8750000.000000084	0.0
8760000.000000084	1.4989955421085996e-13
8770000.000000084	0.0
8780000.000000084	2.0056882046340357e-12
8790000.000000084	0.0
8800000.000000086	0.0
8810000.000000086	0.0
8820000.000000086	2.8594922032229013e-12
8830000.000000086	0.0
8840000.000000086	1.4914550616961556e-13
8850000.000000086	0.0
8860000.000000086	6.804542079899385e-13
8870000.000000086	0.0
8880000.000000086	1.2036307246536978e-13
8890000.000000086	0.0
8900000.000000086	5225.675513696028
8910000.000000086	0.0
8920000.000000086	1.2006939208438893e-13
8930000.000000086	0.0
8940000.000000086	4.517457061640851e-12
8950000.000000086	0.0
8960000.000000086	1.4805642056549926e-13
8970000.000000086	0.0
8980000.000000086	3.90267136321656e-12
8990000.000000088	0.0
9000000.000000088	0.0
9010000.000000088	0.0
9020000.000000088	2.419161874103886e-12
9030000.000000088	0.0
9040000.000000088	1.4735766758366603e-13
9050000.000000088	0.0
9060000.000000088	3.969251132238059e-12
9070000.000000088	0.0
9080000.000000088	1.1893869561131713e-13
9090000.000000088	0.0
9100000.000000088	5164.233783086291
9110000.000000088	0.0
9120000.000000088	1.1866680172041873e-13
9130000.000000088	0.0
9140000.000000088	5.626546008579603e-12
9150000.000000088	0.0
9160000.000000088	1.4634937656678973e-13
9170000.000000088	0.0
9180000.00000009	1.1057660209701196e-12
9190000.00000009	0.0
9200000.00000009	0.0
9210000.00000009	0.0
9220000.00000009	2.016884343451697e-12
9230000.00000009	0.0
9240000.00000009	1.4570312278740067e-13
9250000.00000009	0.0
9260000.00000009	3.0558505015088873e-12
9270000.00000009	0.0
9280000.00000009	1.176210597241826e-13
9290000.00000009	0.0
9300000.00000009	5107.408544328882
9310000.00000009	0.0
9320000.00000009	1.1736987904388219e-13
9330000.00000009	0.0
9340000.00000009	1.3929545361488665e-12
9350000.00000009	0.0
9360000.00000009	1.4477164586255755e-13
9370000.00000009	0.0
9380000.000000091	1.599076280586604e-12
9390000.000000091	0.0
9400000.000000091	0.0
9410000.000000091	0.0
9420000.000000091	1.1579341638706319e-12
9430000.000000091	0.0
9440000.000000091	1.4417537332570892e-13
9450000.000000091	0.0
9460000.000000091	9.635457611854501e-13
9470000.000000091	0.0
9480000.000000091	1.1640501654054061e-13
9490000.000000091	0.0
9500000.000000091	5054.9783430045645
9510000.000000091	0.0
9520000.000000091	1.161735827595809e-13
9530000.000000091	0.0
9540000.000000091	2.5395289262066614e-12
9550000.000000091	0.0
9560000.000000091	1.4331712672980328e-13
9570000.000000093	0.0
9580000.000000093	1.1172811846260803e-12
9590000.000000093	0.0
9600000.000000093	0.0
9610000.000000093	0.0
9620000.000000093	7.866778808200201e-13
9630000.000000093	0.0
9640000.000000093	1.4276856939649654e-13
9650000.000000093	0.0
9660000.000000093	3.2535034195510157e-12
9670000.000000093	0.0
9680000.000000093	1.1528593249026484e-13
9690000.000000093	0.0
9700000.000000093	5006.743883454295
9710000.000000093	0.0
9720000.000000093	1.1507337646302165e-13
9730000.000000093	0.0
9740000.000000093	4.203306205984703e-12
9750000.000000093	0.0
9760000.000000095	1.419803297388108e-13
9770000.000000095	0.0
9780000.000000095	2.34651670110564e-12
9790000.000000095	0.0
9800000.000000095	0.0
9810000.000000095	0.0
9820000.000000095	6.433773674422493e-13
9830000.000000095	0.0
9840000.000000095	1.4147745087402334e-13
9850000.000000095	0.0
9860000.000000095	2.283487774940524e-12
9870000.000000095	0.0
9880000.000000095	1.1425964228457488e-13
9890000.000000095	0.0
9900000.000000095	4962.526038969193
9910000.000000095	0.0
9920000.000000095	1.1406518349295163e-13
9930000.000000095	0.0
9940000.000000095	2.7827822098880294e-12
9950000.000000095	0.0
9960000.000000097	1.4075632346702828e-13
9970000.000000097	0.0
9980000.000000097	1.8315338578990766e-12
9990000.000000097	0.0
10000000.000000097	0.0
10010000.000000097	0.0
10020000.000000097	9.93151811269466e-13
10030000.000000097	0.0
10040000.000000097	1.402972959358619e-13
10050000.000000097	0.0
10060000.000000097	2.6053189171649164e-12
10070000.000000097	0.0
10080000.000000097	1.1332240848432955e-13
10090000.000000097	0.0
10100000.000000097	4922.1641183117545
10110000.000000097	0.0
10120000.000000097	1.1314534759880325e-13
10130000.000000097	0.0
10140000.000000097	6.850362558576228e-12
10150000.000000099	0.0
10160000.000000099	1.396406872032006e-13
10170000.000000099	0.0
10180000.000000099	6.716216708248136e-13
10190000.000000099	0.0
10200000.000000099	0.0
10210000.000000099	0.0
10220000.000000099	3.5287416888582866e-12
10230000.000000099	0.0
10240000.000000099	1.3922387630530855e-13
10250000.000000099	0.0
10260000.000000099	3.798792761270758e-12
10270000.000000099	0.0
10280000.000000099	1.1247088627641654e-13
10290000.000000099	0.0
10300000.000000099	4885.514355581011
10310000.000000099	0.0
10320000.000000099	1.1231059867719783e-13
10330000.000000099	0.0
10340000.0000001	1.369525814465175e-12
10350000.0000001	0.0
10360000.0000001	1.386294697511616e-13
10370000.0000001	0.0
10380000.0000001	2.15732624977717e-12
10390000.0000001	0.0
10400000.0000001	0.0
10410000.0000001	0.0
10420000.0000001	2.3752253670874176e-12
10430000.0000001	0.0
10440000.0000001	1.3825341827806377e-13
10450000.0000001	0.0
10460000.0000001	2.6160236638214155e-12
10470000.0000001	0.0
10480000.0000001	1.1170209280855158e-13
10490000.0000001	0.0
10500000.0000001	4852.448595661501
10510000.0000001	0.0
10520000.0000001	1.1155802294978506e-13
10530000.000000102	0.0
10540000.000000102	3.023168882743672e-12
10550000.000000102	0.0
10560000.000000102	1.3771915358358666e-13
10570000.000000102	0.0
10580000.000000102	2.851519451049567e-12
10590000.000000102	0.0
10600000.000000102	0.0
10610000.000000102	0.0
10620000.000000102	2.132613380091827e-12
10630000.000000102	0.0
10640000.000000102	1.3738256883311972e-13
10650000.000000102	0.0
10660000.000000102	1.607239216062968e-12
10670000.000000102	0.0
10680000.000000102	1.1101338053519459e-13
10690000.000000102	0.0
10700000.000000102	4822.853151869227
10710000.000000102	0.0
10720000.000000102	1.1088503705353359e-13
10730000.000000104	0.0
10740000.000000104	2.295915105654459e-12
10750000.000000104	0.0
10760000.000000104	1.3690662371394207e-13
10770000.000000104	0.0
10780000.000000104	1.783769922530114e-12
10790000.000000104	0.0
10800000.000000104	0.0
10810000.000000104	0.0
10820000.000000104	1.4663076492950015e-12
10830000.000000104	0.0
10840000.000000104	1.3660836623792682e-13
10850000.000000104	0.0
10860000.000000104	1.4958657254043533e-12
10870000.000000104	0.0
10880000.000000104	1.1040241411337848e-13
10890000.000000104	0.0
10900000.000000104	4796.627816087356
10910000.000000104	0.0
10920000.000000106	1.102893655978079e-13
10930000.000000106	0.0
10940000.000000106	3.5916492484212898e-12
10950000.000000106	0.0
10960000.000000106	1.3618914075434475e-13
10970000.000000106	0.0
10980000.000000106	1.19454051123095e-12
10990000.000000106	0.0
11000000.000000106	0.0
11010000.000000106	0.0
11020000.000000106	1.5953446115317198e-12
11030000.000000106	0.0
11040000.000000106	1.3592821465090144e-13
11050000.000000106	0.0
11060000.000000106	8.017210660641633e-13
11070000.000000106	0.0
11080000.000000106	1.0986715046005053e-13
11090000.000000106	0.0
11100000.000000106	4773.685004797005
11110000.000000108	0.0
11120000.000000108	1.0976902181303046e-13
11130000.000000108	0.0
11140000.000000108	4.561906852049215e-12
11150000.000000108	0.0
11160000.000000108	1.3556431771135334e-13
11170000.000000108	0.0
11180000.000000108	6.781801359997758e-13
11190000.000000108	0.0
11200000.000000108	0.0
11210000.000000108	0.0
11220000.000000108	1.6117235271434592e-12
11230000.000000108	0.0
11240000.000000108	1.3533986230343992e-13
11250000.000000108	0.0
11260000.000000108	6.234567506465209e-13
11270000.000000108	0.0
11280000.000000108	1.0940582164452945e-13
11290000.000000108	0.0
11300000.000000108	4753.94902706204
11310000.00000011	0.0
11320000.00000011	1.09322290975803e-13
11330000.00000011	0.0
11340000.00000011	5.125556241991457e-12
11350000.00000011	0.0
11360000.00000011	1.3503010014370836e-13
11370000.00000011	0.0
11380000.00000011	2.5141736039161324e-12
11390000.00000011	0.0
11400000.00000011	0.0
11410000.00000011	0.0
11420000.00000011	1.567098419489597e-12
11430000.00000011	0.0
11440000.00000011	1.3484138291133834e-13
11450000.00000011	0.0
11460000.00000011	1.9239908733809836e-12
11470000.00000011	0.0
11480000.00000011	1.0901692034284373e-13
11490000.00000011	0.0
11500000.000000112	4737.355462803704
11510000.000000112	0.0
11520000.000000112	1.0894771634699526e-13
11530000.000000112	0.0
11540000.000000112	1.2249377252659407e-12
11550000.000000112	0.0
11560000.000000112	1.3458474936800292e-13
11570000.000000112	0.0
11580000.000000112	6.859235898479502e-13
11590000.000000112	0.0
11600000.000000112	0.0
11610000.000000112	0.0
11620000.000000112	2.5950333106082472e-12
11630000.000000112	0.0
11640000.000000112	1.3443116002399403e-13
11650000.000000112	0.0
11660000.000000112	1.6102366296785215e-12
11670000.000000112	0.0
11680000.000000112	1.0869918762672483e-13
11690000.000000114	0.0
11700000.000000114	4723.85064167268
11710000.000000114	0.0
11720000.000000114	1.0864408740402773e-13
11730000.000000114	0.0
11740000.000000114	3.419371004936492e-13
11750000.000000114	0.0
11760000.000000114	1.3422682845205634e-13
11770000.000000114	0.0
11780000.000000114	8.796201678718547e-13
11790000.000000114	0.0
11800000.000000114	0.0
11810000.000000114	0.0
11820000.000000114	3.15047172803322e-12
11830000.000000114	0.0
11840000.000000114	1.3410787407076414e-13
11850000.000000114	0.0
11860000.000000114	1.7836492659299179e-12
11870000.000000114	0.0
11880000.000000114	1.0845160290021827e-13
11890000.000000115	0.0
11900000.000000115	4713.391214551292
11910000.000000115	0.0
11920000.000000115	1.0841043018775495e-13
11930000.000000115	0.0
11940000.000000115	5.052190082858416e-12
11950000.000000115	0.0
11960000.000000115	1.3395519078298306e-13
11970000.000000115	0.0
11980000.000000115	8.69996155029841e-13
11990000.000000115	0.0
12000000.000000115	1.7333821590515192e-12
12010000.000000115	0.0
12020000.000000115	3.130417473289419e-12
12030000.000000115	0.0
12040000.000000115	1.3387049190881346e-13
12050000.000000115	0.0
12060000.000000115	7.037247625347357e-13
12070000.000000115	0.0
12080000.000000117	1.08273375832377e-13
12090000.000000117	0.0
12100000.000000117	4705.9438112432435
12110000.000000117	0.0
12120000.000000117	1.082459996190469e-13
12130000.000000117	0.0
12140000.000000117	3.019452993239807e-12
12150000.000000117	0.0
12160000.000000117	1.337689710388646e-13
12170000.000000117	0.0
12180000.000000117	1.2384377031256682e-12
12190000.000000117	0.0
12200000.000000117	0.0
12210000.000000117	0.0
12220000.000000117	2.17995649800378e-12
12230000.000000117	0.0
12240000.000000117	1.3371825871689178e-13
12250000.000000117	0.0
12260000.000000117	1.0932708837560163e-12
12270000.00000012	0.0
12280000.00000012	1.0816394016631158e-13
12290000.00000012	0.0
12300000.00000012	4701.484779277691
12310000.00000012	0.0
12320000.00000012	1.0815027367133163e-13
12330000.00000012	0.0
12340000.00000012	2.8551180964177406e-12
12350000.00000012	0.0
12360000.00000012	1.336675784307008e-13
12370000.00000012	0.0
12380000.00000012	1.1879399451617286e-12
12390000.00000012	0.0
12400000.00000012	0.0
12410000.00000012	0.0
12420000.00000012	2.158641136136509e-12
12430000.00000012	0.0
12440000.00000012	1.3365069211591213e-13
12450000.00000012	0.0
12460000.00000012	1.8097055544334145e-12
12470000.000000121	0.0
12480000.000000121	1.0812294931378845e-13
12490000.000000121	0.0
12500000.000000121	4700.0
12490000.000000121	0.0
12480000.000000121	1.0812294931378837e-13
12470000.000000121	0.0
12460000.00000012	5.464028583956393e-12
12450000.00000012	0.0
12440000.00000012	1.3365069211591203e-13
12430000.00000012	0.0
12420000.00000012	1.8107351843047336e-12
12410000.00000012	0.0
12400000.00000012	0.0
12390000.00000012	0.0
12380000.00000012	1.3233869542760267e-12
12370000.00000012	0.0
12360000.00000012	1.3366757843070043e-13
12350000.00000012	0.0
12340000.00000012	1.7088858270128243e-12
12330000.00000012	0.0
12320000.00000012	1.081502736713313e-13
12310000.00000012	0.0
12300000.00000012	4701.4847792776945
12290000.00000012	0.0
12280000.00000012	1.0816394016631148e-13
12270000.00000012	0.0
12260000.000000117	3.4799375750231235e-12
12250000.000000117	0.0
12240000.000000117	1.3371825871689166e-13
12230000.000000117	0.0
12220000.000000117	2.2864250987679504e-12
12210000.000000117	0.0
12200000.000000117	0.0
12190000.000000117	0.0
12180000.000000117	1.0144334987012432e-12
12170000.000000117	0.0
12160000.000000117	1.3376897103886462e-13
12150000.000000117	0.0
12140000.000000117	1.74106643771977e-12
12130000.000000117	0.0
12120000.000000117	1.0824599961904687e-13
12110000.000000117	0.0
12100000.000000117	4705.943811243262
12090000.000000117	0.0
12080000.000000117	1.0827337583237714e-13
12070000.000000115	0.0
12060000.000000115	1.68856123445831e-12
12050000.000000115	0.0
12040000.000000115	1.338704919088129e-13
12030000.000000115	0.0
12020000.000000115	1.4805148839725546e-12
12010000.000000115	0.0
12000000.000000115	1.7333821590515192e-12
11990000.000000115	0.0
11980000.000000115	5.197284237301345e-13
11970000.000000115	0.0
11960000.000000115	1.3395519078298382e-13
11950000.000000115	0.0
11940000.000000115	1.9901990946698768e-12
11930000.000000115	0.0
11920000.000000115	1.0841043018775493e-13
11910000.000000115	0.0
11900000.000000115	4713.391214551291
11890000.000000115	0.0
11880000.000000114	1.0845160290021844e-13
11870000.000000114	0.0
11860000.000000114	5.105143556552005e-12
11850000.000000114	0.0
11840000.000000114	1.3410787407076467e-13
11830000.000000114	0.0
11820000.000000114	3.408012942733853e-13
11810000.000000114	0.0
11800000.000000114	0.0
11790000.000000114	0.0
11780000.000000114	5.47785922015806e-13
11770000.000000114	0.0
11760000.000000114	1.3422682845205654e-13
11750000.000000114	0.0
11740000.000000114	1.2490904486526017e-12
11730000.000000114	0.0
11720000.000000114	1.0864408740402783e-13
11710000.000000114	0.0
11700000.000000114	4723.850641672683
11690000.000000114	0.0
11680000.000000112	1.0869918762672468e-13
11670000.000000112	0.0
11660000.000000112	1.5895502645274794e-12
11650000.000000112	0.0
11640000.000000112	1.344311600239937e-13
11630000.000000112	0.0
11620000.000000112	2.8721234983041344e-12
11610000.000000112	0.0
11600000.000000112	0.0
11590000.000000112	0.0
11580000.000000112	4.587679343957137e-13
11570000.000000112	0.0
11560000.000000112	1.3458474936800292e-13
11550000.000000112	0.0
11540000.000000112	1.7574773604692867e-12
11530000.000000112	0.0
11520000.000000112	1.0894771634699512e-13
11510000.000000112	0.0
11500000.000000112	4737.3554628036845
11490000.00000011	0.0
11480000.00000011	1.0901692034284377e-13
11470000.00000011	0.0
11460000.00000011	2.5141559100037417e-12
11450000.00000011	0.0
11440000.00000011	1.3484138291133857e-13
11430000.00000011	0.0
11420000.00000011	2.1263571362600145e-12
11410000.00000011	0.0
11400000.00000011	0.0
11390000.00000011	0.0
11380000.00000011	2.2065691459823033e-12
11370000.00000011	0.0
11360000.00000011	1.350301001437084e-13
11350000.00000011	0.0
11340000.00000011	2.858374472993823e-12
11330000.00000011	0.0
11320000.00000011	1.0932229097580285e-13
11310000.00000011	0.0
11300000.000000108	4753.949027062049
11290000.000000108	0.0
11280000.000000108	1.0940582164452951e-13
11270000.000000108	0.0
11260000.000000108	5.966716744957503e-12
11250000.000000108	0.0
11240000.000000108	1.3533986230343965e-13
11230000.000000108	0.0
11220000.000000108	3.4009045383079224e-12
11210000.000000108	0.0
11200000.000000108	0.0
11190000.000000108	0.0
11180000.000000108	9.99352503853166e-13
11170000.000000108	0.0
11160000.000000108	1.3556431771135307e-13
11150000.000000108	0.0
11140000.000000108	4.221300777362021e-13
11130000.000000108	0.0
11120000.000000108	1.0976902181303025e-13
11110000.000000108	0.0
11100000.000000106	4773.6850047970065
11090000.000000106	0.0
11080000.000000106	1.0986715046005077e-13
11070000.000000106	0.0
11060000.000000106	5.25033753778561e-12
11050000.000000106	0.0
11040000.000000106	1.3592821465090058e-13
11030000.000000106	0.0
11020000.000000106	5.332309942854411e-12
11010000.000000106	0.0
11000000.000000106	0.0
10990000.000000106	0.0
10980000.000000106	4.1791100392642543e-13
10970000.000000106	0.0
10960000.000000106	1.3618914075434369e-13
10950000.000000106	0.0
10940000.000000106	1.6290361329982645e-12
10930000.000000106	0.0
10920000.000000106	1.1028936559780818e-13
10910000.000000104	0.0
10900000.000000104	4796.627816087337
10890000.000000104	0.0
10880000.000000104	1.1040241411337834e-13
10870000.000000104	0.0
10860000.000000104	5.7755962013379355e-12
10850000.000000104	0.0
10840000.000000104	1.366083662379268e-13
10830000.000000104	0.0
10820000.000000104	2.9850581571274873e-12
10810000.000000104	0.0
10800000.000000104	0.0
10790000.000000104	0.0
10780000.000000104	1.2414477377686792e-12
10770000.000000104	0.0
10760000.000000104	1.369066237139421e-13
10750000.000000104	0.0
10740000.000000104	9.436708479673869e-13
10730000.000000104	0.0
10720000.000000102	1.1088503705353336e-13
10710000.000000102	0.0
10700000.000000102	4822.853151869214
10690000.000000102	0.0
10680000.000000102	1.1101338053519446e-13
10670000.000000102	0.0
10660000.000000102	4.295651640752643e-12
10650000.000000102	0.0
10640000.000000102	1.373825688331195e-13
10630000.000000102	0.0
10620000.000000102	1.4833903204035756e-12
10610000.000000102	0.0
10600000.000000102	0.0
10590000.000000102	0.0
10580000.000000102	2.0764917612353483e-12
10570000.000000102	0.0
10560000.000000102	1.3771915358358674e-13
10550000.000000102	0.0
10540000.000000102	9.134357710505098e-13
10530000.000000102	0.0
10520000.0000001	1.1155802294978478e-13
10510000.0000001	0.0
10500000.0000001	4852.448595661493
10490000.0000001	0.0
10480000.0000001	1.1170209280855158e-13
10470000.0000001	0.0
10460000.0000001	5.540847493098787e-12
10450000.0000001	0.0
10440000.0000001	1.3825341827806374e-13
10430000.0000001	0.0
10420000.0000001	2.259511947344997e-12
10410000.0000001	0.0
10400000.0000001	0.0
10390000.0000001	0.0
10380000.0000001	2.1168887660135526e-12
10370000.0000001	0.0
10360000.0000001	1.3862946975116146e-13
10350000.0000001	0.0
10340000.0000001	2.117244938825594e-12
10330000.000000099	0.0
10320000.000000099	1.1231059867719788e-13
10310000.000000099	0.0
10300000.000000099	4885.514355581018
10290000.000000099	0.0
10280000.000000099	1.1247088627641665e-13
10270000.000000099	0.0
10260000.000000099	2.975026303203367e-12
10250000.000000099	0.0
10240000.000000099	1.3922387630530868e-13
10230000.000000099	0.0
10220000.000000099	2.0147858628874814e-12
10210000.000000099	0.0
10200000.000000099	0.0
10190000.000000099	0.0
10180000.000000099	1.816556979046928e-12
10170000.000000099	0.0
10160000.000000099	1.3964068720320045e-13
10150000.000000099	0.0
10140000.000000097	2.729388716994034e-12
10130000.000000097	0.0
10120000.000000097	1.1314534759880313e-13
10110000.000000097	0.0
10100000.000000097	4922.164118311765
10090000.000000097	0.0
10080000.000000097	1.1332240848432937e-13
10070000.000000097	0.0
10060000.000000097	5.532839611911305e-12
10050000.000000097	0.0
10040000.000000097	1.4029729593586195e-13
10030000.000000097	0.0
10020000.000000097	8.93574919739193e-13
10010000.000000097	0.0
10000000.000000097	0.0
9990000.000000097	0.0
9980000.000000097	1.2770016228531111e-12
9970000.000000097	0.0
9960000.000000097	1.4075632346702813e-13
9950000.000000095	0.0
9940000.000000095	1.5412358774536898e-12
9930000.000000095	0.0
9920000.000000095	1.1406518349295184e-13
9910000.000000095	0.0
9900000.000000095	4962.52603896919
9890000.000000095	0.0
9880000.000000095	1.1425964228457493e-13
9870000.000000095	0.0
9860000.000000095	2.2831650457098e-12
9850000.000000095	0.0
9840000.000000095	1.4147745087402278e-13
9830000.000000095	0.0
9820000.000000095	3.0671915047106936e-13
9810000.000000095	0.0
9800000.000000095	0.0
9790000.000000095	0.0
9780000.000000095	1.29800612628346e-12
9770000.000000095	0.0
9760000.000000095	1.4198032973881037e-13
9750000.000000093	0.0
9740000.000000093	1.8615277615496603e-12
9730000.000000093	0.0
9720000.000000093	1.150733764630214e-13
9710000.000000093	0.0
9700000.000000093	5006.743883454312
9690000.000000093	0.0
9680000.000000093	1.1528593249026504e-13
9670000.000000093	0.0
9660000.000000093	3.3907523042776635e-12
9650000.000000093	0.0
9640000.000000093	1.427685693964961e-13
9630000.000000093	0.0
9620000.000000093	1.2860453206111403e-12
9610000.000000093	0.0
9600000.000000093	0.0
9590000.000000093	0.0
9580000.000000093	1.79037302830842e-12
9570000.000000093	0.0
9560000.000000091	1.433171267298041e-13
9550000.000000091	0.0
9540000.000000091	2.755466886069172e-12
9530000.000000091	0.0
9520000.000000091	1.1617358275958096e-13
9510000.000000091	0.0
9500000.000000091	5054.978343004576
9490000.000000091	0.0
9480000.000000091	1.1640501654054066e-13
9470000.000000091	0.0
9460000.000000091	3.330196498595792e-12
9450000.000000091	0.0
9440000.000000091	1.4417537332570887e-13
9430000.000000091	0.0
9420000.000000091	1.6347820139409145e-12
9410000.000000091	0.0
9400000.000000091	0.0
9390000.000000091	0.0
9380000.000000091	1.4327099810504213e-12
9370000.00000009	0.0
9360000.00000009	1.4477164586255737e-13
9350000.00000009	0.0
9340000.00000009	2.6901074421031505e-12
9330000.00000009	0.0
9320000.00000009	1.1736987904388219e-13
9310000.00000009	0.0
9300000.00000009	5107.408544328886
9290000.00000009	0.0
9280000.00000009	1.176210597241826e-13
9270000.00000009	0.0
9260000.00000009	4.8207155061849614e-12
9250000.00000009	0.0
9240000.00000009	1.4570312278740032e-13
9230000.00000009	0.0
9220000.00000009	1.4823113182030306e-12
9210000.00000009	0.0
9200000.00000009	0.0
9190000.00000009	0.0
9180000.00000009	1.349822215847844e-12
9170000.000000088	0.0
9160000.000000088	1.4634937656678946e-13
9150000.000000088	0.0
9140000.000000088	3.052371088020993e-12
9130000.000000088	0.0
9120000.000000088	1.1866680172041863e-13
9110000.000000088	0.0
9100000.000000088	5164.233783086313
9090000.000000088	0.0
9080000.000000088	1.1893869561131675e-13
9070000.000000088	0.0
9060000.000000088	3.748971554159852e-12
9050000.000000088	0.0
9040000.000000088	1.4735766758366636e-13
9030000.000000088	0.0
9020000.000000088	1.3664234595616904e-12
9010000.000000088	0.0
9000000.000000088	0.0
8990000.000000088	0.0
8980000.000000086	2.1055030922750746e-12
8970000.000000086	0.0
8960000.000000086	1.4805642056549928e-13
8950000.000000086	0.0
8940000.000000086	1.9738818425184235e-12
8930000.000000086	0.0
8920000.000000086	1.2006939208438908e-13
8910000.000000086	0.0
8900000.000000086	5225.675513696016
8890000.000000086	0.0
8880000.000000086	1.2036307246536988e-13
8870000.000000086	0.0
8860000.000000086	4.372277685029651e-12
8850000.000000086	0.0
8840000.000000086	1.4914550616961528e-13
8830000.000000086	0.0
8820000.000000086	8.232726346538636e-13
8810000.000000086	0.0
8800000.000000086	0.0
8790000.000000084	0.0
8780000.000000084	1.381859592201079e-12
8770000.000000084	0.0
8760000.000000084	1.498995542108596e-13
8750000.000000084	0.0
8740000.000000084	1.9432703947769977e-12
8730000.000000084	0.0
8720000.000000084	1.2158324817177634e-13
8710000.000000084	0.0
8700000.000000084	5291.979634749471
8690000.000000084	0.0
8680000.000000084	1.2189990655467165e-13
8670000.000000084	0.0
8660000.000000084	7.766940586746276e-13
8650000.000000084	0.0
8640000.000000084	1.510738534107972e-13
8630000.000000084	0.0
8620000.000000084	7.48996173441657e-13
8610000.000000084	0.0
8600000.000000084	0.0
8590000.000000082	0.0
8580000.000000082	2.3052000523326783e-12
8570000.000000082	0.0
8560000.000000082	1.518863001332153e-13
8550000.000000082	0.0
8540000.000000082	2.0700332998923095e-12
8530000.000000082	0.0
8520000.000000082	1.2321458437102948e-13
8510000.000000082	0.0
8500000.000000082	5363.419116883537
8490000.000000082	0.0
8480000.000000082	1.2355554346109284e-13
8470000.000000082	0.0
8460000.000000082	2.9517945602950997e-12
8450000.000000082	0.0
8440000.000000082	1.5315071852714272e-13
8430000.000000082	0.0
8420000.000000082	2.5954482611185272e-12
8410000.000000082	0.0
8400000.00000008	0.0
8390000.00000008	0.0
8380000.000000081	1.442174681286651e-12
8370000.000000081	0.0
8360000.000000081	1.5402500971357726e-13
8350000.00000008	0.0
8340000.00000008	1.51439255699191e-12
8330000.00000008	0.0
8320000.00000008	1.2497030006316647e-13
8310000.00000008	0.0
8300000.00000008	5440.297029187859
8290000.00000008	0.0
8280000.00000008	1.2533702869922665e-13
8270000.00000008	0.0
8260000.00000008	8.79280361168641e-13
8250000.000000079	0.0
8240000.000000079	1.5538499490711192e-13
8230000.000000079	0.0
8220000.000000079	1.5008533529050092e-12
8210000.000000079	0.0
8200000.000000079	0.0
8190000.000000079	0.0
8180000.000000079	6.472994127348307e-13
8170000.000000079	0.0
8160000.000000078	1.5632495819096075e-13
8150000.000000078	0.0
8140000.000000078	1.9026555822429297e-12
8130000.000000078	0.0
8120000.000000078	1.268580588105605e-13
8110000.000000078	0.0
8100000.000000078	5522.95003145968
8090000.000000078	0.0
8080000.000000078	1.2725218922351824e-13
8070000.000000078	0.0
8060000.000000077	2.6806385485541636e-12
8050000.000000077	0.0
8040000.000000077	1.5778656381537455e-13
8030000.000000077	0.0
8020000.000000077	1.5582484495026391e-12
8010000.000000077	0.0
8000000.000000077	2.0489216015039798e-12
7990000.000000077	0.0
7980000.000000077	1.2407334208592525e-12
7970000.000000077	0.0
7960000.000000076	1.5879645458440453e-13
7950000.000000076	0.0
7940000.000000076	1.9925543198757026e-12
7930000.000000076	0.0
7920000.000000076	1.288863799253009e-13
7910000.000000076	0.0
7900000.000000076	5611.752413403971
7890000.000000076	0.0
7880000.000000076	1.2930972772445884e-13
7870000.000000075	0.0
7860000.000000075	1.1098085793058241e-12
7850000.000000075	0.0
7840000.000000075	1.6036641443446604e-13
7830000.000000075	0.0
7820000.000000075	1.991623428848786e-12
7810000.000000075	0.0
7800000.000000075	0.0
7790000.000000075	0.0
7780000.000000075	1.785918955813121e-12
7770000.0000000745	0.0
7760000.0000000745	1.614509690630368e-13
7750000.0000000745	0.0
7740000.0000000745	1.3032317168405348e-12
7730000.0000000745	0.0
7720000.0000000745	1.3106474463071217e-13
7710000.0000000745	0.0
7700000.0000000745	5707.120778867599
7690000.0000000745	0.0
7680000.0000000745	1.3151933201420649e-13
7670000.000000074	0.0
7660000.000000074	5.793191359742792e-13
7650000.000000074	0.0
7640000.000000074	1.6313678319578306e-13
7630000.000000074	0.0
7620000.000000074	9.98217656406587e-13
7610000.000000074	0.0
7600000.000000074	0.0
7590000.000000074	0.0
7580000.000000073	3.4211565688715493e-12
7570000.000000073	0.0
7560000.000000073	1.6430128095859258e-13
7550000.000000073	0.0
7540000.000000073	2.1682801855411336e-12
7530000.000000073	0.0
7520000.000000073	1.334037195035538e-13
7510000.000000073	0.0
7500000.000000073	5809.519494249008
7490000.000000073	0.0
7480000.000000072	1.3389180229697815e-13
7470000.000000072	0.0
7460000.000000072	1.2245852737670904e-12
7450000.000000072	0.0
7440000.000000072	1.661113159944605e-13
7430000.000000072	0.0
7420000.000000072	2.377625515804084e-12
7410000.000000072	0.0
7400000.000000072	0.0
7390000.000000071	0.0
7380000.000000071	8.640513727168772e-13
7370000.000000071	0.0
7360000.000000071	1.6736165131268436e-13
7350000.000000071	0.0
7340000.000000071	4.965600968074935e-13
7330000.000000071	0.0
7320000.000000071	1.359151004746061e-13
7310000.000000071	0.0
7300000.000000071	5919.467046458118
7290000.00000007	0.0
7280000.00000007	1.3643919973661478e-13
7270000.00000007	0.0
7260000.00000007	3.53297356492122e-12
7250000.00000007	0.0
7240000.00000007	1.693052576802487e-13
7230000.00000007	0.0
7220000.00000007	2.7819979540685885e-12
7210000.00000007	0.0
7200000.00000007	0.0
7190000.000000069	0.0
7180000.000000069	6.354655656636288e-13
7170000.000000069	0.0
7160000.000000069	1.7064802472407698e-13
7150000.000000069	0.0
7140000.000000069	3.0721724479419177e-12
7130000.000000069	0.0
7120000.000000069	1.38612081404446e-13
7110000.000000069	0.0
7100000.000000068	6037.543488668648
7090000.000000068	0.0
7080000.000000068	1.3917502050738138e-13
7070000.000000068	0.0
7060000.000000068	2.704453494726688e-12
7050000.000000068	0.0
7040000.000000068	1.7273567421782804e-13
7030000.000000068	0.0
7020000.000000068	2.4073104504685405e-12
7010000.000000068	0.0
7000000.000000067	2.2452069987556612e-12
6990000.000000067	0.0
6980000.000000067	1.850733167247413e-12
6970000.000000067	0.0
6960000.000000067	1.741782663596562e-13
6950000.000000067	0.0
6940000.000000067	1.5296215542113691e-12
6930000.000000067	0.0
6920000.000000067	1.4150945218231118e-13
6910000.000000067	0.0
6900000.000000066	6164.399193540556
6890000.000000066	0.0
6880000.000000066	1.4211440048988808e-13
6870000.000000066	0.0
6860000.000000066	1.2348539499208378e-12
6850000.000000066	0.0
6840000.000000066	1.7642171417440177e-13
6830000.000000066	0.0
6820000.000000066	1.811392644362305e-12
6810000.000000065	0.0
6800000.000000065	0.0
6790000.000000065	0.0
6780000.000000065	2.0901021747425128e-12
6770000.000000065	0.0
6760000.000000065	1.7797244138334604e-13
6750000.000000065	0.0
6740000.000000065	1.9130333246168355e-12
6730000.000000065	0.0
6720000.000000065	1.4462383247619603e-13
6710000.000000064	0.0
6700000.000000064	6300.7651861425675
6690000.000000064	0.0
6680000.000000064	1.4527435701254777e-13
6670000.000000064	0.0
6660000.000000064	3.844857696369591e-12
6650000.000000064	0.0
6640000.000000064	1.8038491779935238e-13
6630000.000000064	0.0
6620000.000000064	2.190951536837929e-12
6610000.000000063	0.0
6600000.000000063	0.0
6590000.000000063	0.0
6580000.000000063	1.253620219901854e-12
6570000.000000063	0.0
6560000.000000063	1.8205314582913217e-13
6550000.000000063	0.0
6540000.000000063	7.876327200141445e-13
6530000.000000063	0.0
6520000.000000062	1.4797394876821413e-13
6510000.000000062	0.0
6500000.000000062	6447.465395905115
6490000.000000062	0.0
6480000.000000062	1.486740756213408e-13
6470000.000000062	0.0
6460000.000000062	3.5947276849357473e-13
6450000.000000062	0.0
6440000.000000062	1.8464958401653367e-13
6430000.000000062	0.0
6420000.0000000615	2.5842956274574475e-12
6410000.0000000615	0.0
6400000.0000000615	0.0
6390000.0000000615	0.0
6380000.0000000615	1.2622346393820805e-12
6370000.0000000615	0.0
6360000.0000000615	1.864459002174437e-13
6350000.0000000615	0.0
6340000.0000000615	1.0194803818439072e-12
6330000.0000000615	0.0
6320000.000000061	1.515809642437961e-13
6310000.000000061	0.0
6300000.000000061	6605.431253192924
6290000.000000061	0.0
6280000.000000061	1.523352518963469e-13
6270000.000000061	0.0
6260000.000000061	2.462026735008938e-12
6250000.000000061	0.0
6240000.000000061	1.8924320829836243e-13
6230000.00000006	0.0
6220000.00000006	2.0544066881568877e-12
6210000.00000006	0.0
6200000.00000006	0.0
6190000.00000006	0.0
6180000.00000006	1.0586470732530041e-12
6170000.00000006	0.0
6160000.00000006	1.911796201512394e-13
6150000.00000006	0.0
6140000.00000006	1.068289693769859e-12
6130000.000000059	0.0
6120000.000000059	1.5546887360668398e-13
6110000.000000059	0.0
6100000.000000059	6775.719167794733
6090000.000000059	0.0
6080000.000000059	1.5628250097170765e-13
6070000.000000059	0.0
6060000.000000059	5.834098000840579e-12
6050000.000000059	0.0
6040000.000000059	1.9419700782855175e-13
6030000.000000058	0.0
6020000.000000058	2.715800338088688e-12
6010000.000000058	0.0
6000000.000000058	0.0
5990000.000000058	0.0
5980000.000000058	1.482446283058706e-12
5970000.000000058	0.0
5960000.000000058	1.962871819520638e-13
5950000.000000058	0.0
5940000.000000057	2.8968846713337012e-12
5930000.000000057	0.0
5920000.000000057	1.5966497815600687e-13
5910000.000000057	0.0
5900000.000000057	6959.53157240619
5890000.000000057	0.0
5880000.000000057	1.6054385086129794e-13
5870000.000000057	0.0
5860000.000000057	2.845877653687361e-12
5850000.000000057	0.0
5840000.000000056	1.9954655485734937e-13
5830000.000000056	0.0
5820000.000000056	2.7313926332669824e-12
5810000.000000056	0.0
5800000.000000056	0.0
5790000.000000056	0.0
5780000.000000056	1.1502232068820035e-12
5770000.000000056	0.0
5760000.000000056	2.018061064150273e-13
5750000.000000056	0.0
5740000.000000055	1.0006468802287306e-12
5730000.000000055	0.0
5720000.000000055	1.642004607531811e-13
5710000.000000055	0.0
5700000.000000055	7158.242405990288
5690000.000000055	0.0
5680000.000000055	1.651513402297835e-13
5670000.000000055	0.0
5660000.000000055	3.249467561177436e-12
5650000.000000054	0.0
5640000.000000054	2.0533254508519325e-13
5630000.000000054	0.0
5620000.000000054	1.6486222829916974e-12
5610000.000000054	0.0
5600000.000000054	0.0
5590000.000000054	0.0
5580000.000000054	2.547885785326241e-12
5570000.000000054	0.0
5560000.000000054	2.0777939040494726e-13
5550000.000000053	0.0
5540000.000000053	8.820892842583149e-13
5530000.000000053	0.0
5520000.000000053	1.6911108599701833e-13
5510000.000000053	0.0
5500000.000000053	7373.428166475226
5490000.000000053	0.0
5480000.000000053	1.70141747276383e-13
5470000.000000053	0.0
5460000.000000053	4.290172449114408e-12
5450000.000000052	0.0
5440000.000000052	2.1160173580541451e-13
5430000.000000052	0.0
5420000.000000052	1.165882610157126e-12
5410000.000000052	0.0
5400000.000000052	0.0
5390000.000000052	0.0
5380000.000000052	1.3339572509411762e-12
5370000.000000052	0.0
5360000.000000051	2.1425652488989138e-13
5350000.000000051	0.0
5340000.000000051	1.143515631309525e-12
5330000.000000051	0.0
5320000.000000051	1.7443805854139513e-13
5310000.000000051	0.0
5300000.000000051	7606.9060032781845
5290000.000000051	0.0
5280000.000000051	1.755574844810261e-13
5270000.000000051	0.0
5260000.00000005	6.15059514172691e-12
5250000.00000005	0.0
5240000.00000005	2.1840809914302914e-13
5230000.00000005	0.0
5220000.00000005	1.6928424830417274e-12
5210000.00000005	0.0
5200000.00000005	0.0
5190000.00000005	0.0
5180000.00000005	1.7140821516376982e-12
5170000.00000005	0.0
5160000.000000049	2.2129474997788423e-13
5150000.000000049	0.0
5140000.000000049	1.5986003656659499e-12
5130000.000000049	0.0
5120000.000000049	1.802290827831157e-13
5110000.000000049	0.0
5100000.000000049	7860.780781530708
5090000.000000049	0.0
5080000.000000049	1.8144770490868245e-13
5070000.000000048	0.0
5060000.000000048	1.2649504656023183e-12
5050000.000000048	0.0
5040000.000000048	2.2581425012099892e-13
5030000.000000048	0.0
5020000.000000048	2.6323009445206273e-12
5010000.000000048	0.0
5000000.000000048	0.0
4990000.000000048	0.0
4980000.000000048	2.27748930111251e-12
4970000.0000000475	0.0
4960000.0000000475	2.2896061383558495e-13
4950000.0000000475	0.0
4940000.0000000475	2.1448463749243065e-12
4930000.0000000475	0.0
4920000.0000000475	1.8653968120661684e-13
4910000.0000000475	0.0
4900000.0000000475	8137.503680750982
4890000.0000000475	0.0
4880000.0000000475	1.8786968075110104e-13
4870000.000000047	0.0
4860000.000000047	1.2800213741576771e-12
4850000.000000047	0.0
4840000.000000047	2.338932290327404e-13
4830000.000000047	0.0
4820000.000000047	2.0995328906691625e-12
4810000.000000047	0.0
4800000.000000047	0.0
4790000.000000047	0.0
4780000.000000046	8.991299923202815e-13
4770000.000000046	0.0
4760000.000000046	2.37331924849527e-13
4750000.000000046	0.0
4740000.000000046	2.503998458012539e-12
4730000.000000046	0.0
4720000.000000046	1.9343484809256557e-13
4710000.000000046	0.0
4700000.000000046	8439.94576318408
4690000.000000046	0.0
4680000.000000045	1.9489053553138784e-13
4670000.000000045	0.0
4660000.000000045	3.2530168833675576e-12
4650000.000000045	0.0
4640000.000000045	2.427307450075679e-13
4630000.000000045	0.0
4620000.000000045	1.5289923698197365e-12
4610000.000000045	0.0
4600000.000000045	0.0
4590000.000000045	0.0
4580000.000000044	1.82570110628277e-12
4570000.000000044	0.0
4560000.000000044	2.465002177465081e-13
4550000.000000044	0.0
4540000.000000044	2.8665339087587927e-12
4530000.000000044	0.0
4520000.000000044	2.009911424514445e-13
4510000.000000044	0.0
4500000.000000044	8771.491168492663
4490000.000000043	0.0
4480000.000000043	2.0258944047853683e-13
4470000.000000043	0.0
4460000.000000043	1.820806601654264e-12
4450000.000000043	0.0
4440000.000000043	2.524280261749059e-13
4430000.000000043	0.0
4420000.000000043	1.8564206468471363e-12
4410000.000000043	0.0
4400000.000000043	0.0
4390000.000000042	0.0
4380000.000000042	1.3089946176224816e-12
4370000.000000042	0.0
4360000.000000042	2.565738986907251e-13
4350000.000000042	0.0
4340000.000000042	6.673000025006879e-13
4330000.000000042	0.0
4320000.000000042	2.0929936251142847e-13
4310000.000000042	0.0
4300000.000000042	9136.156324245849
4290000.000000041	0.0
4280000.000000041	2.110604268911121e-13
4270000.000000041	0.0
4260000.000000041	4.1339873736147875e-12
4250000.000000041	0.0
4240000.000000041	2.631054767044851e-13
4230000.000000041	0.0
4220000.000000041	2.2052182765356947e-12
4210000.000000041	0.0
4200000.00000004	0.0
4190000.0000000405	0.0
4180000.0000000405	1.0343269894410639e-12
4170000.00000004	0.0
4160000.00000004	2.676822978448884e-13
4150000.00000004	0.0
4140000.00000004	2.1383251611888693e-12
4130000.00000004	0.0
4120000.0000000396	2.1846799936435273e-13
4110000.0000000396	0.0
4100000.0000000396	9538.744055142644
4090000.0000000396	0.0
4080000.000000039	2.2041602584730824e-13
4070000.000000039	0.0
4060000.000000039	7.425448018055388e-12
4050000.000000039	0.0
4040000.000000039	2.74907420318782e-13
4030000.0000000386	0.0
4020000.0000000386	1.1607924723070474e-12
4010000.0000000386	0.0
4000000.0000000386	0.0
3990000.0000000386	0.0
3980000.000000038	2.1683111805353807e-12
3970000.000000038	0.0
3960000.000000038	2.7998095020184285e-13
3950000.000000038	0.0
3940000.000000038	3.251717495892191e-12
3930000.0000000377	0.0
3920000.0000000377	2.2862774802924787e-13
3910000.0000000377	0.0
3900000.0000000377	9985.045118231863
3890000.0000000377	0.0
3880000.0000000373	2.3079203377721113e-13
3870000.0000000373	0.0
3860000.0000000373	4.651614657563405e-12
3850000.0000000373	0.0
3840000.0000000373	2.880083263735904e-13
3830000.000000037	0.0
3820000.000000037	1.1544593363278654e-12
3810000.000000037	0.0
3800000.000000037	0.0
3790000.0000000363	0.0
3780000.0000000363	2.092819557108896e-12
3770000.0000000363	0.0
3760000.0000000363	2.936585620078854e-13
3750000.0000000363	0.0
3740000.000000036	1.8365557982876457e-12
3730000.000000036	0.0
3720000.000000036	2.39937473875363e-13
3710000.000000036	0.0
3700000.000000036	10482.105108627144
3690000.0000000354	0.0
3680000.0000000354	2.423538322035537e-13
3670000.0000000354	0.0
3660000.0000000354	3.0235502066430973e-12
3650000.0000000354	0.0
3640000.000000035	3.0262108871191143e-13
3630000.000000035	0.0
3620000.000000035	1.464308902747368e-12
3610000.000000035	0.0
3600000.000000035	0.0
3590000.0000000345	0.0
3580000.0000000345	1.8374320814656744e-12
3570000.0000000345	0.0
3560000.0000000345	3.0894632563772955e-13
3550000.000000034	0.0
3540000.000000034	2.2599881179675767e-12
3530000.000000034	0.0
3520000.000000034	2.5259221323024897e-13
3510000.000000034	0.0
3500000.0000000335	11038.582883455456
3490000.0000000335	0.0
3480000.0000000335	2.553048868806311e-13
3470000.0000000335	0.0
3460000.0000000335	3.89716434575651e-12
3450000.000000033	0.0
3440000.000000033	3.190081927092331e-13
3430000.000000033	0.0
3420000.000000033	1.6997540490645302e-12
3410000.000000033	0.0
3400000.0000000326	0.0
3390000.0000000326	0.0
3380000.0000000326	1.6639748969584391e-12
3370000.0000000326	0.0
3360000.0000000326	3.261305614298778e-13
3350000.000000032	0.0
3340000.000000032	9.951661146158933e-13
3330000.000000032	0.0
3320000.000000032	2.6683406595147993e-13
3310000.000000032	0.0
3300000.0000000317	11665.239329510723
3290000.0000000317	0.0
3280000.0000000317	2.698983565520668e-13
3270000.0000000317	0.0
3260000.000000031	2.0189596760422035e-12
3250000.000000031	0.0
3240000.000000031	3.374970184815282e-13
3230000.000000031	0.0
3220000.000000031	1.8656624689393476e-12
3210000.0000000307	0.0
3200000.0000000307	0.0
3190000.0000000307	0.0
3180000.0000000307	2.0297934019692908e-12
3170000.0000000307	0.0
3160000.0000000303	3.4557016043969096e-13
3150000.0000000303	0.0
3140000.0000000303	1.022886880031674e-12
3130000.0000000303	0.0
3120000.0000000303	2.8296727762797774e-13
3110000.00000003	0.0
3100000.00000003	12375.615339075963
3090000.00000003	0.0
3080000.00000003	2.8645322478053824e-13
3070000.00000003	0.0
3060000.0000000293	2.5861292370932404e-12
3050000.0000000293	0.0
3040000.0000000293	3.585011850554614e-13
3030000.0000000293	0.0
3020000.0000000293	2.2912665245455618e-12
3010000.000000029	0.0
3000000.000000029	4.699392400473608e-12
2990000.000000029	0.0
2980000.000000029	9.34539816173672e-13
2970000.0000000284	0.0
2960000.0000000284	3.6772109880231846e-13
2950000.0000000284	0.0
2940000.0000000284	1.3634307080762916e-12
2930000.0000000284	0.0
2920000.000000028	3.0137952012763286e-13
2910000.000000028	0.0
2900000.000000028	13186.990335362418
2890000.000000028	0.0
2880000.000000028	3.0537715355522907e-13
2870000.0000000275	0.0
2860000.0000000275	2.362091755057052e-12
2850000.0000000275	0.0
2840000.0000000275	3.825509134278744e-13
2830000.0000000275	0.0
2820000.000000027	1.9128797321544746e-12
2810000.000000027	0.0
2800000.000000027	0.0
2790000.000000027	0.0
2780000.000000027	3.1286019326936963e-12
2770000.0000000265	0.0
2760000.0000000265	3.931716107419923e-13
2750000.0000000265	0.0
2740000.0000000265	1.711021701329856e-12
2730000.0000000265	0.0
2720000.000000026	3.2257256080688586e-13
2710000.000000026	0.0
2700000.000000026	14121.766817319192
2690000.000000026	0.0
2680000.0000000256	3.2719957004382126e-13
2670000.0000000256	0.0
2660000.0000000256	1.3656130427292442e-12
2650000.0000000256	0.0
2640000.0000000256	4.1033719124704143e-13
2630000.000000025	0.0
2620000.000000025	1.3320269066256593e-12
2610000.000000025	0.0
2600000.000000025	0.0
2590000.000000025	0.0
2580000.0000000247	2.5371176175808336e-12
2570000.0000000247	0.0
2560000.0000000247	4.2269384916316746e-13
2550000.0000000247	0.0
2540000.0000000247	1.4557864010276204e-12
2530000.000000024	0.0
2520000.000000024	3.472075362960937e-13
2510000.000000024	0.0
2500000.000000024	15209.519494249003
2490000.000000024	0.0
2480000.0000000237	3.526207632547045e-13
2470000.0000000237	0.0
2460000.0000000237	3.0836450687741537e-12
2450000.0000000237	0.0
2440000.0000000237	4.427776580673094e-13
2430000.0000000233	0.0
2420000.0000000233	1.5838003320192426e-12
2410000.0000000233	0.0
2400000.0000000233	0.0
2390000.000000023	0.0
2380000.000000023	1.9448775561221607e-12
2370000.000000023	0.0
2360000.000000023	4.573218145807564e-13
2350000.000000023	0.0
2340000.0000000224	7.690885168168964e-13
2330000.0000000224	0.0
2320000.0000000224	3.761736439573532e-13
2310000.0000000224	0.0
2300000.0000000224	16490.113542747305
2290000.000000022	0.0
2280000.000000022	3.825868212466464e-13
2270000.000000022	0.0
2260000.000000022	3.775171324059926e-12
2250000.000000022	0.0
2240000.0000000214	4.811177865239333e-13
2230000.0000000214	0.0
2220000.0000000214	8.005594170547695e-13
2210000.0000000214	0.0
2200000.0000000214	0.0
2190000.000000021	0.0
2180000.000000021	1.6567478085675395e-12
2170000.000000021	0.0
2160000.000000021	4.984725781532495e-13
2150000.000000021	0.0
2140000.0000000205	1.7804799135092739e-12
2130000.0000000205	0.0
2120000.0000000205	4.1069571550613944e-13
2110000.0000000205	0.0
2100000.00000002	18018.60473377447
2090000.0000000203	0.0
2080000.00000002	4.1840780155276697e-13
2070000.00000002	0.0
2060000.0000000198	4.6511609693951965e-12
2050000.0000000198	0.0
2040000.0000000196	5.270915821068798e-13
2030000.0000000196	0.0
2020000.0000000196	2.0557720626840326e-12
2010000.0000000193	0.0
2000000.0000000193	6.956301058463797e-12
1990000.000000019	0.0
1980000.000000019	1.8951696121432776e-12
1970000.000000019	0.0
1960000.0000000189	5.481417231663969e-13
1950000.0000000189	0.0
1940000.0000000186	4.907125334793364e-13
1930000.0000000186	0.0
1920000.0000000186	4.525090243651852e-13
1910000.0000000184	0.0
1900000.0000000184	19873.23438639579
1890000.0000000182	0.0
1880000.0000000182	4.619513297563008e-13
1870000.000000018	0.0
1860000.000000018	5.938087079600782e-12
1850000.000000018	0.0
1840000.0000000177	5.831870874125841e-13
1830000.0000000177	0.0
1820000.0000000175	9.481920302438834e-13
1810000.0000000175	0.0
1800000.0000000175	0.0
1790000.0000000172	0.0
1780000.0000000172	2.024100800908701e-12
1770000.000000017	0.0
1760000.000000017	6.092320423597076e-13
1750000.0000000168	0.0
1740000.0000000168	1.769250041338101e-12
1730000.0000000168	0.0
1720000.0000000165	5.041560518721186e-13
1710000.0000000165	0.0
1700000.0000000163	22169.067828564683
1690000.0000000163	0.0
1680000.0000000163	5.159744830018776e-13
1670000.000000016	0.0
1660000.000000016	4.110814155651995e-12
1650000.0000000158	0.0
1640000.0000000158	6.531061580992449e-13
1630000.0000000156	0.0
1620000.0000000156	3.960673070945402e-12
1610000.0000000156	0.0
1600000.0000000154	0.0
1590000.0000000154	0.0
1580000.0000000151	1.4595707052125291e-12
1570000.0000000151	0.0
1560000.0000000151	6.861350796608941e-13
1550000.000000015	0.0
1540000.000000015	2.021340976565605e-12
1530000.0000000147	0.0
1520000.0000000147	5.695175428544935e-13
1510000.0000000147	0.0
1500000.0000000144	25082.543637774546
1490000.0000000144	0.0
1480000.0000000142	5.847247685068738e-13
1470000.0000000142	0.0
1460000.000000014	2.28704024983496e-12
1450000.000000014	0.0
1440000.000000014	7.426073858010773e-13
1430000.0000000137	0.0
1420000.0000000137	2.2889097491291154e-12
1410000.0000000135	0.0
1400000.0000000135	0.0
1390000.0000000135	0.0
1380000.0000000133	1.1123081843193483e-12
1370000.0000000133	0.0
1360000.000000013	7.858257973244249e-13
1350000.000000013	0.0
1340000.0000000128	1.6663944741496798e-12
1330000.0000000128	0.0
1320000.0000000128	6.548263392854111e-13
1310000.0000000126	0.0
1300000.0000000126	28898.68373177876
1290000.0000000123	0.0
1280000.0000000123	6.751045197193018e-13
1270000.0000000123	0.0
1260000.000000012	1.944772691479309e-12
1250000.000000012	0.0
1240000.0000000119	8.611647532654932e-13
1230000.0000000119	0.0
1220000.0000000119	2.9650617047352706e-13
1210000.0000000116	0.0
1200000.0000000116	0.0
1190000.0000000114	0.0
1180000.0000000114	1.015873084036143e-12
1170000.0000000112	0.0
1160000.0000000112	9.20089657742477e-13
1150000.0000000112	0.0
1140000.000000011	1.3130953864182312e-12
1130000.000000011	0.0
1120000.0000000107	7.707674646102654e-13
1110000.0000000107	0.0
1100000.0000000107	34109.80539083797
1090000.0000000105	0.0
1080000.0000000105	7.991290663203732e-13
1070000.0000000102	0.0
1060000.0000000102	2.180487412916865e-12
1050000.00000001	0.0
1040000.00000001	1.0255401227696015e-12
1030000.0000000099	0.0
1020000.0000000098	3.84843837531348e-12
1010000.0000000098	0.0
1000000.0000000097	0.0
990000.0000000095	0.0
980000.0000000094	2.651761518125367e-12
970000.0000000093	0.0
960000.0000000093	1.1105335579789468e-12
950000.0000000092	0.0
940000.0000000091	1.5602269663836445e-12
930000.000000009	0.0
920000.0000000088	9.373174488854046e-13
910000.0000000087	0.0
900000.0000000087	41645.84932672585
890000.0000000086	0.0
880000.0000000085	9.797369546317428e-13
870000.0000000084	0.0
860000.0000000083	3.383398049349598e-12
850000.0000000081	0.0
840000.0000000081	1.2684592799343089e-12
830000.000000008	0.0
820000.0000000079	3.755084582900217e-12
810000.0000000078	0.0
800000.0000000077	0.0
790000.0000000076	0.0
780000.0000000076	1.7673176253138872e-12
770000.0000000075	0.0
760000.0000000073	1.401508766765015e-12
750000.0000000072	0.0
740000.0000000071	2.9074552717502282e-12
730000.000000007	0.0
720000.000000007	1.1966491962954388e-12
710000.0000000069	0.0
700000.0000000068	53499.55589148139
690000.0000000066	0.0
680000.0000000065	1.266853498660024e-12
670000.0000000064	0.0
660000.0000000064	2.642245429318141e-12
650000.0000000063	0.0
640000.0000000062	1.6635555603525395e-12
630000.000000006	0.0
620000.0000000059	3.571168253140825e-12
610000.0000000059	0.0
600000.0000000058	0.0
590000.0000000057	0.0
580000.0000000056	1.870856274332722e-12
570000.0000000055	0.0
560000.0000000054	1.9007258700933643e-12
550000.0000000054	0.0
540000.0000000052	3.953035419445684e-12
530000.0000000051	0.0
520000.000000005	1.6558173168237076e-12
510000.0000000049	0.0
500000.00000000483	74852.06421657067
490000.0000000047	0.0
480000.00000000466	1.7936132094558504e-12
470000.00000000454	0.0
460000.0000000044	3.311698711236543e-12
450000.00000000437	0.0
440000.00000000425	2.4183415497846762e-12
430000.00000000413	0.0
420000.0000000041	3.4961976404624608e-12
410000.00000000396	0.0
400000.00000000384	0.0
390000.0000000038	0.0
380000.00000000367	7.406440558652297e-13
370000.00000000355	0.0
360000.0000000035	2.9552528699396523e-12
350000.0000000034	0.0
340000.00000000326	9.352009072467663e-12
330000.0000000032	0.0
320000.0000000031	2.6895134527270346e-12
310000.00000000297	0.0
300000.0000000029	124700.9079568402
290000.0000000028	0.0
280000.0000000027	3.07353549433941e-12
270000.0000000026	0.0
260000.0000000025	1.5049614512860153e-12
250000.00000000242	0.0
240000.00000000233	4.432039287034448e-12
230000.0000000022	0.0
220000.00000000212	3.946978581686895e-12
210000.00000000204	0.0
200000.00000000192	0.0
190000.00000000183	0.0
180000.00000000175	2.9700726397665375e-12
170000.00000000163	0.0
160000.00000000154	6.647499025935356e-12
150000.00000000146	0.0
140000.00000000134	9.148520936644215e-12
130000.00000000125	0.0
120000.00000000116	7.170374872491033e-12
110000.00000000106	0.0
100000.00000000096	374023.96010429057
90000.00000000087	0.0
80000.00000000077	1.0755335848598301e-11
70000.00000000067	0.0
60000.00000000058	1.121610215722973e-11
50000.00000000048	0.0
40000.000000000386	2.6588316563186908e-11
30000.00000000029	0.0
20000.000000000193	1.0249923432107806e-12
10000.000000000096	0.0
