-0.0004992	-360
-0.0004988	-368
-0.0004984	-360
-0.000498	-360
-0.0004976	-368
-0.0004972	-360
-0.0004968	-360
-0.0004964	-352
-0.000496	32
-0.0004956	56
-0.0004952	48
-0.0004948	48
-0.0004944	48
-0.000494	56
-0.0004936	48
-0.0004932	48
-0.0004928	48
-0.0004924	48
-0.000492	-200
-0.0004916	-400
-0.0004912	-472
-0.0004908	-480
-0.0004904	-464
-0.00049	-464
-0.0004896	-464
-0.0004892	-472
-0.0004888	-456
-0.0004884	-464
-0.000488	-472
-0.0004876	-472
-0.0004872	-472
-0.0004868	-464
-0.0004864	-456
-0.000486	-464
-0.0004856	-464
-0.0004852	-456
-0.0004848	-448
-0.0004844	-448
-0.000484	-440
-0.0004836	-440
-0.0004832	-424
-0.0004828	-424
-0.0004824	-416
-0.000482	-416
-0.0004816	-416
-0.0004812	-408
-0.0004808	-408
-0.0004804	-408
-0.00048	-400
-0.0004796	-392
-0.0004792	-400
-0.0004788	-392
-0.0004784	-392
-0.000478	-400
-0.0004776	-392
-0.0004772	-384
-0.0004768	-384
-0.0004764	-392
-0.000476	-384
-0.0004756	-384
-0.0004752	-376
-0.0004748	-384
-0.0004744	-376
-0.000474	-376
-0.0004736	-376
-0.0004732	-376
-0.0004728	-368
-0.0004724	-368
-0.000472	-368
-0.0004716	-376
-0.0004712	-376
-0.0004708	-376
-0.0004704	-368
-0.00047	-376
-0.0004696	-368
-0.0004692	-376
-0.0004688	-368
-0.0004684	-384
-0.000468	-368
-0.0004676	-368
-0.0004672	-376
-0.0004668	-376
-0.0004664	-376
-0.000466	-368
-0.0004656	-376
-0.0004652	-368
-0.0004648	-368
-0.0004644	-368
-0.000464	-368
-0.0004636	-376
-0.0004632	-376
-0.0004628	-376
-0.0004624	-376
-0.000462	-368
-0.0004616	-360
-0.0004612	-368
-0.0004608	-360
-0.0004604	-368
-0.00046	-368
-0.0004596	-368
-0.0004592	-368
-0.0004588	-368
-0.0004584	-360
-0.000458	-368
-0.0004576	-360
-0.0004572	-368
-0.0004568	-368
-0.0004564	-368
-0.000456	-368
-0.0004556	-368
-0.0004552	-368
-0.0004548	-360
-0.0004544	-368
-0.000454	-360
-0.0004536	-360
-0.0004532	-360
-0.0004528	-360
-0.0004524	-368
-0.000452	-368
-0.0004516	-360
-0.0004512	-360
-0.0004508	-360
-0.0004504	-368
-0.00045	-352
-0.0004496	-360
-0.0004492	-352
-0.0004488	-368
-0.0004484	-368
-0.000448	-360
-0.0004476	-360
-0.0004472	-360
-0.0004468	-352
-0.0004464	-360
-0.000446	-352
-0.0004456	-360
-0.0004452	-360
-0.0004448	-360
-0.0004444	-360
-0.000444	-360
-0.0004436	-360
-0.0004432	-360
-0.0004428	-368
-0.0004424	-360
-0.000442	-360
-0.0004416	-360
-0.0004412	-368
-0.0004408	-368
-0.0004404	-360
-0.00044	-360
-0.0004396	-360
-0.0004392	-368
-0.0004388	-352
-0.0004384	-360
-0.000438	-352
-0.0004376	-368
-0.0004372	-368
-0.0004368	-360
-0.0004364	-368
-0.000436	-360
-0.0004356	-368
-0.0004352	-368
-0.0004348	-360
-0.0004344	-360
-0.000434	-368
-0.0004336	-352
-0.0004332	-360
-0.0004328	-360
-0.0004324	-360
-0.000432	-360
-0.0004316	-360
-0.0004312	-360
-0.0004308	-360
-0.0004304	-352
-0.00043	-360
-0.0004296	-360
-0.0004292	-360
-0.0004288	-352
-0.0004284	-352
-0.000428	-360
-0.0004276	-360
-0.0004272	-360
-0.0004268	-368
-0.0004264	-352
-0.000426	-360
-0.0004256	-360
-0.0004252	-376
-0.0004248	-360
-0.0004244	-360
-0.000424	-360
-0.0004236	-360
-0.0004232	-360
-0.0004228	-368
-0.0004224	-360
-0.000422	-360
-0.0004216	-368
-0.0004212	-360
-0.0004208	-360
-0.0004204	-360
-0.00042	-368
-0.0004196	-360
-0.0004192	-360
-0.0004188	-360
-0.0004184	-360
-0.000418	-360
-0.0004176	-352
-0.0004172	-352
-0.0004168	-368
-0.0004164	-360
-0.000416	-352
-0.0004156	-368
-0.0004152	-368
-0.0004148	-360
-0.0004144	-368
-0.000414	-360
-0.0004136	-360
-0.0004132	-368
-0.0004128	-368
-0.0004124	-368
-0.000412	-352
-0.0004116	-360
-0.0004112	-368
-0.0004108	-360
-0.0004104	-360
-0.00041	-360
-0.0004096	-360
-0.0004092	-360
-0.0004088	-360
-0.0004084	-368
-0.000408	-368
-0.0004076	-368
-0.0004072	-360
-0.0004068	-360
-0.0004064	-360
-0.000406	-352
-0.0004056	-360
-0.0004052	-368
-0.0004048	-360
-0.0004044	-368
-0.000404	-368
-0.0004036	-360
-0.0004032	-368
-0.0004028	-360
-0.0004024	-360
-0.000402	-360
-0.0004016	-360
-0.0004012	-368
-0.0004008	-368
-0.0004004	-368
-0.0004	-360
-0.0003996	-368
-0.0003992	-360
-0.0003988	-368
-0.0003984	-352
-0.000398	-368
-0.0003976	-360
-0.0003972	-360
-0.0003968	-360
-0.0003964	168
-0.000396	48
-0.0003956	32
-0.0003952	48
-0.0003948	40
-0.0003944	56
-0.000394	48
-0.0003936	48
-0.0003932	48
-0.0003928	56
-0.0003924	-80
-0.000392	-320
-0.0003916	-448
-0.0003912	-464
-0.0003908	-464
-0.0003904	-456
-0.00039	-464
-0.0003896	-464
-0.0003892	-464
-0.0003888	-464
-0.0003884	-464
-0.000388	-472
-0.0003876	-464
-0.0003872	-464
-0.0003868	-472
-0.0003864	-464
-0.000386	-464
-0.0003856	-464
-0.0003852	-448
-0.0003848	-448
-0.0003844	-440
-0.000384	-440
-0.0003836	-432
-0.0003832	-424
-0.0003828	-432
-0.0003824	-408
-0.000382	-408
-0.0003816	-408
-0.0003812	-400
-0.0003808	-408
-0.0003804	-400
-0.00038	-400
-0.0003796	-408
-0.0003792	-400
-0.0003788	-384
-0.0003784	-384
-0.000378	-384
-0.0003776	-392
-0.0003772	-384
-0.0003768	-384
-0.0003764	-376
-0.000376	-384
-0.0003756	-384
-0.0003752	-384
-0.0003748	-376
-0.0003744	-376
-0.000374	-384
-0.0003736	-384
-0.0003732	-384
-0.0003728	-368
-0.0003724	-376
-0.000372	-376
-0.0003716	-368
-0.0003712	-376
-0.0003708	-376
-0.0003704	-368
-0.00037	-368
-0.0003696	-376
-0.0003692	-368
-0.0003688	-376
-0.0003684	-376
-0.000368	-368
-0.0003676	-368
-0.0003672	-368
-0.0003668	-368
-0.0003664	-376
-0.000366	-368
-0.0003656	-368
-0.0003652	-368
-0.0003648	-368
-0.0003644	-368
-0.000364	-360
-0.0003636	-376
-0.0003632	-360
-0.0003628	-368
-0.0003624	-368
-0.000362	-360
-0.0003616	-368
-0.0003612	-368
-0.0003608	-368
-0.0003604	-360
-0.00036	-352
-0.0003596	-360
-0.0003592	-368
-0.0003588	-360
-0.0003584	-360
-0.000358	-360
-0.0003576	-360
-0.0003572	-360
-0.0003568	-368
-0.0003564	-368
-0.000356	-368
-0.0003556	-360
-0.0003552	-368
-0.0003548	-368
-0.0003544	-360
-0.000354	-368
-0.0003536	-352
-0.0003532	-352
-0.0003528	-368
-0.0003524	-360
-0.000352	-368
-0.0003516	-360
-0.0003512	-360
-0.0003508	-360
-0.0003504	-368
-0.00035	-368
-0.0003496	-360
-0.0003492	-360
-0.0003488	-360
-0.0003484	-360
-0.000348	-352
-0.0003476	-360
-0.0003472	-360
-0.0003468	-360
-0.0003464	-360
-0.000346	-368
-0.0003456	-360
-0.0003452	-360
-0.0003448	-360
-0.0003444	-368
-0.000344	-360
-0.0003436	-360
-0.0003432	-360
-0.0003428	-360
-0.0003424	-360
-0.000342	-360
-0.0003416	-352
-0.0003412	-368
-0.0003408	-360
-0.0003404	-368
-0.00034	-360
-0.0003396	-360
-0.0003392	-360
-0.0003388	-360
-0.0003384	-360
-0.000338	-360
-0.0003376	-360
-0.0003372	-360
-0.0003368	-360
-0.0003364	-352
-0.000336	-368
-0.0003356	-368
-0.0003352	-368
-0.0003348	-368
-0.0003344	-368
-0.000334	-352
-0.0003336	-360
-0.0003332	-352
-0.0003328	-360
-0.0003324	-360
-0.000332	-360
-0.0003316	-360
-0.0003312	-360
-0.0003308	-360
-0.0003304	-352
-0.00033	-360
-0.0003296	-360
-0.0003292	-360
-0.0003288	-360
-0.0003284	-360
-0.000328	-368
-0.0003276	-360
-0.0003272	-360
-0.0003268	-360
-0.0003264	-360
-0.000326	-360
-0.0003256	-360
-0.0003252	-368
-0.0003248	-360
-0.0003244	-360
-0.000324	-360
-0.0003236	-352
-0.0003232	-360
-0.0003228	-368
-0.0003224	-368
-0.000322	-368
-0.0003216	-352
-0.0003212	-360
-0.0003208	-368
-0.0003204	-360
-0.00032	-360
-0.0003196	-368
-0.0003192	-360
-0.0003188	-352
-0.0003184	-352
-0.000318	-360
-0.0003176	-360
-0.0003172	-360
-0.0003168	-352
-0.0003164	-360
-0.000316	-360
-0.0003156	-360
-0.0003152	-360
-0.0003148	-352
-0.0003144	-360
-0.000314	-360
-0.0003136	-368
-0.0003132	-360
-0.0003128	-368
-0.0003124	-360
-0.000312	-360
-0.0003116	-360
-0.0003112	-360
-0.0003108	-360
-0.0003104	-360
-0.00031	-360
-0.0003096	-360
-0.0003092	-368
-0.0003088	-368
-0.0003084	-368
-0.000308	-360
-0.0003076	-360
-0.0003072	-368
-0.0003068	-352
-0.0003064	-368
-0.000306	-352
-0.0003056	-376
-0.0003052	-360
-0.0003048	-360
-0.0003044	-368
-0.000304	-368
-0.0003036	-360
-0.0003032	-352
-0.0003028	-360
-0.0003024	-360
-0.000302	-368
-0.0003016	-368
-0.0003012	-368
-0.0003008	-368
-0.0003004	-360
-0.0003	-360
-0.0002996	-352
-0.0002992	-368
-0.0002988	-368
-0.0002984	-368
-0.000298	-360
-0.0002976	-368
-0.0002972	-360
-0.0002968	-352
-0.0002964	40
-0.000296	56
-0.0002956	48
-0.0002952	48
-0.0002948	40
-0.0002944	40
-0.000294	56
-0.0002936	56
-0.0002932	56
-0.0002928	48
-0.0002924	-200
-0.000292	-400
-0.0002916	-464
-0.0002912	-464
-0.0002908	-456
-0.0002904	-464
-0.00029	-472
-0.0002896	-464
-0.0002892	-472
-0.0002888	-464
-0.0002884	-464
-0.000288	-464
-0.0002876	-464
-0.0002872	-472
-0.0002868	-464
-0.0002864	-464
-0.000286	-464
-0.0002856	-448
-0.0002852	-440
-0.0002848	-440
-0.0002844	-432
-0.000284	-432
-0.0002836	-424
-0.0002832	-416
-0.0002828	-416
-0.0002824	-416
-0.000282	-408
-0.0002816	-408
-0.0002812	-408
-0.0002808	-400
-0.0002804	-408
-0.00028	-400
-0.0002796	-400
-0.0002792	-384
-0.0002788	-392
-0.0002784	-392
-0.000278	-376
-0.0002776	-384
-0.0002772	-384
-0.0002768	-384
-0.0002764	-384
-0.000276	-384
-0.0002756	-376
-0.0002752	-376
-0.0002748	-376
-0.0002744	-368
-0.000274	-376
-0.0002736	-376
-0.0002732	-376
-0.0002728	-384
-0.0002724	-368
-0.000272	-376
-0.0002716	-368
-0.0002712	-376
-0.0002708	-376
-0.0002704	-368
-0.00027	-368
-0.0002696	-368
-0.0002692	-384
-0.0002688	-376
-0.0002684	-368
-0.000268	-384
-0.0002676	-376
-0.0002672	-360
-0.0002668	-376
-0.0002664	-368
-0.000266	-376
-0.0002656	-376
-0.0002652	-360
-0.0002648	-368
-0.0002644	-376
-0.000264	-368
-0.0002636	-360
-0.0002632	-368
-0.0002628	-368
-0.0002624	-368
-0.000262	-360
-0.0002616	-368
-0.0002612	-368
-0.0002608	-368
-0.0002604	-368
-0.00026	-376
-0.0002596	-360
-0.0002592	-360
-0.0002588	-368
-0.0002584	-368
-0.000258	-360
-0.0002576	-368
-0.0002572	-368
-0.0002568	-368
-0.0002564	-360
-0.000256	-368
-0.0002556	-360
-0.0002552	-368
-0.0002548	-360
-0.0002544	-368
-0.000254	-360
-0.0002536	-360
-0.0002532	-360
-0.0002528	-360
-0.0002524	-368
-0.000252	-360
-0.0002516	-368
-0.0002512	-360
-0.0002508	-360
-0.0002504	-368
-0.00025	-360
-0.0002496	-368
-0.0002492	-360
-0.0002488	-360
-0.0002484	-360
-0.000248	-360
-0.0002476	-360
-0.0002472	-360
-0.0002468	-360
-0.0002464	-360
-0.000246	-360
-0.0002456	-368
-0.0002452	-360
-0.0002448	-360
-0.0002444	-360
-0.000244	-360
-0.0002436	-368
-0.0002432	-360
-0.0002428	-352
-0.0002424	-352
-0.000242	-360
-0.0002416	-352
-0.0002412	-360
-0.0002408	-368
-0.0002404	-368
-0.00024	-360
-0.0002396	-352
-0.0002392	-360
-0.0002388	-368
-0.0002384	-360
-0.000238	-360
-0.0002376	-368
-0.0002372	-360
-0.0002368	-368
-0.0002364	-360
-0.000236	-360
-0.0002356	-360
-0.0002352	-360
-0.0002348	-360
-0.0002344	-360
-0.000234	-360
-0.0002336	-360
-0.0002332	-368
-0.0002328	-368
-0.0002324	-360
-0.000232	-360
-0.0002316	-368
-0.0002312	-360
-0.0002308	-352
-0.0002304	-360
-0.00023	-360
-0.0002296	-376
-0.0002292	-360
-0.0002288	-368
-0.0002284	-352
-0.000228	-360
-0.0002276	-352
-0.0002272	-368
-0.0002268	-360
-0.0002264	-360
-0.000226	-368
-0.0002256	-352
-0.0002252	-360
-0.0002248	-360
-0.0002244	-360
-0.000224	-360
-0.0002236	-360
-0.0002232	-360
-0.0002228	-360
-0.0002224	-360
-0.000222	-368
-0.0002216	-368
-0.0002212	-360
-0.0002208	-360
-0.0002204	-352
-0.00022	-368
-0.0002196	-368
-0.0002192	-360
-0.0002188	-368
-0.0002184	-360
-0.000218	-360
-0.0002176	-368
-0.0002172	-368
-0.0002168	-360
-0.0002164	-368
-0.000216	-360
-0.0002156	-368
-0.0002152	-368
-0.0002148	-368
-0.0002144	-368
-0.000214	-360
-0.0002136	-360
-0.0002132	-360
-0.0002128	-360
-0.0002124	-360
-0.000212	-360
-0.0002116	-352
-0.0002112	-368
-0.0002108	-360
-0.0002104	-368
-0.00021	-360
-0.0002096	-360
-0.0002092	-352
-0.0002088	-360
-0.0002084	-360
-0.000208	-360
-0.0002076	-360
-0.0002072	-368
-0.0002068	-368
-0.0002064	-360
-0.000206	-360
-0.0002056	-360
-0.0002052	-360
-0.0002048	-360
-0.0002044	-368
-0.000204	-360
-0.0002036	-368
-0.0002032	-360
-0.0002028	-360
-0.0002024	-360
-0.000202	-376
-0.0002016	-360
-0.0002012	-376
-0.0002008	-368
-0.0002004	-360
-0.0002	-368
-0.0001996	-368
-0.0001992	-368
-0.0001988	-360
-0.0001984	-368
-0.000198	-360
-0.0001976	-376
-0.0001972	-352
-0.0001968	144
-0.0001964	40
-0.000196	40
-0.0001956	48
-0.0001952	48
-0.0001948	48
-0.0001944	56
-0.000194	48
-0.0001936	48
-0.0001932	48
-0.0001928	-104
-0.0001924	-328
-0.000192	-456
-0.0001916	-464
-0.0001912	-464
-0.0001908	-464
-0.0001904	-472
-0.00019	-456
-0.0001896	-472
-0.0001892	-472
-0.0001888	-472
-0.0001884	-472
-0.000188	-456
-0.0001876	-480
-0.0001872	-464
-0.0001868	-464
-0.0001864	-464
-0.000186	-448
-0.0001856	-456
-0.0001852	-448
-0.0001848	-440
-0.0001844	-424
-0.000184	-432
-0.0001836	-424
-0.0001832	-416
-0.0001828	-416
-0.0001824	-408
-0.000182	-400
-0.0001816	-400
-0.0001812	-392
-0.0001808	-408
-0.0001804	-392
-0.00018	-392
-0.0001796	-392
-0.0001792	-392
-0.0001788	-400
-0.0001784	-384
-0.000178	-400
-0.0001776	-400
-0.0001772	-392
-0.0001768	-384
-0.0001764	-368
-0.000176	-376
-0.0001756	-376
-0.0001752	-384
-0.0001748	-376
-0.0001744	-376
-0.000174	-376
-0.0001736	-384
-0.0001732	-384
-0.0001728	-384
-0.0001724	-368
-0.000172	-368
-0.0001716	-376
-0.0001712	-376
-0.0001708	-376
-0.0001704	-376
-0.00017	-376
-0.0001696	-368
-0.0001692	-368
-0.0001688	-368
-0.0001684	-368
-0.000168	-368
-0.0001676	-376
-0.0001672	-368
-0.0001668	-368
-0.0001664	-360
-0.000166	-360
-0.0001656	-368
-0.0001652	-352
-0.0001648	-368
-0.0001644	-360
-0.000164	-368
-0.0001636	-368
-0.0001632	-368
-0.0001628	-368
-0.0001624	-376
-0.000162	-368
-0.0001616	-368
-0.0001612	-368
-0.0001608	-360
-0.0001604	-368
-0.00016	-368
-0.0001596	-368
-0.0001592	-368
-0.0001588	-368
-0.0001584	-360
-0.000158	-368
-0.0001576	-360
-0.0001572	-368
-0.0001568	-368
-0.0001564	-368
-0.000156	-368
-0.0001556	-352
-0.0001552	-368
-0.0001548	-360
-0.0001544	-360
-0.000154	-360
-0.0001536	-352
-0.0001532	-352
-0.0001528	-352
-0.0001524	-360
-0.000152	-360
-0.0001516	-368
-0.0001512	-360
-0.0001508	-368
-0.0001504	-360
-0.00015	-360
-0.0001496	-368
-0.0001492	-344
-0.0001488	-360
-0.0001484	-360
-0.000148	-368
-0.0001476	-360
-0.0001472	-360
-0.0001468	-360
-0.0001464	-352
-0.000146	-352
-0.0001456	-368
-0.0001452	-360
-0.0001448	-368
-0.0001444	-360
-0.000144	-360
-0.0001436	-352
-0.0001432	-360
-0.0001428	-360
-0.0001424	-360
-0.000142	-360
-0.0001416	-360
-0.0001412	-368
-0.0001408	-360
-0.0001404	-360
-0.00014	-360
-0.0001396	-360
-0.0001392	-360
-0.0001388	-368
-0.0001384	-360
-0.000138	-368
-0.0001376	-360
-0.0001372	-360
-0.0001368	-360
-0.0001364	-368
-0.000136	-344
-0.0001356	-352
-0.0001352	-360
-0.0001348	-352
-0.0001344	-360
-0.000134	-360
-0.0001336	-360
-0.0001332	-360
-0.0001328	-360
-0.0001324	-352
-0.000132	-360
-0.0001316	-368
-0.0001312	-360
-0.0001308	-368
-0.0001304	-352
-0.00013	-352
-0.0001296	-352
-0.0001292	-360
-0.0001288	-352
-0.0001284	-352
-0.000128	-360
-0.0001276	-360
-0.0001272	-360
-0.0001268	-368
-0.0001264	-360
-0.000126	-360
-0.0001256	-360
-0.0001252	-352
-0.0001248	-360
-0.0001244	-352
-0.000124	-360
-0.0001236	-352
-0.0001232	-360
-0.0001228	-360
-0.0001224	-360
-0.000122	-360
-0.0001216	-368
-0.0001212	-352
-0.0001208	-368
-0.0001204	-368
-0.00012	-368
-0.0001196	-360
-0.0001192	-360
-0.0001188	-352
-0.0001184	-360
-0.000118	-360
-0.0001176	-368
-0.0001172	-368
-0.0001168	-368
-0.0001164	-360
-0.000116	-360
-0.0001156	-368
-0.0001152	-352
-0.0001148	-352
-0.0001144	-368
-0.000114	-352
-0.0001136	-360
-0.0001132	-360
-0.0001128	-368
-0.0001124	-360
-0.000112	-360
-0.0001116	-360
-0.0001112	-360
-0.0001108	-360
-0.0001104	-368
-0.00011	-360
-0.0001096	-352
-0.0001092	-368
-0.0001088	-360
-0.0001084	-368
-0.000108	-368
-0.0001076	-360
-0.0001072	-352
-0.0001068	-360
-0.0001064	-360
-0.000106	-368
-0.0001056	-368
-0.0001052	-352
-0.0001048	-360
-0.0001044	-360
-0.000104	-368
-0.0001036	-360
-0.0001032	-360
-0.0001028	-360
-0.0001024	-360
-0.000102	-360
-0.0001016	-360
-0.0001012	-360
-0.0001008	-368
-0.0001004	-360
-0.0001	-360
-9.96e-05	-360
-9.92e-05	-368
-9.88e-05	-360
-9.84e-05	-376
-9.8e-05	-368
-9.76e-05	-360
-9.72e-05	-336
-9.68e-05	56
-9.64e-05	64
-9.6e-05	56
-9.56e-05	48
-9.52e-05	48
-9.48e-05	48
-9.44e-05	56
-9.4e-05	48
-9.36e-05	40
-9.32e-05	40
-9.28e-05	-208
-9.24e-05	-416
-9.2e-05	-464
-9.16e-05	-456
-9.12e-05	-472
-9.08e-05	-456
-9.04e-05	-448
-9e-05	-472
-8.96e-05	-464
-8.92e-05	-472
-8.88e-05	-464
-8.84e-05	-464
-8.8e-05	-456
-8.76e-05	-464
-8.72e-05	-464
-8.68e-05	-464
-8.64e-05	-456
-8.6e-05	-456
-8.56e-05	-440
-8.52e-05	-448
-8.48e-05	-432
-8.44e-05	-432
-8.4e-05	-432
-8.36e-05	-424
-8.32e-05	-424
-8.28e-05	-424
-8.24e-05	-408
-8.2e-05	-408
-8.16e-05	-400
-8.12e-05	-400
-8.08e-05	-400
-8.04e-05	-392
-8e-05	-392
-7.96e-05	-400
-7.92e-05	-392
-7.88e-05	-392
-7.84e-05	-376
-7.8e-05	-392
-7.76e-05	-384
-7.72e-05	-384
-7.68e-05	-384
-7.64e-05	-376
-7.6e-05	-384
-7.56e-05	-376
-7.52e-05	-384
-7.48e-05	-384
-7.44e-05	-368
-7.4e-05	-376
-7.36e-05	-376
-7.32e-05	-376
-7.28e-05	-368
-7.24e-05	-376
-7.2e-05	-376
-7.16e-05	-376
-7.12e-05	-376
-7.08e-05	-368
-7.04e-05	-376
-7e-05	-376
-6.96e-05	-376
-6.92e-05	-360
-6.88e-05	-376
-6.84e-05	-368
-6.8e-05	-368
-6.76e-05	-376
-6.72e-05	-360
-6.68e-05	-376
-6.64e-05	-368
-6.6e-05	-368
-6.56e-05	-360
-6.52e-05	-368
-6.48e-05	-360
-6.44e-05	-360
-6.4e-05	-368
-6.36e-05	-352
-6.32e-05	-360
-6.28e-05	-376
-6.24e-05	-368
-6.2e-05	-368
-6.16e-05	-360
-6.12e-05	-360
-6.08e-05	-360
-6.04e-05	-368
-6e-05	-360
-5.96e-05	-360
-5.92e-05	-368
-5.88e-05	-368
-5.84e-05	-368
-5.8e-05	-368
-5.76e-05	-368
-5.72e-05	-360
-5.68e-05	-360
-5.64e-05	-368
-5.6e-05	-360
-5.56e-05	-368
-5.52e-05	-368
-5.48e-05	-360
-5.44e-05	-360
-5.4e-05	-360
-5.36e-05	-360
-5.32e-05	-368
-5.28e-05	-368
-5.24e-05	-360
-5.2e-05	-368
-5.16e-05	-360
-5.12e-05	-368
-5.08e-05	-352
-5.04e-05	-360
-5e-05	-368
-4.96e-05	-368
-4.92e-05	-368
-4.88e-05	-360
-4.84e-05	-360
-4.8e-05	-360
-4.76e-05	-360
-4.72e-05	-360
-4.68e-05	-360
-4.64e-05	-360
-4.6e-05	-360
-4.56e-05	-360
-4.52e-05	-360
-4.48e-05	-360
-4.44e-05	-360
-4.4e-05	-360
-4.36e-05	-360
-4.32e-05	-360
-4.28e-05	-368
-4.24e-05	-360
-4.2e-05	-352
-4.16e-05	-368
-4.12e-05	-360
-4.08e-05	-360
-4.04e-05	-352
-4e-05	-360
-3.96e-05	-360
-3.92e-05	-352
-3.88e-05	-352
-3.84e-05	-360
-3.8e-05	-360
-3.76e-05	-352
-3.72e-05	-360
-3.68e-05	-360
-3.64e-05	-368
-3.6e-05	-360
-3.56e-05	-360
-3.52e-05	-360
-3.48e-05	-360
-3.44e-05	-352
-3.4e-05	-360
-3.36e-05	-360
-3.32e-05	-360
-3.28e-05	-360
-3.24e-05	-368
-3.2e-05	-360
-3.16e-05	-360
-3.12e-05	-368
-3.08e-05	-360
-3.04e-05	-360
-3e-05	-352
-2.96e-05	-352
-2.92e-05	-360
-2.88e-05	-352
-2.84e-05	-360
-2.8e-05	-360
-2.76e-05	-368
-2.72e-05	-368
-2.68e-05	-360
-2.64e-05	-368
-2.6e-05	-352
-2.56e-05	-368
-2.52e-05	-360
-2.48e-05	-368
-2.44e-05	-368
-2.4e-05	-360
-2.36e-05	-360
-2.32e-05	-368
-2.28e-05	-352
-2.24e-05	-360
-2.2e-05	-352
-2.16e-05	-352
-2.12e-05	-352
-2.08e-05	-360
-2.04e-05	-352
-2e-05	-360
-1.96e-05	-360
-1.92e-05	-368
-1.88e-05	-360
-1.84e-05	-368
-1.8e-05	-360
-1.76e-05	-360
-1.72e-05	-352
-1.68e-05	-360
-1.64e-05	-360
-1.6e-05	-368
-1.56e-05	-360
-1.52e-05	-360
-1.48e-05	-368
-1.44e-05	-368
-1.4e-05	-368
-1.36e-05	-352
-1.32e-05	-360
-1.28e-05	-360
-1.24e-05	-360
-1.2e-05	-352
-1.16e-05	-360
-1.12e-05	-352
-1.08e-05	-360
-1.04e-05	-360
-1e-05	-352
-9.6e-06	-360
-9.2e-06	-360
-8.8e-06	-360
-8.4e-06	-360
-8e-06	-360
-7.6e-06	-352
-7.2e-06	-360
-6.8e-06	-360
-6.4e-06	-360
-6e-06	-360
-5.6e-06	-368
-5.2e-06	-360
-4.8e-06	-360
-4.4e-06	-368
-4e-06	-360
-3.6e-06	-360
-3.2e-06	-360
-2.8e-06	-368
-2.4e-06	-352
-2e-06	-368
-1.6e-06	-368
-1.2e-06	-360
-8e-07	-368
-4e-07	-368
0	-360
4e-07	-360
8e-07	-352
1.2e-06	-368
1.6e-06	-368
2e-06	-360
2.4e-06	-352
2.8e-06	128
3.2e-06	24
3.6e-06	40
4e-06	48
4.4e-06	56
4.8e-06	56
5.2e-06	56
5.6e-06	48
6e-06	48
6.4e-06	48
6.8e-06	-88
7.2e-06	-328
7.6e-06	-464
8e-06	-472
8.4e-06	-456
8.8e-06	-456
9.2e-06	-456
9.6e-06	-472
1e-05	-456
1.04e-05	-472
1.08e-05	-456
1.12e-05	-464
1.16e-05	-464
1.2e-05	-456
1.24e-05	-464
1.28e-05	-464
1.32e-05	-464
1.36e-05	-448
1.4e-05	-448
1.44e-05	-440
1.48e-05	-432
1.52e-05	-432
1.56e-05	-432
1.6e-05	-424
1.64e-05	-424
1.68e-05	-416
1.72e-05	-408
1.76e-05	-400
1.8e-05	-400
1.84e-05	-408
1.88e-05	-400
1.92e-05	-400
1.96e-05	-392
2e-05	-392
2.04e-05	-400
2.08e-05	-392
2.12e-05	-392
2.16e-05	-376
2.2e-05	-392
2.24e-05	-384
2.28e-05	-384
2.32e-05	-384
2.36e-05	-384
2.4e-05	-384
2.44e-05	-384
2.48e-05	-384
2.52e-05	-384
2.56e-05	-376
2.6e-05	-376
2.64e-05	-384
2.68e-05	-376
2.72e-05	-376
2.76e-05	-376
2.8e-05	-376
2.84e-05	-368
2.88e-05	-368
2.92e-05	-376
2.96e-05	-368
3e-05	-368
3.04e-05	-376
3.08e-05	-376
3.12e-05	-376
3.16e-05	-360
3.2e-05	-368
3.24e-05	-376
3.28e-05	-368
3.32e-05	-368
3.36e-05	-360
3.4e-05	-368
3.44e-05	-368
3.48e-05	-368
3.52e-05	-376
3.56e-05	-360
3.6e-05	-368
3.64e-05	-368
3.68e-05	-376
3.72e-05	-360
3.76e-05	-368
3.8e-05	-360
3.84e-05	-360
3.88e-05	-368
3.92e-05	-368
3.96e-05	-368
4e-05	-376
4.04e-05	-360
4.08e-05	-368
4.12e-05	-368
4.16e-05	-368
4.2e-05	-368
4.24e-05	-352
4.28e-05	-344
4.32e-05	-352
4.36e-05	-360
4.4e-05	-360
4.44e-05	-368
4.48e-05	-360
4.52e-05	-360
4.56e-05	-360
4.6e-05	-360
4.64e-05	-368
4.68e-05	-360
4.72e-05	-360
4.76e-05	-360
4.8e-05	-360
4.84e-05	-368
4.88e-05	-360
4.92e-05	-360
4.96e-05	-352
5e-05	-368
5.04e-05	-352
5.08e-05	-360
5.12e-05	-360
5.16e-05	-360
5.2e-05	-368
5.24e-05	-368
5.28e-05	-352
5.32e-05	-352
5.36e-05	-360
5.4e-05	-360
5.44e-05	-360
5.48e-05	-360
5.52e-05	-360
5.56e-05	-360
5.6e-05	-360
5.64e-05	-360
5.68e-05	-360
5.72e-05	-360
5.76e-05	-360
5.8e-05	-360
5.84e-05	-360
5.88e-05	-360
5.92e-05	-368
5.96e-05	-368
6e-05	-360
6.04e-05	-352
6.08e-05	-360
6.12e-05	-368
6.16e-05	-368
6.2e-05	-360
6.24e-05	-368
6.28e-05	-368
6.32e-05	-360
6.36e-05	-368
6.4e-05	-360
6.44e-05	-368
6.48e-05	-360
6.52e-05	-352
6.56e-05	-360
6.6e-05	-360
6.64e-05	-360
6.68e-05	-352
6.72e-05	-352
6.76e-05	-360
6.8e-05	-368
6.84e-05	-360
6.88e-05	-360
6.92e-05	-360
6.96e-05	-360
7e-05	-368
7.04e-05	-360
7.08e-05	-360
7.12e-05	-352
7.16e-05	-360
7.2e-05	-352
7.24e-05	-352
7.28e-05	-360
7.32e-05	-352
7.36e-05	-360
7.4e-05	-352
7.44e-05	-360
7.48e-05	-360
7.52e-05	-360
7.56e-05	-360
7.6e-05	-360
7.64e-05	-360
7.68e-05	-352
7.72e-05	-368
7.76e-05	-360
7.8e-05	-368
7.84e-05	-360
7.88e-05	-360
7.92e-05	-352
7.96e-05	-352
8e-05	-360
8.04e-05	-360
8.08e-05	-360
8.12e-05	-360
8.16e-05	-360
8.2e-05	-360
8.24e-05	-360
8.28e-05	-360
8.32e-05	-360
8.36e-05	-360
8.4e-05	-352
8.44e-05	-352
8.48e-05	-352
8.52e-05	-360
8.56e-05	-352
8.6e-05	-360
8.64e-05	-360
8.68e-05	-368
8.72e-05	-360
8.76e-05	-360
8.8e-05	-368
8.84e-05	-368
8.88e-05	-368
8.92e-05	-360
8.96e-05	-368
9e-05	-360
9.04e-05	-368
9.08e-05	-368
9.12e-05	-368
9.16e-05	-360
9.2e-05	-368
9.24e-05	-360
9.28e-05	-360
9.32e-05	-360
9.36e-05	-360
9.4e-05	-360
9.44e-05	-360
9.48e-05	-360
9.52e-05	-368
9.56e-05	-360
9.6e-05	-360
9.64e-05	-360
9.68e-05	-368
9.72e-05	-360
9.76e-05	-360
9.8e-05	-368
9.84e-05	-360
9.88e-05	-360
9.92e-05	-360
9.96e-05	-368
0.0001	-368
0.0001004	-360
0.0001008	-360
0.0001012	-360
0.0001016	-360
0.000102	-368
0.0001024	-304
0.0001028	64
0.0001032	64
0.0001036	56
0.000104	48
0.0001044	48
0.0001048	40
0.0001052	56
0.0001056	48
0.000106	40
0.0001064	56
0.0001068	-224
0.0001072	-416
0.0001076	-456
0.000108	-456
0.0001084	-456
0.0001088	-464
0.0001092	-456
0.0001096	-464
0.00011	-464
0.0001104	-464
0.0001108	-456
0.0001112	-464
0.0001116	-464
0.000112	-464
0.0001124	-464
0.0001128	-464
0.0001132	-456
0.0001136	-456
0.000114	-440
0.0001144	-440
0.0001148	-432
0.0001152	-432
0.0001156	-408
0.000116	-416
0.0001164	-416
0.0001168	-416
0.0001172	-408
0.0001176	-400
0.000118	-408
0.0001184	-392
0.0001188	-400
0.0001192	-400
0.0001196	-400
0.00012	-392
0.0001204	-392
0.0001208	-400
0.0001212	-392
0.0001216	-376
0.000122	-384
0.0001224	-376
0.0001228	-384
0.0001232	-376
0.0001236	-376
0.000124	-376
0.0001244	-376
0.0001248	-384
0.0001252	-392
0.0001256	-376
0.000126	-384
0.0001264	-384
0.0001268	-376
0.0001272	-376
0.0001276	-376
0.000128	-376
0.0001284	-376
0.0001288	-368
0.0001292	-376
0.0001296	-360
0.00013	-384
0.0001304	-368
0.0001308	-368
0.0001312	-368
0.0001316	-368
0.000132	-376
0.0001324	-360
0.0001328	-376
0.0001332	-360
0.0001336	-368
0.000134	-368
0.0001344	-376
0.0001348	-376
0.0001352	-376
0.0001356	-368
0.000136	-376
0.0001364	-360
0.0001368	-368
0.0001372	-360
0.0001376	-368
0.000138	-360
0.0001384	-360
0.0001388	-360
0.0001392	-368
0.0001396	-360
0.00014	-368
0.0001404	-376
0.0001408	-360
0.0001412	-360
0.0001416	-360
0.000142	-360
0.0001424	-360
0.0001428	-360
0.0001432	-360
0.0001436	-360
0.000144	-360
0.0001444	-360
0.0001448	-360
0.0001452	-360
0.0001456	-360
0.000146	-352
0.0001464	-360
0.0001468	-352
0.0001472	-360
0.0001476	-360
0.000148	-360
0.0001484	-360
0.0001488	-360
0.0001492	-352
0.0001496	-368
0.00015	-360
0.0001504	-360
0.0001508	-360
0.0001512	-352
0.0001516	-368
0.000152	-360
0.0001524	-360
0.0001528	-352
0.0001532	-360
0.0001536	-360
0.000154	-360
0.0001544	-352
0.0001548	-352
0.0001552	-360
0.0001556	-368
0.000156	-360
0.0001564	-360
0.0001568	-360
0.0001572	-368
0.0001576	-360
0.000158	-368
0.0001584	-360
0.0001588	-360
0.0001592	-360
0.0001596	-360
0.00016	-368
0.0001604	-368
0.0001608	-360
0.0001612	-352
0.0001616	-360
0.000162	-352
0.0001624	-360
0.0001628	-360
0.0001632	-360
0.0001636	-352
0.000164	-368
0.0001644	-344
0.0001648	-360
0.0001652	-360
0.0001656	-352
0.000166	-360
0.0001664	-360
0.0001668	-360
0.0001672	-360
0.0001676	-352
0.000168	-352
0.0001684	-360
0.0001688	-368
0.0001692	-360
0.0001696	-360
0.00017	-352
0.0001704	-360
0.0001708	-360
0.0001712	-352
0.0001716	-360
0.000172	-352
0.0001724	-360
0.0001728	-352
0.0001732	-352
0.0001736	-360
0.000174	-360
0.0001744	-352
0.0001748	-360
0.0001752	-360
0.0001756	-352
0.000176	-360
0.0001764	-360
0.0001768	-360
0.0001772	-360
0.0001776	-360
0.000178	-368
0.0001784	-360
0.0001788	-368
0.0001792	-352
0.0001796	-360
0.00018	-360
0.0001804	-360
0.0001808	-360
0.0001812	-352
0.0001816	-368
0.000182	-360
0.0001824	-368
0.0001828	-352
0.0001832	-360
0.0001836	-360
0.000184	-360
0.0001844	-360
0.0001848	-360
0.0001852	-352
0.0001856	-352
0.000186	-360
0.0001864	-360
0.0001868	-360
0.0001872	-360
0.0001876	-360
0.000188	-352
0.0001884	-360
0.0001888	-360
0.0001892	-360
0.0001896	-352
0.00019	-360
0.0001904	-360
0.0001908	-368
0.0001912	-360
0.0001916	-352
0.000192	-360
0.0001924	-352
0.0001928	-368
0.0001932	-352
0.0001936	-368
0.000194	-360
0.0001944	-360
0.0001948	-368
0.0001952	-360
0.0001956	-368
0.000196	-360
0.0001964	-360
0.0001968	-368
0.0001972	-360
0.0001976	-360
0.000198	-352
0.0001984	-360
0.0001988	-360
0.0001992	-360
0.0001996	-360
0.0002	-360
0.0002004	-352
0.0002008	-360
0.0002012	-360
0.0002016	-360
0.000202	-360
0.0002024	120
0.0002028	40
0.0002032	48
0.0002036	48
0.000204	48
0.0002044	56
0.0002048	48
0.0002052	48
0.0002056	48
0.000206	56
0.0002064	-104
0.0002068	-328
0.0002072	-472
0.0002076	-456
0.000208	-456
0.0002084	-472
0.0002088	-464
0.0002092	-472
0.0002096	-464
0.00021	-464
0.0002104	-464
0.0002108	-456
0.0002112	-464
0.0002116	-464
0.000212	-480
0.0002124	-456
0.0002128	-464
0.0002132	-456
0.0002136	-440
0.000214	-448
0.0002144	-432
0.0002148	-440
0.0002152	-424
0.0002156	-424
0.000216	-408
0.0002164	-424
0.0002168	-408
0.0002172	-408
0.0002176	-400
0.000218	-408
0.0002184	-400
0.0002188	-400
0.0002192	-384
0.0002196	-392
0.00022	-384
0.0002204	-392
0.0002208	-392
0.0002212	-392
0.0002216	-384
0.000222	-376
0.0002224	-384
0.0002228	-376
0.0002232	-384
0.0002236	-376
0.000224	-376
0.0002244	-376
0.0002248	-384
0.0002252	-384
0.0002256	-376
0.000226	-376
0.0002264	-376
0.0002268	-368
0.0002272	-368
0.0002276	-376
0.000228	-384
0.0002284	-376
0.0002288	-360
0.0002292	-376
0.0002296	-368
0.00023	-368
0.0002304	-368
0.0002308	-376
0.0002312	-368
0.0002316	-368
0.000232	-360
0.0002324	-368
0.0002328	-376
0.0002332	-368
0.0002336	-360
0.000234	-368
0.0002344	-360
0.0002348	-368
0.0002352	-360
0.0002356	-368
0.000236	-376
0.0002364	-360
0.0002368	-368
0.0002372	-368
0.0002376	-360
0.000238	-384
0.0002384	-360
0.0002388	-368
0.0002392	-368
0.0002396	-360
0.00024	-360
0.0002404	-360
0.0002408	-368
0.0002412	-360
0.0002416	-360
0.000242	-368
0.0002424	-360
0.0002428	-368
0.0002432	-360
0.0002436	-352
0.000244	-352
0.0002444	-352
0.0002448	-368
0.0002452	-360
0.0002456	-352
0.000246	-368
0.0002464	-360
0.0002468	-360
0.0002472	-360
0.0002476	-352
0.000248	-368
0.0002484	-360
0.0002488	-360
0.0002492	-368
0.0002496	-360
0.00025	-376
0.0002504	-360
0.0002508	-360
0.0002512	-352
0.0002516	-352
0.000252	-368
0.0002524	-360
0.0002528	-360
0.0002532	-360
0.0002536	-368
0.000254	-360
0.0002544	-360
0.0002548	-360
0.0002552	-368
0.0002556	-360
0.000256	-360
0.0002564	-360
0.0002568	-352
0.0002572	-352
0.0002576	-360
0.000258	-368
0.0002584	-360
0.0002588	-368
0.0002592	-360
0.0002596	-368
0.00026	-360
0.0002604	-360
0.0002608	-360
0.0002612	-360
0.0002616	-360
0.000262	-360
0.0002624	-352
0.0002628	-360
0.0002632	-352
0.0002636	-360
0.000264	-360
0.0002644	-368
0.0002648	-368
0.0002652	-368
0.0002656	-360
0.000266	-360
0.0002664	-352
0.0002668	-352
0.0002672	-352
0.0002676	-360
0.000268	-376
0.0002684	-352
0.0002688	-360
0.0002692	-352
0.0002696	-360
0.00027	-360
0.0002704	-360
0.0002708	-360
0.0002712	-360
0.0002716	-352
0.000272	-368
0.0002724	-344
0.0002728	-368
0.0002732	-360
0.0002736	-360
0.000274	-360
0.0002744	-368
0.0002748	-360
0.0002752	-368
0.0002756	-352
0.000276	-360
0.0002764	-360
0.0002768	-352
0.0002772	-360
0.0002776	-352
0.000278	-352
0.0002784	-368
0.0002788	-368
0.0002792	-352
0.0002796	-360
0.00028	-360
0.0002804	-368
0.0002808	-352
0.0002812	-360
0.0002816	-360
0.000282	-352
0.0002824	-368
0.0002828	-368
0.0002832	-368
0.0002836	-368
0.000284	-360
0.0002844	-352
0.0002848	-360
0.0002852	-360
0.0002856	-360
0.000286	-360
0.0002864	-368
0.0002868	-368
0.0002872	-360
0.0002876	-368
0.000288	-360
0.0002884	-360
0.0002888	-352
0.0002892	-368
0.0002896	-352
0.00029	-360
0.0002904	-360
0.0002908	-352
0.0002912	-360
0.0002916	-352
0.000292	-352
0.0002924	-352
0.0002928	-360
0.0002932	-368
0.0002936	-360
0.000294	-368
0.0002944	-360
0.0002948	-360
0.0002952	-360
0.0002956	-352
0.000296	-360
0.0002964	-368
0.0002968	-360
0.0002972	-368
0.0002976	-360
0.000298	-368
0.0002984	-368
0.0002988	-360
0.0002992	-360
0.0002996	-360
0.0003	-368
0.0003004	-368
0.0003008	-368
0.0003012	-360
0.0003016	-360
0.000302	-296
0.0003024	64
0.0003028	64
0.0003032	56
0.0003036	56
0.000304	32
0.0003044	48
0.0003048	48
0.0003052	48
0.0003056	56
0.000306	48
0.0003064	-216
0.0003068	-408
0.0003072	-472
0.0003076	-464
0.000308	-464
0.0003084	-472
0.0003088	-472
0.0003092	-464
0.0003096	-456
0.00031	-464
0.0003104	-464
0.0003108	-464
0.0003112	-456
0.0003116	-464
0.000312	-464
0.0003124	-464
0.0003128	-472
0.0003132	-448
0.0003136	-440
0.000314	-448
0.0003144	-440
0.0003148	-432
0.0003152	-432
0.0003156	-424
0.000316	-416
0.0003164	-416
0.0003168	-416
0.0003172	-408
0.0003176	-408
0.000318	-400
0.0003184	-408
0.0003188	-400
0.0003192	-392
0.0003196	-392
0.00032	-392
0.0003204	-384
0.0003208	-392
0.0003212	-384
0.0003216	-384
0.000322	-376
0.0003224	-384
0.0003228	-384
0.0003232	-384
0.0003236	-376
0.000324	-376
0.0003244	-376
0.0003248	-376
0.0003252	-376
0.0003256	-384
0.000326	-368
0.0003264	-368
0.0003268	-368
0.0003272	-384
0.0003276	-368
0.000328	-384
0.0003284	-368
0.0003288	-376
0.0003292	-368
0.0003296	-376
0.00033	-368
0.0003304	-368
0.0003308	-376
0.0003312	-368
0.0003316	-376
0.000332	-368
0.0003324	-376
0.0003328	-376
0.0003332	-368
0.0003336	-368
0.000334	-368
0.0003344	-368
0.0003348	-368
0.0003352	-368
0.0003356	-368
0.000336	-360
0.0003364	-368
0.0003368	-376
0.0003372	-368
0.0003376	-360
0.000338	-360
0.0003384	-368
0.0003388	-368
0.0003392	-360
0.0003396	-368
0.00034	-368
0.0003404	-368
0.0003408	-368
0.0003412	-360
0.0003416	-368
0.000342	-368
0.0003424	-360
0.0003428	-360
0.0003432	-368
0.0003436	-368
0.000344	-368
0.0003444	-360
0.0003448	-360
0.0003452	-360
0.0003456	-360
0.000346	-352
0.0003464	-352
0.0003468	-368
0.0003472	-360
0.0003476	-368
0.000348	-368
0.0003484	-368
0.0003488	-360
0.0003492	-360
0.0003496	-352
0.00035	-368
0.0003504	-360
0.0003508	-360
0.0003512	-368
0.0003516	-368
0.000352	-368
0.0003524	-360
0.0003528	-368
0.0003532	-360
0.0003536	-368
0.000354	-352
0.0003544	-360
0.0003548	-360
0.0003552	-360
0.0003556	-360
0.000356	-360
0.0003564	-352
0.0003568	-368
0.0003572	-360
0.0003576	-360
0.000358	-360
0.0003584	-360
0.0003588	-360
0.0003592	-352
0.0003596	-360
0.00036	-360
0.0003604	-360
0.0003608	-360
0.0003612	-360
0.0003616	-352
0.000362	-352
0.0003624	-360
0.0003628	-360
0.0003632	-360
0.0003636	-352
0.000364	-360
0.0003644	-360
0.0003648	-360
0.0003652	-352
0.0003656	-360
0.000366	-360
0.0003664	-360
0.0003668	-368
0.0003672	-360
0.0003676	-360
0.000368	-368
0.0003684	-352
0.0003688	-360
0.0003692	-352
0.0003696	-368
0.00037	-352
0.0003704	-360
0.0003708	-360
0.0003712	-368
0.0003716	-360
0.000372	-360
0.0003724	-368
0.0003728	-352
0.0003732	-352
0.0003736	-360
0.000374	-352
0.0003744	-360
0.0003748	-352
0.0003752	-368
0.0003756	-368
0.000376	-368
0.0003764	-352
0.0003768	-360
0.0003772	-360
0.0003776	-360
0.000378	-368
0.0003784	-360
0.0003788	-360
0.0003792	-352
0.0003796	-368
0.00038	-352
0.0003804	-360
0.0003808	-360
0.0003812	-360
0.0003816	-360
0.000382	-360
0.0003824	-352
0.0003828	-360
0.0003832	-360
0.0003836	-360
0.000384	-360
0.0003844	-352
0.0003848	-352
0.0003852	-360
0.0003856	-360
0.000386	-368
0.0003864	-360
0.0003868	-368
0.0003872	-360
0.0003876	-360
0.000388	-360
0.0003884	-360
0.0003888	-360
0.0003892	-360
0.0003896	-360
0.00039	-352
0.0003904	-352
0.0003908	-360
0.0003912	-360
0.0003916	-368
0.000392	-360
0.0003924	-352
0.0003928	-368
0.0003932	-376
0.0003936	-352
0.000394	-360
0.0003944	-360
0.0003948	-368
0.0003952	-352
0.0003956	-360
0.000396	-360
0.0003964	-368
0.0003968	-352
0.0003972	-376
0.0003976	-352
0.000398	-368
0.0003984	-360
0.0003988	-368
0.0003992	-360
0.0003996	-352
0.0004	-368
0.0004004	-360
0.0004008	-352
0.0004012	-360
0.0004016	-360
0.000402	96
0.0004024	24
0.0004028	40
0.0004032	48
0.0004036	48
0.000404	40
0.0004044	48
0.0004048	40
0.0004052	40
0.0004056	48
0.000406	-112
0.0004064	-344
0.0004068	-456
0.0004072	-472
0.0004076	-456
0.000408	-464
0.0004084	-464
0.0004088	-464
0.0004092	-472
0.0004096	-464
0.00041	-472
0.0004104	-472
0.0004108	-464
0.0004112	-472
0.0004116	-472
0.000412	-472
0.0004124	-464
0.0004128	-456
0.0004132	-448
0.0004136	-440
0.000414	-440
0.0004144	-448
0.0004148	-416
0.0004152	-424
0.0004156	-416
0.000416	-424
0.0004164	-424
0.0004168	-408
0.0004172	-408
0.0004176	-392
0.000418	-408
0.0004184	-400
0.0004188	-392
0.0004192	-392
0.0004196	-392
0.00042	-384
0.0004204	-392
0.0004208	-384
0.0004212	-392
0.0004216	-384
0.000422	-384
0.0004224	-384
0.0004228	-392
0.0004232	-392
0.0004236	-376
0.000424	-376
0.0004244	-376
0.0004248	-368
0.0004252	-376
0.0004256	-376
0.000426	-376
0.0004264	-376
0.0004268	-376
0.0004272	-384
0.0004276	-376
0.000428	-376
0.0004284	-376
0.0004288	-360
0.0004292	-376
0.0004296	-376
0.00043	-360
0.0004304	-384
0.0004308	-368
0.0004312	-376
0.0004316	-376
0.000432	-368
0.0004324	-376
0.0004328	-384
0.0004332	-360
0.0004336	-360
0.000434	-360
0.0004344	-368
0.0004348	-368
0.0004352	-360
0.0004356	-360
0.000436	-368
0.0004364	-360
0.0004368	-368
0.0004372	-376
0.0004376	-368
0.000438	-368
0.0004384	-368
0.0004388	-368
0.0004392	-360
0.0004396	-360
0.00044	-352
0.0004404	-352
0.0004408	-368
0.0004412	-368
0.0004416	-368
0.000442	-360
0.0004424	-368
0.0004428	-368
0.0004432	-360
0.0004436	-360
0.000444	-368
0.0004444	-360
0.0004448	-360
0.0004452	-360
0.0004456	-360
0.000446	-368
0.0004464	-360
0.0004468	-352
0.0004472	-368
0.0004476	-360
0.000448	-360
0.0004484	-360
0.0004488	-360
0.0004492	-360
0.0004496	-368
0.00045	-360
0.0004504	-360
0.0004508	-368
0.0004512	-360
0.0004516	-360
0.000452	-360
0.0004524	-360
0.0004528	-360
0.0004532	-360
0.0004536	-360
0.000454	-360
0.0004544	-360
0.0004548	-360
0.0004552	-360
0.0004556	-368
0.000456	-368
0.0004564	-360
0.0004568	-360
0.0004572	-352
0.0004576	-368
0.000458	-360
0.0004584	-368
0.0004588	-368
0.0004592	-360
0.0004596	-352
0.00046	-360
0.0004604	-360
0.0004608	-352
0.0004612	-352
0.0004616	-360
0.000462	-360
0.0004624	-360
0.0004628	-368
0.0004632	-352
0.0004636	-360
0.000464	-352
0.0004644	-352
0.0004648	-360
0.0004652	-352
0.0004656	-352
0.000466	-360
0.0004664	-360
0.0004668	-360
0.0004672	-360
0.0004676	-360
0.000468	-360
0.0004684	-352
0.0004688	-344
0.0004692	-360
0.0004696	-360
0.00047	-368
0.0004704	-360
0.0004708	-368
0.0004712	-368
0.0004716	-360
0.000472	-360
0.0004724	-360
0.0004728	-352
0.0004732	-352
0.0004736	-360
0.000474	-360
0.0004744	-360
0.0004748	-352
0.0004752	-360
0.0004756	-360
0.000476	-360
0.0004764	-360
0.0004768	-368
0.0004772	-352
0.0004776	-360
0.000478	-360
0.0004784	-360
0.0004788	-352
0.0004792	-360
0.0004796	-352
0.00048	-360
0.0004804	-352
0.0004808	-352
0.0004812	-360
0.0004816	-360
0.000482	-360
0.0004824	-360
0.0004828	-360
0.0004832	-368
0.0004836	-360
0.000484	-368
0.0004844	-352
0.0004848	-360
0.0004852	-360
0.0004856	-360
0.000486	-368
0.0004864	-360
0.0004868	-368
0.0004872	-360
0.0004876	-368
0.000488	-368
0.0004884	-368
0.0004888	-360
0.0004892	-368
0.0004896	-360
0.00049	-368
0.0004904	-360
0.0004908	-360
0.0004912	-368
0.0004916	-360
0.000492	-368
0.0004924	-368
0.0004928	-368
0.0004932	-360
0.0004936	-360
0.000494	-360
0.0004944	-360
0.0004948	-368
0.0004952	-360
0.0004956	-368
0.000496	-368
0.0004964	-360
0.0004968	-360
0.0004972	-368
0.0004976	-360
0.000498	-360
0.0004984	-360
0.0004988	-360
0.0004992	-352
0.0004996	-368
0.0005	-360
0.0005004	-368
