0.0	754568.0
3999.9999999999027	10268.632232099282
7999.999999999805	10505.068075697369
11999.999999999709	10775.032794132663
15999.99999999961	11689.168091673942
19999.999999999513	12166.177385333007
23999.999999999418	13755.156484039871
27999.99999999932	15444.810159422203
31999.99999999922	18948.088457691927
35999.99999999913	23360.0997188079
39999.999999999025	32106.985673184026
43999.99999999893	51668.624068635676
47999.999999998836	147301.78682293888
51999.999999998734	162095.0452085996
55999.99999999864	52130.09707190057
59999.99999999854	31176.6575048213
63999.99999999844	22292.900482504665
67999.99999999834	17450.12705915531
71999.99999999825	14555.377268203805
75999.99999999815	12647.208112103406
79999.99999999805	11173.7205632827
83999.99999999796	10927.371315559076
87999.99999999786	10523.91469283983
91999.99999999776	11558.048674449376
95999.99999999767	14951.627414938503
99999.99999999757	170147.4180642523
103999.99999999747	2267.452136426399
107999.99999999737	2591.8484029090114
111999.99999999728	3454.928833594162
115999.99999999718	4146.573354442667
119999.99999999708	5046.630466819775
123999.99999999699	6066.134784816359
127999.99999999689	7164.860479678919
131999.9999999968	7807.417184039607
135999.99999999668	9768.4433639267
139999.9999999966	13235.75438519409
143999.9999999965	20216.33348031677
147999.9999999964	54348.794243885226
151999.9999999963	70891.40417319635
155999.99999999622	20488.831539613253
159999.9999999961	12056.663716627208
163999.999999996	8348.606342547186
167999.99999999593	6272.76164532824
171999.9999999958	5296.540976497845
175999.99999999572	4563.859999820976
179999.99999999563	3980.101916348235
183999.99999999552	3750.8700943442577
187999.99999999543	3301.914585905194
191999.99999999534	3436.6179411071016
195999.99999999523	4375.316898822218
199999.99999999514	30005.534350122478
203999.99999999502	600.4041047558758
207999.99999999494	676.5926466171975
211999.99999999485	835.0256279557623
215999.99999999473	833.4341341528014
219999.99999999464	887.830135541492
223999.99999999456	213.10876803172565
227999.99999999444	630.9788675905932
231999.99999999435	228.36917085542308
235999.99999999427	1170.7153448412103
239999.99999999415	1520.7814469923144
243999.99999999406	2267.5129765703214
247999.99999999398	8833.666267374712
251999.99999999386	18188.331496322815
255999.99999999377	5999.002342441611
259999.99999999368	4200.108739948679
263999.9999999936	3407.0668172139435
267999.9999999935	3001.147000804246
271999.99999999336	2569.028578731052
275999.9999999933	3066.1610617748274
279999.9999999932	3070.015725400252
283999.9999999931	3509.3388361523043
287999.999999993	3708.4476307430423
291999.9999999929	4938.0982327771635
295999.9999999928	7759.116581570216
299999.9999999927	46516.879300847075
303999.9999999926	7159.1698662674025
307999.9999999925	2434.0196490654525
311999.99999999243	596.2735520570789
315999.9999999923	267.1305477669412
319999.9999999922	964.993268269776
323999.99999999214	1023.6587347697416
327999.999999992	1561.55868746684
331999.9999999919	2263.9344376569707
335999.99999999185	3129.077622839317
339999.99999999173	3983.8411813108187
343999.9999999916	6940.752403296102
347999.99999999156	16887.45227718262
351999.99999999144	38000.59741869084
355999.9999999913	9347.932813485999
359999.99999999127	5603.853694378146
363999.99999999115	4217.263816888848
367999.99999999104	3343.8228672135356
371999.999999991	3232.608090079749
375999.99999999086	2450.018777973246
379999.99999999074	2525.502842117284
383999.9999999907	2745.518199836077
387999.99999999057	3028.857323108305
391999.99999999045	3458.8701985290922
395999.99999999034	5115.225012316567
399999.9999999903	24818.608347593938
403999.99999999016	5232.859908318779
407999.99999999005	2030.8981666525526
411999.99999999	782.2725190343472
415999.9999999899	475.1128260799278
419999.99999998976	435.9579442992572
423999.9999999897	285.4540739042681
427999.9999999896	100.30628343927226
431999.99999998946	332.61741038455295
435999.9999999894	496.74977663431616
439999.9999999893	510.4228021922743
443999.9999999892	383.3786034842494
447999.9999999891	1115.7696067302038
451999.999999989	1569.6066364740389
455999.9999999889	177.6696413104054
459999.9999999888	200.76154627919294
463999.9999999887	518.0182309708983
467999.9999999886	726.1194704356934
471999.99999998853	609.2490587849942
475999.9999999884	499.6114629473558
479999.9999999883	484.40592087662947
483999.99999998824	845.7747525030574
487999.9999999881	1070.3625381761158
491999.999999988	1732.1050826068915
495999.99999998795	3341.1348536911587
499999.99999998783	16457.289634200188
503999.9999999877	6104.961462283986
507999.99999998766	2622.5047516347972
511999.99999998754	1121.1016298728048
515999.9999999874	769.2796924003552
519999.99999998737	242.70839803426188
523999.99999998725	624.4519517524568
527999.9999999872	567.6036623931633
531999.9999999871	610.8428720709888
535999.999999987	586.527976624625
539999.9999999868	814.6468201141605
543999.9999999867	1737.8655090393268
547999.9999999866	5820.61685708558
551999.9999999866	23293.425363849186
555999.9999999865	4586.026448332518
559999.9999999864	3241.6100685772353
563999.9999999863	2284.6251059586302
567999.9999999861	2228.7834461056873
571999.999999986	2257.1612360246427
575999.999999986	2103.7835608225387
579999.9999999859	2121.5357829856566
583999.9999999858	2694.505838222758
587999.9999999857	2714.483752102037
591999.9999999856	2997.227932397556
595999.9999999854	5138.37653773197
599999.9999999854	18855.755480197353
603999.9999999853	7182.7350692630225
607999.9999999852	2169.4932670955573
611999.9999999851	1216.4724813516862
615999.999999985	586.2602336484082
619999.9999999849	66.8262669491914
623999.9999999849	291.9520127731775
627999.9999999847	136.10837205401344
631999.9999999846	538.3846047746306
635999.9999999845	260.49283789207686
639999.9999999844	273.27843482323004
643999.9999999843	801.6994424846525
647999.9999999843	1774.4784165048125
651999.9999999842	9241.587944724739
655999.999999984	1434.2761882582997
659999.9999999839	815.6947767268895
663999.9999999838	658.2779842514584
667999.9999999837	560.1766495527747
671999.9999999837	753.2423898338989
675999.9999999836	490.90182123231716
679999.9999999835	207.4791477298766
683999.9999999834	779.3295760282766
687999.9999999832	321.2073080003088
691999.9999999831	1131.11938933378
695999.9999999831	1293.9024616710142
699999.999999983	5076.4735898021445
703999.9999999829	2609.7717290788273
707999.9999999828	1188.6078080288457
711999.9999999827	762.937295788475
715999.9999999825	514.0228439534764
719999.9999999825	439.454030279504
723999.9999999824	459.31483071452925
727999.9999999823	236.07051955867115
731999.9999999822	343.2386755673966
735999.9999999821	168.8139293352996
739999.999999982	452.4850191887757
743999.999999982	498.7377278548925
747999.9999999818	1453.289019774006
751999.9999999817	13092.727047138102
755999.9999999816	1955.9559775870678
759999.9999999815	1318.3864472883267
763999.9999999814	1074.0364324300215
767999.9999999814	752.5990413227908
771999.9999999813	630.0862546110628
775999.9999999811	1126.690892077534
779999.999999981	683.5639508752827
783999.9999999809	1273.8123892339088
787999.9999999808	1448.9462094045396
791999.9999999807	2089.9665828718253
795999.9999999807	3316.133299562324
799999.9999999806	11224.929772781616
803999.9999999804	7422.164018554822
807999.9999999803	2801.7326606281126
811999.9999999802	1967.815975482982
815999.9999999801	1223.2306409379069
819999.9999999801	896.014292945427
823999.99999998	879.1690587910292
827999.9999999799	640.4294063718586
831999.9999999797	495.47874316699637
835999.9999999796	221.77306122754555
839999.9999999795	145.4721510716989
843999.9999999795	429.0598112334163
847999.9999999794	523.7012802495633
851999.9999999793	11960.505818622225
855999.9999999792	1284.4874199189599
859999.999999979	747.468192193906
863999.9999999789	566.0005949385707
867999.9999999789	532.1228970298694
871999.9999999788	892.7264150057758
875999.9999999787	621.8940553046988
879999.9999999786	521.2754230222284
883999.9999999785	734.4224455626511
887999.9999999783	848.9669795580328
891999.9999999783	1083.268415110106
895999.9999999782	1605.848887673916
899999.9999999781	5040.710133515695
903999.999999978	3441.9910579905027
907999.9999999779	1246.3767231177096
911999.9999999778	1029.165157108416
915999.9999999778	602.2386843394229
919999.9999999776	405.31947126751544
923999.9999999775	465.3623619344184
927999.9999999774	518.7886480280387
931999.9999999773	231.0124614424601
935999.9999999772	260.16534616311094
939999.9999999772	212.63324862343646
943999.9999999771	592.1147702053611
947999.999999977	332.2331962208855
951999.9999999768	7437.49988790841
955999.9999999767	462.0904085665947
959999.9999999766	612.4693951083963
963999.9999999766	462.5438074991698
967999.9999999765	178.18560267697075
971999.9999999764	425.0406338533483
975999.9999999763	746.742920975177
979999.9999999761	455.90448941528155
983999.999999976	974.9584026985684
987999.999999976	1023.8957501703331
991999.9999999759	1371.7676268934501
995999.9999999758	2334.3262372846602
999999.9999999757	5900.068739090592
1003999.9999999756	5832.722988977676
1007999.9999999754	1902.7734841093466
1011999.9999999754	1484.841046243222
1015999.9999999753	858.054276539235
1019999.9999999752	689.2324810527634
1023999.9999999751	682.4344912016688
1027999.999999975	567.9379764373158
1031999.9999999749	150.98613262867238
1035999.9999999747	467.0715323789
1039999.9999999747	730.751567391024
1043999.9999999746	372.7970696358512
1047999.9999999745	487.1452287621814
1051999.9999999744	10380.73327035482
1055999.9999999744	277.68721378191975
1059999.9999999742	442.89688932429385
1063999.9999999742	322.96930999941867
1067999.999999974	371.09487909670554
1071999.999999974	476.1954161121717
1075999.999999974	129.65062890413512
1079999.9999999737	210.1011812329185
1083999.9999999737	973.9279929919965
1087999.9999999735	855.7698299085329
1091999.9999999735	875.15906839568
1095999.9999999732	1474.6010231955827
1099999.9999999732	4819.132449062024
1103999.9999999732	6727.27758264431
1107999.999999973	2037.9257046595264
1111999.999999973	840.3250416511339
1115999.9999999728	874.1959107789804
1119999.9999999728	252.8536510407918
1123999.9999999728	516.1778990740471
1127999.9999999725	698.4870593754838
1131999.9999999725	372.36374603100643
1135999.9999999723	600.1644749064801
1139999.9999999723	531.5424955284969
1143999.999999972	740.8975702935531
1147999.999999972	824.8717722340264
1151999.999999972	6915.811745524969
1155999.9999999718	170.9299394319351
1159999.9999999718	352.3769621229395
1163999.9999999716	127.97883589359172
1167999.9999999716	207.9096719972399
1171999.9999999716	328.97562492806213
1175999.9999999714	212.8170378070215
1179999.9999999714	160.0339828262116
1183999.9999999711	792.6414069414108
1187999.9999999711	672.0006835390401
1191999.999999971	858.1906617368976
1195999.999999971	1135.0692495280707
1199999.999999971	2984.1327495223272
1203999.9999999707	4704.9990165473855
1207999.9999999707	1578.5705251671277
1211999.9999999704	383.75922324405116
1215999.9999999704	391.60825029794415
1219999.9999999704	533.4743049615001
1223999.9999999702	568.3820981648181
1227999.9999999702	454.4557819130232
1231999.99999997	162.46422842492802
1235999.99999997	462.7897153636867
1239999.9999999697	810.0925163861551
1243999.9999999697	731.5436256220526
1247999.9999999697	1082.905631605279
1251999.9999999695	7656.655310580285
1255999.9999999695	996.2958282434319
1259999.9999999693	252.10934051414668
1263999.9999999693	403.7642032231607
1267999.9999999693	227.91894677744776
1271999.999999969	159.93837874960184
1275999.999999969	168.23174474471202
1279999.9999999688	307.6972869576132
1283999.9999999688	695.7121610166295
1287999.9999999686	563.5463156135802
1291999.9999999686	855.9696714506142
1295999.9999999686	1443.7495883825536
1299999.9999999683	3862.145012851315
1303999.9999999683	7275.629079932258
1307999.999999968	1707.8995037493376
1311999.999999968	923.3520841207339
1315999.9999999679	940.9141047664657
1319999.9999999679	630.1313033169481
1323999.9999999679	729.3395760239732
1327999.9999999676	685.5677611529386
1331999.9999999676	343.7123500139231
1335999.9999999674	780.6029196733557
1339999.9999999674	860.333832316418
1343999.9999999674	865.4397098033637
1347999.9999999672	1378.8652629777066
1351999.9999999672	7712.592606264999
1355999.999999967	1648.8690197382957
1359999.999999967	567.9249866704333
1363999.9999999667	57.05137292843916
1367999.9999999667	272.4784404613008
1371999.9999999667	54.93952242086962
1375999.9999999665	94.61690717639439
1379999.9999999665	487.11381101880914
1383999.9999999662	594.1411862572814
1387999.9999999662	581.441089373785
1391999.9999999662	379.95744947957036
1395999.999999966	979.5215946899842
1399999.999999966	2071.833600663706
1403999.9999999658	5096.122507329087
1407999.9999999658	1015.0647071134287
1411999.9999999655	570.4920830261701
1415999.9999999655	924.3369656892493
1419999.9999999655	591.2023805132287
1423999.9999999653	353.5008789037349
1427999.9999999653	602.1651279816447
1431999.999999965	507.6993381119071
1435999.999999965	703.4047522102964
1439999.999999965	935.6178052478311
1443999.9999999648	540.0496614322461
1447999.9999999648	1162.4657873993706
1451999.9999999646	4742.544076372582
1455999.9999999646	1275.4059401790303
1459999.9999999644	477.7412401368353
1463999.9999999644	192.54086876014998
1467999.9999999644	208.33913017163786
1471999.9999999641	352.83029546753426
1475999.9999999641	243.78327540723714
1479999.999999964	285.1864369503935
1483999.999999964	500.3141991839177
1487999.999999964	173.40794586655153
1491999.9999999637	515.4042472669199
1495999.9999999637	641.9029168825283
1499999.9999999634	1831.3448166895323
1503999.9999999634	6941.782321468546
1507999.9999999632	1238.0044998503504
1511999.9999999632	1001.7338388254853
1515999.9999999632	1209.8077487950466
1519999.999999963	407.07218057910757
1523999.999999963	852.931628450974
1527999.9999999627	720.7147912129852
1531999.9999999627	370.00431698029973
1535999.9999999627	874.1898462789766
1539999.9999999625	814.8128968050005
1543999.9999999625	1089.7141409417998
1547999.9999999623	1738.9067784874974
1551999.9999999623	7225.335361231209
1555999.999999962	2395.204041659719
1559999.999999962	1130.6218821809182
1563999.999999962	803.2750523877838
1567999.9999999618	470.1572314579109
1571999.9999999618	307.1427452560201
1575999.9999999616	259.4634256514769
1579999.9999999616	98.9482448258081
1583999.9999999614	503.37879919586766
1587999.9999999614	171.70266966113323
1591999.9999999614	498.97031379950874
1595999.9999999611	751.5542742427973
1599999.9999999611	1497.6730568559103
1603999.999999961	6522.901194706951
1607999.999999961	1254.7935417540014
1611999.999999961	754.1214342948384
1615999.9999999607	955.8278970554774
1619999.9999999607	504.0434186399479
1623999.9999999604	738.3655920743473
1627999.9999999604	421.89236754538643
1631999.9999999602	350.8203652475743
1635999.9999999602	412.4564826050359
1639999.9999999602	554.3588627722489
1643999.99999996	323.129534558945
1647999.99999996	1187.858898786945
1651999.9999999597	4460.553778931561
1655999.9999999597	1752.866699161297
1659999.9999999597	857.803371389044
1663999.9999999595	558.6294521498174
1667999.9999999595	473.31174302300496
1671999.9999999593	352.3207414761151
1675999.9999999593	595.5650395534419
1679999.999999959	105.09786114362892
1683999.999999959	248.97656607874015
1687999.999999959	73.45348663525536
1691999.9999999588	348.6394170949339
1695999.9999999588	396.2519961383116
1699999.9999999586	517.0426816179461
1703999.9999999586	5350.7303351566325
1707999.9999999586	1060.1133567395696
1711999.9999999583	682.581590911061
1715999.9999999583	597.6811177838234
1719999.999999958	237.32601317482437
1723999.999999958	333.842032715903
1727999.9999999579	425.15457327795474
1731999.9999999579	631.8991361097831
1735999.9999999579	890.6192159541478
1739999.9999999576	891.5103584683592
1743999.9999999576	819.2278909934436
1747999.9999999574	1318.0620679404933
1751999.9999999574	5571.649007492117
1755999.9999999574	3197.8759907210306
1759999.9999999572	1019.9231493182045
1763999.9999999572	679.4135500726303
1767999.999999957	651.8704100635365
1771999.999999957	493.48283097095816
1775999.9999999567	678.1656760144856
1779999.9999999567	286.2091244587726
1783999.9999999567	371.2455039242911
1787999.9999999565	489.113881466304
1791999.9999999565	405.8026520398018
1795999.9999999562	252.80435128329702
1799999.9999999562	310.0771005225031
1803999.999999956	7392.870135550035
1807999.999999956	793.597397786343
1811999.999999956	850.9902404070876
1815999.9999999558	645.8982761988627
1819999.9999999558	532.9879857571163
1823999.9999999555	650.9561793312032
1827999.9999999555	411.8835686364336
1831999.9999999555	455.21892889612315
1835999.9999999553	592.5931946921902
1839999.9999999553	586.6706789118087
1843999.999999955	681.1392486665753
1847999.999999955	1636.6779413375173
1851999.9999999548	4421.890383328446
1855999.9999999548	3193.720258010259
1859999.9999999548	1271.448062468261
1863999.9999999546	529.6239588358591
1867999.9999999546	522.4671229030857
1871999.9999999544	467.3592923122224
1875999.9999999544	537.0561586505875
1879999.9999999544	220.01621368987063
1883999.9999999541	257.16963674498294
1887999.9999999541	325.0195889425381
1891999.999999954	427.6672416613918
1895999.999999954	41.327353817515146
1899999.9999999537	120.97786736470371
1903999.9999999537	5749.451111515804
1907999.9999999537	363.69130763543615
1911999.9999999534	409.5559082227623
1915999.9999999534	171.92851173741934
1919999.9999999532	463.6636734135314
1923999.9999999532	622.2474029105283
1927999.9999999532	482.09080902327275
1931999.999999953	69.44396532212077
1935999.999999953	677.9547056892123
1939999.9999999527	725.5982897790713
1943999.9999999527	846.1958306527155
1947999.9999999525	1335.6394394220488
1951999.9999999525	3467.251380020738
1955999.9999999525	3293.557309746218
1959999.9999999523	1080.0865766606996
1963999.9999999523	878.9459004812483
1967999.999999952	525.6403217630493
1971999.999999952	326.9876297792272
1975999.999999952	514.0872542875056
1979999.9999999518	537.0287367205041
1983999.9999999518	284.9299683772563
1987999.9999999516	203.67127755648633
1991999.9999999516	451.57615655963605
1995999.9999999513	221.41634978550093
1999999.9999999513	546.0497870029661
2003999.9999999513	6664.532886480675
2007999.999999951	106.78900498897728
2011999.999999951	317.63387989581753
2015999.9999999509	160.7156525580963
2019999.9999999509	220.72437558931662
2023999.9999999509	392.32743934049995
2027999.9999999506	393.4302096255691
2031999.9999999506	108.65543495432543
2035999.9999999504	1005.9323712921658
2039999.9999999504	757.2418092207039
2043999.9999999502	723.7935841605324
2047999.9999999502	1591.4895133851437
2051999.9999999502	3881.803343701831
2055999.99999995	4899.242257911386
2059999.99999995	1469.2223585132087
2063999.9999999497	1376.6554388082748
2067999.9999999497	868.9497954210348
2071999.9999999495	279.57115824899864
2075999.9999999495	270.70615254144127
2079999.9999999495	716.3946854429928
2083999.9999999492	125.27886751912861
2087999.9999999492	210.07340826962533
2091999.999999949	495.08379457991686
2095999.999999949	664.1879428935538
2099999.999999949	336.1612677294964
2103999.999999949	6396.309362029927
2107999.999999949	395.2831955782496
2111999.999999949	46.000112094083185
2115999.9999999483	186.3510008851906
2119999.9999999483	203.47340950943553
2123999.9999999483	734.6302284595956
2127999.9999999483	442.55103275033184
2131999.9999999483	160.15041034333615
2135999.999999948	408.97973762758653
2139999.999999948	559.5172216148936
2143999.999999948	772.5431437903692
2147999.999999948	1243.5990121877414
2151999.999999948	2663.7873616438205
2155999.9999999474	3965.127657405517
2159999.9999999474	1133.4782826644398
2163999.9999999474	771.037471906749
2167999.9999999474	301.2698094167954
2171999.9999999474	817.2930183059149
2175999.999999947	715.8124712964817
2179999.999999947	494.9756606460382
2183999.999999947	193.63421823618646
2187999.999999947	159.09978080819354
2191999.9999999464	491.5305472707998
2195999.9999999464	249.8414888482484
2199999.9999999464	991.4018167219721
2203999.9999999464	5590.153994293739
2207999.9999999464	473.40668619889595
2211999.999999946	626.3681334790209
2215999.999999946	155.62222112508724
2219999.999999946	298.4511119494413
2223999.999999946	170.61475441950324
2227999.999999946	623.2580667949301
2231999.9999999455	304.9273640506265
2235999.9999999455	603.1511159366001
2239999.9999999455	601.0370280910977
2243999.9999999455	530.1965576761512
2247999.9999999455	1463.536671959745
2251999.999999945	2901.9981316008357
2255999.999999945	5701.804346395298
2259999.999999945	1713.5423925847426
2263999.999999945	892.6180678075805
2267999.999999945	632.3371963405019
2271999.9999999446	838.2376722726214
2275999.9999999446	550.5355909706301
2279999.9999999446	707.5260393456633
2283999.9999999446	603.0973653466914
2287999.999999944	510.1989680546388
2291999.999999944	905.9201648770792
2295999.999999944	915.1838524340025
2299999.999999944	1026.8642512429733
2303999.999999944	7555.522227017074
2307999.9999999437	1718.7228776638835
2311999.9999999437	733.6505607003868
2315999.9999999437	540.2203353167647
2319999.9999999437	73.39698132184559
2323999.9999999437	607.3176822557074
2327999.999999943	377.3620218217113
2331999.999999943	68.6522037541732
2335999.999999943	692.1023484233989
2339999.999999943	188.04699681615355
2343999.999999943	800.2655413264936
2347999.9999999427	1039.0396978921312
2351999.9999999427	2681.4076514844596
2355999.9999999427	6690.7796849448105
2359999.9999999427	1634.8720344657424
2363999.9999999423	1030.3646279936775
2367999.9999999423	972.0310558897056
2371999.9999999423	606.1634463241401
2375999.9999999423	491.18780085184204
2379999.9999999423	447.05250578371493
2383999.999999942	500.3137389044553
2387999.999999942	710.8796166646517
2391999.999999942	919.8157203611391
2395999.999999942	1015.03067124402
2399999.999999942	1521.595891471439
2403999.9999999413	6351.023594776025
2407999.9999999413	1260.3173869428617
2411999.9999999413	467.68986596332974
2415999.9999999413	233.07338675159406
2419999.9999999413	357.0172707520321
2423999.999999941	504.53504070733527
2427999.999999941	189.38102378912416
2431999.999999941	302.615047055076
2435999.999999941	485.17995049542924
2439999.999999941	305.45418011545416
2443999.9999999404	847.1660425902435
2447999.9999999404	710.2979427274649
2451999.9999999404	1930.047947594
2455999.9999999404	6740.838332341123
2459999.99999994	1675.551430175999
2463999.99999994	645.0259039506576
2467999.99999994	966.6002216087182
2471999.99999994	461.3178055643239
2475999.99999994	731.6943073649348
2479999.9999999395	276.24603079318695
2483999.9999999395	558.9696801184882
2487999.9999999395	950.7509444490322
2491999.9999999395	1041.9181136624857
2495999.9999999395	982.9156439194802
2499999.999999939	2041.6307207720006
2503999.999999939	7273.403707010248
2507999.999999939	2749.294480674286
2511999.999999939	1384.0890820775219
2515999.999999939	963.9891985727437
2519999.9999999385	363.6382516486978
2523999.9999999385	934.7507821937164
2527999.9999999385	88.67362532632211
2531999.9999999385	202.08139162938244
2535999.9999999385	443.7108538094604
2539999.999999938	339.46688810087346
2543999.999999938	324.34660209619574
2547999.999999938	694.2604017408477
2551999.999999938	1889.1334235921156
2555999.9999999376	8448.334375437455
2559999.9999999376	1544.6759072868826
2563999.9999999376	805.0742034895787
2567999.9999999376	491.5321074110162
2571999.9999999376	624.0772029112734
2575999.999999937	1053.2105847126654
2579999.999999937	878.3090070791791
2583999.999999937	616.8072484825311
2587999.999999937	967.7958372791177
2591999.999999937	928.2691949978522
2595999.9999999367	1267.5832710438094
2599999.9999999367	1665.31057388087
2603999.9999999367	7413.537952585757
2607999.9999999367	3080.7419417563437
2611999.9999999367	1254.2744773223394
2615999.999999936	692.6426895799461
2619999.999999936	384.98999727941526
2623999.999999936	412.2938556607402
2627999.999999936	398.5891729976257
2631999.9999999357	265.82364616928874
2635999.9999999357	374.54840520895624
2639999.9999999357	211.36558744964526
2643999.9999999357	170.07280251739104
2647999.9999999357	272.55129066022636
2651999.9999999353	1064.1340831558132
2655999.9999999353	7102.651531520752
2659999.9999999353	1313.0586671331173
2663999.9999999353	567.3466439752142
2667999.9999999353	487.71379189264223
2671999.999999935	552.1347348954534
2675999.999999935	732.4086342424456
2679999.999999935	449.39975315948936
2683999.999999935	870.3466669605039
2687999.999999935	683.8807001680873
2691999.9999999343	968.702193029941
2695999.9999999343	1148.5210183172053
2699999.9999999343	1988.1875171002441
2703999.9999999343	6149.852362173542
2707999.9999999343	3287.887568911399
2711999.999999934	1533.0400605830637
2715999.999999934	648.9855118610774
2719999.999999934	252.50100242491592
2723999.999999934	400.78149713374165
2727999.9999999334	560.5334015478087
2731999.9999999334	126.23321450890037
2735999.9999999334	359.57858051054023
2739999.9999999334	76.54172598608773
2743999.9999999334	466.8312541075251
2747999.999999933	309.74089010161066
2751999.999999933	660.6464482532185
2755999.999999933	8439.721630689744
2759999.999999933	971.1101812562114
2763999.999999933	414.1763912315863
2767999.9999999325	843.4567564198389
2771999.9999999325	530.7178960280055
2775999.9999999325	660.837347752684
2779999.9999999325	455.0125451954225
2783999.9999999325	569.8828356066805
2787999.999999932	865.5096137825622
2791999.999999932	603.9983934610686
2795999.999999932	1053.5729506238526
2799999.999999932	2252.269759075548
2803999.999999932	6315.435726942763
2807999.9999999315	4397.842856763478
2811999.9999999315	1622.3221735816403
2815999.9999999315	859.1832610812314
2819999.9999999315	936.5149997067147
2823999.999999931	322.11544714732776
2827999.999999931	1036.4236244138426
2831999.999999931	444.71191965152434
2835999.999999931	593.6592857234259
2839999.999999931	209.4020851323329
2843999.9999999306	417.2118261635364
2847999.9999999306	38.923122632194215
2851999.9999999306	358.9994910445621
2855999.9999999306	7678.79361611818
2859999.9999999306	392.0798579366655
2863999.99999993	802.7647589250855
2867999.99999993	448.72070048939145
2871999.99999993	559.3959862965032
2875999.99999993	652.7211492276833
2879999.99999993	518.723909846982
2883999.9999999297	1045.2634256688318
2887999.9999999297	508.9501711746356
2891999.9999999297	1074.28486299252
2895999.9999999297	898.2125870237837
2899999.999999929	1719.642467649094
2903999.999999929	4408.362830760627
2907999.999999929	3707.2291163818627
2911999.999999929	1540.4472650377131
2915999.999999929	805.9132822235827
2919999.9999999288	620.634954362147
2923999.9999999288	261.70339766598084
2927999.9999999288	832.654636584856
2931999.9999999288	263.72540621154747
2935999.9999999288	919.9738296873278
2939999.9999999283	339.37961289134114
2943999.9999999283	374.25789930556886
2947999.9999999283	414.2871046856412
2951999.9999999283	219.93963044744314
2955999.9999999283	6617.431670617784
2959999.999999928	406.8018319776729
2963999.999999928	172.0856882982403
2967999.999999928	204.8008030237695
2971999.999999928	366.93185873689015
2975999.999999928	272.70978694375276
2979999.9999999274	623.0353546333376
2983999.9999999274	676.2997373262635
2987999.9999999274	711.6105566460601
2991999.9999999274	878.2615996248225
2995999.999999927	924.4527455933438
2999999.999999927	1382.3591696827368
3003999.999999927	4200.831985738538
3007999.999999927	4479.640492436605
3011999.999999927	1676.5704057027365
3015999.9999999264	739.8924569872603
3019999.9999999264	638.9952105033807
3023999.9999999264	232.15445943267417
3027999.9999999264	581.6765929020804
3031999.9999999264	558.8167170525752
3035999.999999926	478.06615274032396
3039999.999999926	631.4854976673594
3043999.999999926	720.0447300559974
3047999.999999926	392.79157899646566
3051999.999999926	654.5246129547152
3055999.9999999255	7243.841458634277
3059999.9999999255	332.6114113940787
3063999.9999999255	315.90858637857315
3067999.9999999255	232.9579867823664
3071999.9999999255	394.9926606216166
3075999.999999925	208.55489706711094
3079999.999999925	648.6845211410964
3083999.999999925	481.56110138927426
3087999.999999925	515.4710495437768
3091999.9999999246	664.163473236927
3095999.9999999246	805.6255742599816
3099999.9999999246	1075.0726407667412
3103999.9999999246	3225.5883582352153
3107999.9999999246	4677.749744342989
3111999.999999924	1554.5698601819506
3115999.999999924	924.1476429194348
3119999.999999924	637.3526346534899
3123999.999999924	739.6186734885068
3127999.999999924	409.9100829631241
3131999.9999999236	635.5471385351963
3135999.9999999236	1090.926332955556
3139999.9999999236	420.89307444393
3143999.9999999236	694.9130750086556
3147999.9999999236	290.53681461893063
3151999.999999923	769.1151641453159
3155999.999999923	5383.285758381669
3159999.999999923	274.8232248212414
3163999.999999923	349.6660278557545
3167999.9999999227	107.5435167710346
3171999.9999999227	269.51008137724676
3175999.9999999227	460.6088341986223
3179999.9999999227	77.52104311240711
3183999.9999999227	946.229905561868
3187999.9999999222	424.48831107309826
3191999.9999999222	560.6311914515542
3195999.9999999222	809.9692151598473
3199999.9999999222	760.6404912873784
3203999.9999999222	2516.207179446203
3207999.999999922	4263.757131926899
3211999.999999922	1243.421202150679
3215999.999999922	864.4318405490362
3219999.999999922	359.3383786875469
3223999.999999922	650.1920480293572
3227999.9999999213	449.690959634411
3231999.9999999213	695.1689805635621
3235999.9999999213	823.3337181673754
3239999.9999999213	636.0727348866486
3243999.9999999213	612.0667075465394
3247999.999999921	876.696068036463
3251999.999999921	1317.1333590521574
3255999.999999921	5907.668085289444
3259999.999999921	910.1895681826531
3263999.9999999204	188.92471073817163
3267999.9999999204	180.48152184985125
3271999.9999999204	104.10632523316954
3275999.9999999204	258.0292254862918
3279999.9999999204	147.43258738876892
3283999.99999992	765.0865423560623
3287999.99999992	417.4305732565934
3291999.99999992	453.782419225733
3295999.99999992	688.7773539519005
3299999.99999992	632.539332865377
3303999.9999999194	2229.5118319319186
3307999.9999999194	5083.745017284753
3311999.9999999194	1178.7474770867166
3315999.9999999194	779.3565202927966
3319999.9999999194	758.284562492535
3323999.999999919	548.4228575853667
3327999.999999919	344.69965518307515
3331999.999999919	1113.2156378281493
3335999.999999919	1210.995613432661
3339999.9999999185	235.08367677146578
3343999.9999999185	690.110698547852
3347999.9999999185	706.503027044108
3351999.9999999185	1107.1538234424095
3355999.9999999185	5205.649522884033
3359999.999999918	1135.6546099721022
3363999.999999918	153.54711855932285
3367999.999999918	496.2375946950054
3371999.999999918	203.5846278589398
3375999.999999918	173.05436847697374
3379999.9999999176	170.49156321652768
3383999.9999999176	562.9206416686676
3387999.9999999176	427.12044665051707
3391999.9999999176	326.4502010684162
3395999.9999999176	240.0127773158107
3399999.999999917	429.09598681453315
3403999.999999917	1317.428401346779
3407999.999999917	3674.436710918291
3411999.999999917	1032.774657188933
3415999.999999917	811.4222880790344
3419999.9999999166	385.14369776201767
3423999.9999999166	629.6645550781717
3427999.9999999166	710.3580931481866
3431999.9999999166	788.606582404647
3435999.999999916	1050.7996912648061
3439999.999999916	470.2021080921643
3443999.999999916	528.4569429440832
3447999.999999916	675.2623320929406
3451999.999999916	688.8896864383178
3455999.9999999157	3705.7144199595914
3459999.9999999157	1011.0513744173916
3463999.9999999157	479.84498826845896
3467999.9999999157	105.4017050967796
3471999.9999999157	428.35300915135167
3475999.9999999152	32.47446327366258
3479999.9999999152	76.00901842317992
3483999.9999999152	476.8961591680754
3487999.9999999152	671.121169877772
3491999.9999999152	229.41837376514556
3495999.999999915	217.8153447025658
3499999.999999915	433.3539120222281
3503999.999999915	856.5788905376451
3507999.999999915	4908.921178447923
3511999.999999915	1242.4896764678326
3515999.9999999143	674.3161878230554
3519999.9999999143	505.53498008098313
3523999.9999999143	470.7684608053858
3527999.9999999143	377.38677081652065
3531999.999999914	424.55394331018584
3535999.999999914	559.1887031342067
3539999.999999914	309.9917429542029
3543999.999999914	790.8552557763556
3547999.999999914	657.1014605282346
3551999.9999999134	1116.1636046250633
3555999.9999999134	4401.403275056662
3559999.9999999134	1647.6442306928852
3563999.9999999134	1090.6599332079481
3567999.9999999134	406.08169403376894
3571999.999999913	445.6455260062288
3575999.999999913	284.73663524743887
3579999.999999913	363.04160860263323
3583999.999999913	365.44427858433096
3587999.999999913	818.1964121173645
3591999.9999999125	379.70864896664466
3595999.9999999125	75.70091597129255
3599999.9999999125	104.10085012596615
3603999.9999999125	858.2251216201173
3607999.999999912	3958.4165864480406
3611999.999999912	494.45551669345247
3615999.999999912	367.6638929466744
3619999.999999912	429.2982999582452
3623999.999999912	281.10387701564434
3627999.9999999115	213.7461388243022
3631999.9999999115	139.57729766761003
3635999.9999999115	911.8532906081574
3639999.9999999115	277.11700175898574
3643999.9999999115	248.2690552430398
3647999.999999911	348.0041488928674
3651999.999999911	455.51794464038034
3655999.999999911	2559.364469595241
3659999.999999911	1583.7008790432315
3663999.999999911	314.75201999715085
3667999.9999999106	375.18396876927125
3671999.9999999106	430.89321898102503
3675999.9999999106	388.0696732769743
3679999.9999999106	238.53429039824098
3683999.9999999106	487.4480150455642
3687999.99999991	964.4968213987535
3691999.99999991	100.9492466338237
3695999.99999991	151.70296909800638
3699999.99999991	332.7985237791294
3703999.9999999097	649.2946215135838
3707999.9999999097	3499.208202500921
3711999.9999999097	459.7450062236734
3715999.9999999097	261.6485614995323
3719999.9999999097	351.05824513006013
3723999.999999909	180.71056988815002
3727999.999999909	248.21582106789677
3731999.999999909	609.0258258938748
3735999.999999909	499.20961499761387
3739999.999999909	540.2229727277337
3743999.9999999087	497.3004248240878
3747999.9999999087	540.428961115517
3751999.9999999087	1608.4567428895386
3755999.9999999087	2799.086076666766
3759999.9999999087	1764.5512838914397
3763999.9999999083	913.4308047117073
3767999.9999999083	466.640655007642
3771999.9999999083	367.6364721212276
3775999.9999999083	316.6696081420375
3779999.9999999083	462.19783326764247
3783999.999999908	345.7785510726601
3787999.999999908	779.340953021162
3791999.999999908	274.12582272339716
3795999.999999908	379.4050620505933
3799999.9999999073	174.1979423861428
3803999.9999999073	19.580017363415067
3807999.9999999073	3899.519887715866
3811999.9999999073	351.75039646734126
3815999.9999999073	343.7779040725746
3819999.999999907	77.16202564414034
3823999.999999907	156.66842364080145
3827999.999999907	407.046519435021
3831999.999999907	483.29304640608035
3835999.999999907	1064.1124568939804
3839999.9999999064	510.480549628979
3843999.9999999064	404.0130344794808
3847999.9999999064	377.83089185078006
3851999.9999999064	947.0485571322737
3855999.9999999064	1849.3594023766886
3859999.999999906	1529.917657379719
3863999.999999906	377.58181938129724
3867999.999999906	270.08914906361355
3871999.999999906	238.56707612917526
3875999.9999999055	147.53206841461616
3879999.9999999055	307.8445147460176
3883999.9999999055	456.7140887746902
3887999.9999999055	937.607313436767
3891999.9999999055	125.84395072558513
3895999.999999905	402.82747567976867
3899999.999999905	108.06363334929743
3903999.999999905	96.2374418641012
3907999.999999905	2669.874785194259
3911999.999999905	229.91051455364357
3915999.9999999045	358.58423828851636
3919999.9999999045	176.91741429921322
3923999.9999999045	210.78741333930992
3927999.9999999045	159.2732215524892
3931999.9999999045	123.4143342278846
3935999.999999904	658.7169471464865
3939999.999999904	678.9954559134017
3943999.999999904	169.23562645694602
3947999.999999904	273.5032222795608
3951999.999999904	823.1974857790102
3955999.9999999036	1734.524994534329
3959999.9999999036	1927.4679580659006
3963999.9999999036	721.2384721150667
3967999.9999999036	218.9157558063554
3971999.999999903	472.75386060082565
3975999.999999903	362.30410985698785
3979999.999999903	302.8261405442626
3983999.999999903	164.28404063557335
3987999.999999903	1149.2021867076921
3991999.9999999027	395.8914309888993
3995999.9999999027	485.3455529101156
3999999.9999999027	192.34768029277885
4003999.9999999027	445.84218466468803
4007999.9999999027	3460.9150967215537
4011999.999999902	315.28936176498013
4015999.999999902	146.84675249020498
4019999.999999902	243.69163818679252
4023999.999999902	382.87522799180533
4027999.999999902	123.57124260625939
4031999.9999999017	480.51595075250157
4035999.9999999017	950.7209904247841
4039999.9999999017	176.49939353138635
4043999.9999999017	563.5173179429928
4047999.9999999017	347.85603788220834
4051999.9999999013	567.4924722253836
4055999.9999999013	1717.8251206343575
4059999.9999999013	2243.87096009523
4063999.9999999013	783.5399985494753
4067999.999999901	416.39646505781934
4071999.999999901	266.7109015948257
4075999.999999901	391.90360468015024
4079999.999999901	291.4819857458503
4083999.999999901	287.07032178765996
4087999.9999999003	1033.9037008351206
4091999.9999999003	248.15850020605694
4095999.9999999003	743.1488622128128
4099999.9999999003	342.50807519934665
4103999.9999999003	59.394386490877245
4107999.9999999	2369.0543254669315
4111999.9999999	329.34207479341785
4115999.9999999	295.3762028730556
4119999.9999999	131.85457984148383
4123999.9999999	137.1372409856006
4127999.9999998994	278.55425303780993
4131999.9999998994	350.7907392170848
4135999.9999998994	494.0327980707658
4139999.9999998994	335.8969646046538
4143999.999999899	474.3382458230024
4147999.999999899	347.2230443450362
4151999.999999899	544.1014847171499
4155999.999999899	892.8192352936281
4159999.999999899	1955.5604217413963
4163999.9999998985	224.8450141725554
4167999.9999998985	659.2460788404919
4171999.9999998985	361.1431869938571
4175999.9999998985	92.1583799842014
4179999.9999998985	279.1286540896083
4183999.999999898	426.9990180224202
4187999.999999898	1180.0125293516805
4191999.999999898	221.55310227088515
4195999.999999898	534.9678900059258
4199999.999999898	135.93461681902224
4203999.999999898	146.38602485725573
4207999.999999898	2564.204785891869
4211999.999999898	428.9134924451574
4215999.999999898	29.595871352598454
4219999.999999898	199.45171633536611
4223999.999999898	151.9947799819735
4227999.999999898	116.1262930102174
4231999.999999897	122.8633831697343
4235999.999999897	420.5356647426624
4239999.999999897	1004.9320174442472
4243999.999999897	72.4066838094563
4247999.999999897	379.4223165703784
4251999.999999897	290.2331665251139
4255999.999999897	989.0887253599069
4259999.999999897	1847.0552749779029
4263999.999999897	420.39296904479386
4267999.999999897	467.9751576981558
4271999.999999896	379.37085135255626
4275999.999999896	327.1938375750565
4279999.999999896	323.99158962391505
4283999.999999896	666.51993280382
4287999.999999896	1235.9551577572747
4291999.999999896	355.1922189063329
4295999.999999896	238.50219251085502
4299999.999999896	190.35345643518522
4303999.999999896	455.6832498724974
4307999.999999895	2575.981741374726
4311999.999999895	461.69476054392186
4315999.999999895	307.8747422374121
4319999.999999895	81.78142640981466
4323999.999999895	221.87749572828898
4327999.999999895	190.77574421815166
4331999.999999895	431.2098124181401
4335999.999999895	843.7053431485043
4339999.999999895	318.7271093466284
4343999.999999895	711.0575023374156
4347999.999999894	317.74562430350255
4351999.999999894	597.5928482136919
4355999.999999894	516.4675886472374
4359999.999999894	1538.1794197153838
4363999.999999894	283.01294471831665
4367999.999999894	623.5698912134275
4371999.999999894	37.61808856474584
4375999.999999894	438.8146339178039
4379999.999999894	242.24785018183658
4383999.999999893	650.8926480019155
4387999.999999893	886.1613776191809
4391999.999999893	293.5108566107529
4395999.999999893	145.85814952920555
4399999.999999893	370.0008650949273
4403999.999999893	594.5749085125839
4407999.999999893	1592.0029256905102
4411999.999999893	519.9873315869334
4415999.999999893	357.927197688075
4419999.999999893	237.41887745191178
4423999.999999892	84.64994683901722
4427999.999999892	171.3847497480632
4431999.999999892	342.0153002164869
4435999.999999892	185.33478551062854
4439999.999999892	649.471922928615
4443999.999999892	434.7599828448391
4447999.999999892	527.3570547799931
4451999.999999892	295.49944290861487
4455999.999999892	402.8339265428619
4459999.999999891	1813.3748928802802
4463999.999999891	282.4487265826832
4467999.999999891	113.13143108151733
4471999.999999891	384.9811213327271
4475999.999999891	112.75921053187422
4479999.999999891	440.27491964715233
4483999.999999891	75.40182808534306
4487999.999999891	726.3445820276174
4491999.999999891	316.8946634396536
4495999.999999891	109.71793309862966
4499999.99999989	217.0309778955979
4503999.99999989	295.1775242745678
4507999.99999989	1837.8982863508213
4511999.99999989	318.6754368312917
4515999.99999989	424.19612529120434
4519999.99999989	406.5505994182403
4523999.99999989	176.2653417921718
4527999.99999989	391.5541210215155
4531999.99999989	564.0830281873225
4535999.99999989	105.21360104025148
4539999.999999889	749.0611829465948
4543999.999999889	196.35302376392738
4547999.999999889	211.2713937709543
4551999.999999889	261.2918164352309
4555999.999999889	245.10222161462633
4559999.999999889	1499.2591961619048
4563999.999999889	415.3195666070858
4567999.999999889	277.0878607790763
4571999.999999889	220.54005514842737
4575999.999999888	224.6976621210779
4579999.999999888	307.26218288402646
4583999.999999888	375.74463856882426
4587999.999999888	720.102136128291
4591999.999999888	145.42506479558403
4595999.999999888	378.32651642188796
4599999.999999888	75.55116649706792
4603999.999999888	665.171951474072
4607999.999999888	1144.2251206688106
4611999.999999888	694.5136817697336
4615999.999999887	127.37207984746368
4619999.999999887	237.11367387710902
4623999.999999887	298.33305763146643
4627999.999999887	83.71526589641347
4631999.999999887	89.4939741264828
4635999.999999887	534.0518158696178
4639999.999999887	1009.7323399513825
4643999.999999887	428.8311006885615
4647999.999999887	290.35119831968626
4651999.999999886	69.11942240742752
4655999.999999886	232.60674346786752
4659999.999999886	1746.6692639808355
4663999.999999886	210.8345491215442
4667999.999999886	329.4850465725616
4671999.999999886	376.21218512301107
4675999.999999886	348.0456605373709
4679999.999999886	582.0556811540797
4683999.999999886	268.3300391744288
4687999.999999886	597.7026512755431
4691999.999999885	338.9693542638967
4695999.999999885	185.6933258824302
4699999.999999885	331.8697579251673
4703999.999999885	202.63560686790873
4707999.999999885	995.6126865240992
4711999.999999885	444.32730597257955
4715999.999999885	282.6961406418431
4719999.999999885	494.87742388790076
4723999.999999885	352.9932224383106
4727999.9999998845	261.22707323475055
4731999.9999998845	176.41951133645935
4735999.9999998845	416.5807475391935
4739999.9999998845	695.8696794931228
4743999.9999998845	420.9549229679702
4747999.9999998845	371.60343617857933
4751999.9999998845	191.6447552307124
4755999.9999998845	368.6287432508718
4759999.9999998845	1296.110220165793
4763999.9999998845	280.97075587723145
4767999.999999884	171.816089653148
4771999.999999884	460.30422748756547
4775999.999999884	264.4834976903295
4779999.999999884	565.4159707234174
4783999.999999884	100.85518001227248
4787999.999999884	517.5667369453375
4791999.999999884	27.454496194153112
4795999.999999884	211.17936541677363
4799999.999999884	248.98538935942688
4803999.999999884	505.30316138813157
4807999.999999883	1280.152015257209
4811999.999999883	798.1963427912046
4815999.999999883	253.62533715941817
4819999.999999883	275.77295036964927
4823999.999999883	210.20756052786643
4827999.999999883	452.2679452302488
4831999.999999883	325.75788819521324
4835999.999999883	121.89730344982799
4839999.999999883	1218.331842297
4843999.999999882	416.1224857702182
4847999.999999882	343.8223591518631
4851999.999999882	175.33579865606623
4855999.999999882	214.6989379398837
4859999.999999882	1285.085369061389
4863999.999999882	406.09914842746946
4867999.999999882	300.03648641949644
4871999.999999882	10.653166330119358
4875999.999999882	266.4105902331911
4879999.999999882	300.5066676144859
4883999.999999881	608.3708772837348
4887999.999999881	797.2684902928931
4891999.999999881	383.5276342945075
4895999.999999881	317.3310445091823
4899999.999999881	361.76652538472143
4903999.999999881	45.51273220984415
4907999.999999881	391.36164811962476
4911999.999999881	835.1306914674433
4915999.999999881	246.4357696789714
4919999.99999988	375.06151885969115
4923999.99999988	407.39319243979304
4927999.99999988	159.6346888502356
4931999.99999988	188.40117542039587
4935999.99999988	134.40267038406847
4939999.99999988	1035.5657736335304
4943999.99999988	245.14511412892872
4947999.99999988	864.4048963132898
4951999.99999988	264.764992179829
4955999.99999988	101.42082751817344
4959999.999999879	1077.9563819063342
4963999.999999879	192.13895544703146
4967999.999999879	643.0342120987742
4971999.999999879	263.44100139383943
4975999.999999879	231.6692226856882
4979999.999999879	282.6719268248196
4983999.999999879	275.003730594103
4987999.999999879	900.4459622637357
4991999.999999879	524.677845185967
4995999.999999878	315.50379483433676
-4999999.999999878	791.9999999999962
-4995999.999999878	315.5037948343343
-4991999.999999879	524.6778451859666
-4987999.999999879	900.4459622637371
-4983999.999999879	275.0037305941023
-4979999.999999879	282.6719268248164
-4975999.999999879	231.66922268568908
-4971999.999999879	263.44100139384176
-4967999.999999879	643.0342120987735
-4963999.999999879	192.13895544703098
-4959999.999999879	1077.9563819063346
-4955999.99999988	101.42082751817225
-4951999.99999988	264.76499217982524
-4947999.99999988	864.404896313287
-4943999.99999988	245.14511412892833
-4939999.99999988	1035.5657736335306
-4935999.99999988	134.4026703840694
-4931999.99999988	188.40117542039982
-4927999.99999988	159.63468885023784
-4923999.99999988	407.39319243979287
-4919999.99999988	375.0615188596904
-4915999.999999881	246.43576967897167
-4911999.999999881	835.1306914674427
-4907999.999999881	391.36164811962726
-4903999.999999881	45.5127322098435
-4899999.999999881	361.76652538472024
-4895999.999999881	317.3310445091805
-4891999.999999881	383.52763429450795
-4887999.999999881	797.2684902928937
-4883999.999999881	608.3708772837348
-4879999.999999882	300.5066676144855
-4875999.999999882	266.4105902331915
-4871999.999999882	10.653166330118928
-4867999.999999882	300.0364864194969
-4863999.999999882	406.09914842746946
-4859999.999999882	1285.0853690613858
-4855999.999999882	214.69893793988425
-4851999.999999882	175.33579865606401
-4847999.999999882	343.8223591518597
-4843999.999999882	416.12248577022143
-4839999.999999883	1218.331842297003
-4835999.999999883	121.89730344982759
-4831999.999999883	325.7578881952146
-4827999.999999883	452.2679452302482
-4823999.999999883	210.20756052786652
-4819999.999999883	275.7729503696486
-4815999.999999883	253.6253371594177
-4811999.999999883	798.1963427912051
-4807999.999999883	1280.15201525721
-4803999.999999884	505.3031613881311
-4799999.999999884	248.98538935942653
-4795999.999999884	211.179365416774
-4791999.999999884	27.45449619415238
-4787999.999999884	517.5667369453364
-4783999.999999884	100.8551800122723
-4779999.999999884	565.4159707234163
-4775999.999999884	264.48349769032995
-4771999.999999884	460.3042274875647
-4767999.999999884	171.81608965315166
-4763999.9999998845	280.97075587723145
-4759999.9999998845	1296.1102201657936
-4755999.9999998845	368.62874325087324
-4751999.9999998845	191.6447552307135
-4747999.9999998845	371.603436178578
-4743999.9999998845	420.9549229679707
-4739999.9999998845	695.8696794931247
-4735999.9999998845	416.5807475391942
-4731999.9999998845	176.41951133645895
-4727999.9999998845	261.2270732347519
-4723999.999999885	352.99322243830903
-4719999.999999885	494.87742388790065
-4715999.999999885	282.696140641843
-4711999.999999885	444.3273059725794
-4707999.999999885	995.612686524099
-4703999.999999885	202.6356068679082
-4699999.999999885	331.8697579251687
-4695999.999999885	185.69332588243262
-4691999.999999885	338.9693542638947
-4687999.999999886	597.702651275544
-4683999.999999886	268.3300391744285
-4679999.999999886	582.0556811540797
-4675999.999999886	348.0456605373691
-4671999.999999886	376.21218512301016
-4667999.999999886	329.4850465725621
-4663999.999999886	210.83454912154446
-4659999.999999886	1746.6692639808336
-4655999.999999886	232.6067434678692
-4651999.999999886	69.11942240742825
-4647999.999999887	290.3511983196843
-4643999.999999887	428.83110068856143
-4639999.999999887	1009.7323399513822
-4635999.999999887	534.0518158696166
-4631999.999999887	89.49397412648277
-4627999.999999887	83.71526589641584
-4623999.999999887	298.3330576314659
-4619999.999999887	237.11367387711218
-4615999.999999887	127.37207984746563
-4611999.999999888	694.5136817697329
-4607999.999999888	1144.225120668812
-4603999.999999888	665.1719514740689
-4599999.999999888	75.5511664970673
-4595999.999999888	378.32651642188813
-4591999.999999888	145.4250647955835
-4587999.999999888	720.1021361282924
-4583999.999999888	375.744638568824
-4579999.999999888	307.26218288402936
-4575999.999999888	224.69766212107766
-4571999.999999889	220.54005514842692
-4567999.999999889	277.0878607790767
-4563999.999999889	415.31956660708755
-4559999.999999889	1499.259196161905
-4555999.999999889	245.10222161462417
-4551999.999999889	261.2918164352299
-4547999.999999889	211.27139377095713
-4543999.999999889	196.35302376392707
-4539999.999999889	749.0611829465972
-4535999.99999989	105.21360104025075
-4531999.99999989	564.0830281873202
-4527999.99999989	391.55412102151547
-4523999.99999989	176.2653417921739
-4519999.99999989	406.5505994182393
-4515999.99999989	424.19612529120445
-4511999.99999989	318.67543683129384
-4507999.99999989	1837.898286350821
-4503999.99999989	295.17752427456776
-4499999.99999989	217.0309778955963
-4495999.999999891	109.71793309863043
-4491999.999999891	316.89466343965273
-4487999.999999891	726.3445820276168
-4483999.999999891	75.40182808534266
-4479999.999999891	440.2749196471524
-4475999.999999891	112.7592105318736
-4471999.999999891	384.9811213327256
-4467999.999999891	113.13143108151776
-4463999.999999891	282.448726582683
-4459999.999999891	1813.3748928802809
-4455999.999999892	402.83392654286246
-4451999.999999892	295.4994429086202
-4447999.999999892	527.3570547799962
-4443999.999999892	434.7599828448398
-4439999.999999892	649.4719229286131
-4435999.999999892	185.3347855106255
-4431999.999999892	342.01530021648813
-4427999.999999892	171.38474974805987
-4423999.999999892	84.64994683901652
-4419999.999999893	237.4188774519139
-4415999.999999893	357.92719768807507
-4411999.999999893	519.9873315869323
-4407999.999999893	1592.00292569051
-4403999.999999893	594.5749085125864
-4399999.999999893	370.0008650949267
-4395999.999999893	145.85814952920646
-4391999.999999893	293.510856610754
-4387999.999999893	886.16137761918
-4383999.999999893	650.8926480019161
-4379999.999999894	242.24785018184213
-4375999.999999894	438.81463391780426
-4371999.999999894	37.618088564750735
-4367999.999999894	623.5698912134284
-4363999.999999894	283.01294471831557
-4359999.999999894	1538.1794197153822
-4355999.999999894	516.4675886472371
-4351999.999999894	597.5928482136902
-4347999.999999894	317.7456243035006
-4343999.999999895	711.0575023374145
-4339999.999999895	318.72710934662797
-4335999.999999895	843.7053431485052
-4331999.999999895	431.2098124181411
-4327999.999999895	190.77574421815203
-4323999.999999895	221.8774957282904
-4319999.999999895	81.78142640981494
-4315999.999999895	307.87474223740935
-4311999.999999895	461.69476054392146
-4307999.999999895	2575.9817413747287
-4303999.999999896	455.68324987249684
-4299999.999999896	190.35345643519346
-4295999.999999896	238.50219251085613
-4291999.999999896	355.1922189063317
-4287999.999999896	1235.9551577572763
-4283999.999999896	666.5199328038208
-4279999.999999896	323.9915896239169
-4275999.999999896	327.1938375750578
-4271999.999999896	379.370851352556
-4267999.999999897	467.9751576981562
-4263999.999999897	420.39296904479374
-4259999.999999897	1847.0552749779024
-4255999.999999897	989.0887253599057
-4251999.999999897	290.23316652511005
-4247999.999999897	379.42231657037775
-4243999.999999897	72.40668380945642
-4239999.999999897	1004.9320174442472
-4235999.999999897	420.5356647426637
-4231999.999999897	122.86338316973399
-4227999.999999898	116.1262930102162
-4223999.999999898	151.99477998197338
-4219999.999999898	199.45171633536495
-4215999.999999898	29.59587135259831
-4211999.999999898	428.9134924451575
-4207999.999999898	2564.2047858918672
-4203999.999999898	146.38602485725613
-4199999.999999898	135.93461681901928
-4195999.999999898	534.9678900059258
-4191999.999999898	221.55310227088628
-4187999.999999898	1180.0125293516844
-4183999.999999898	426.99901802242147
-4179999.9999998985	279.1286540896089
-4175999.9999998985	92.15837998420153
-4171999.9999998985	361.14318699385535
-4167999.9999998985	659.2460788404915
-4163999.9999998985	224.84501417255282
-4159999.999999899	1955.5604217413968
-4155999.999999899	892.8192352936306
-4151999.999999899	544.1014847171484
-4147999.999999899	347.223044345039
-4143999.999999899	474.33824582300423
-4139999.9999998994	335.89696460465007
-4135999.9999998994	494.03279807076603
-4131999.9999998994	350.7907392170835
-4127999.9999998994	278.5542530378086
-4123999.9999999	137.13724098560124
-4119999.9999999	131.8545798414819
-4115999.9999999	295.3762028730551
-4111999.9999999	329.3420747934181
-4107999.9999999	2369.0543254669305
-4103999.9999999003	59.39438649087913
-4099999.9999999003	342.5080751993448
-4095999.9999999003	743.1488622128132
-4091999.9999999003	248.1585002060563
-4087999.9999999003	1033.9037008351215
-4083999.999999901	287.07032178765945
-4079999.999999901	291.48198574585075
-4075999.999999901	391.9036046801509
-4071999.999999901	266.71090159482543
-4067999.999999901	416.39646505781855
-4063999.9999999013	783.539998549476
-4059999.9999999013	2243.8709600952307
-4055999.9999999013	1717.825120634352
-4051999.9999999013	567.4924722253872
-4047999.9999999017	347.85603788221414
-4043999.9999999017	563.517317942992
-4039999.9999999017	176.4993935313855
-4035999.9999999017	950.7209904247834
-4031999.9999999017	480.5159507525041
-4027999.999999902	123.57124260625805
-4023999.999999902	382.8752279918048
-4019999.999999902	243.69163818679306
-4015999.999999902	146.84675249020398
-4011999.999999902	315.28936176498036
-4007999.9999999027	3460.9150967215546
-4003999.9999999027	445.84218466468644
-3999999.9999999027	192.34768029277885
-3995999.9999999027	485.34555291011435
-3991999.9999999027	395.8914309888979
-3987999.999999903	1149.202186707691
-3983999.999999903	164.28404063557323
-3979999.999999903	302.8261405442594
-3975999.999999903	362.3041098569877
-3971999.999999903	472.75386060082485
-3967999.9999999036	218.9157558063533
-3963999.9999999036	721.238472115065
-3959999.9999999036	1927.4679580658994
-3955999.9999999036	1734.5249945343287
-3951999.999999904	823.1974857790245
-3947999.999999904	273.50322227956696
-3943999.999999904	169.23562645693826
-3939999.999999904	678.995455913407
-3935999.999999904	658.7169471464853
-3931999.9999999045	123.41433422788363
-3927999.9999999045	159.2732215524888
-3923999.9999999045	210.787413339312
-3919999.9999999045	176.91741429921282
-3915999.9999999045	358.58423828851454
-3911999.999999905	229.91051455364342
-3907999.999999905	2669.8747851942617
-3903999.999999905	96.23744186410096
-3899999.999999905	108.0636333492882
-3895999.999999905	402.82747567976986
-3891999.9999999055	125.84395072558422
-3887999.9999999055	937.6073134367685
-3883999.9999999055	456.71408877469224
-3879999.9999999055	307.8445147460173
-3875999.9999999055	147.53206841461386
-3871999.999999906	238.5670761291738
-3867999.999999906	270.0891490636117
-3863999.999999906	377.58181938129655
-3859999.999999906	1529.9176573797201
-3855999.9999999064	1849.3594023766898
-3851999.9999999064	947.0485571322748
-3847999.9999999064	377.830891850777
-3843999.9999999064	404.0130344794811
-3839999.9999999064	510.480549628979
-3835999.999999907	1064.1124568939833
-3831999.999999907	483.2930464060787
-3827999.999999907	407.04651943501955
-3823999.999999907	156.6684236408016
-3819999.999999907	77.16202564414586
-3815999.9999999073	343.777904072574
-3811999.9999999073	351.75039646733876
-3807999.9999999073	3899.519887715864
-3803999.9999999073	19.580017363414566
-3799999.9999999073	174.1979423861433
-3795999.999999908	379.40506205059063
-3791999.999999908	274.1258227233972
-3787999.999999908	779.3409530211596
-3783999.999999908	345.77855107266043
-3779999.9999999083	462.1978332676438
-3775999.9999999083	316.6696081420369
-3771999.9999999083	367.63647212122845
-3767999.9999999083	466.64065500764264
-3763999.9999999083	913.4308047117053
-3759999.9999999087	1764.5512838914394
-3755999.9999999087	2799.0860766667647
-3751999.9999999087	1608.45674288954
-3747999.9999999087	540.4289611155177
-3743999.9999999087	497.3004248240878
-3739999.999999909	540.2229727277328
-3735999.999999909	499.2096149976166
-3731999.999999909	609.0258258938711
-3727999.999999909	248.2158210678954
-3723999.999999909	180.7105698881449
-3719999.9999999097	351.0582451300618
-3715999.9999999097	261.64856149953187
-3711999.9999999097	459.7450062236704
-3707999.9999999097	3499.2082025009227
-3703999.9999999097	649.2946215135861
-3699999.99999991	332.7985237791262
-3695999.99999991	151.7029690980052
-3691999.99999991	100.94924663382209
-3687999.99999991	964.4968213987539
-3683999.9999999106	487.44801504556415
-3679999.9999999106	238.5342903982406
-3675999.9999999106	388.0696732769736
-3671999.9999999106	430.89321898102594
-3667999.9999999106	375.1839687692694
-3663999.999999911	314.7520199971504
-3659999.999999911	1583.7008790432335
-3655999.999999911	2559.364469595241
-3651999.999999911	455.517944640389
-3647999.999999911	348.0041488928654
-3643999.9999999115	248.26905524303928
-3639999.9999999115	277.1170017589856
-3635999.9999999115	911.853290608157
-3631999.9999999115	139.5772976676114
-3627999.9999999115	213.74613882430302
-3623999.999999912	281.10387701564383
-3619999.999999912	429.2982999582479
-3615999.999999912	367.66389294667545
-3611999.999999912	494.45551669345264
-3607999.999999912	3958.4165864480406
-3603999.9999999125	858.2251216201192
-3599999.9999999125	104.10085012596424
-3595999.9999999125	75.70091597129259
-3591999.9999999125	379.7086489666452
-3587999.999999913	818.196412117366
-3583999.999999913	365.4442785843309
-3579999.999999913	363.04160860263335
-3575999.999999913	284.7366352474389
-3571999.999999913	445.6455260062277
-3567999.9999999134	406.0816940337682
-3563999.9999999134	1090.6599332079477
-3559999.9999999134	1647.6442306928855
-3555999.9999999134	4401.40327505666
-3551999.9999999134	1116.1636046250667
-3547999.999999914	657.10146052824
-3543999.999999914	790.8552557763566
-3539999.999999914	309.9917429542072
-3535999.999999914	559.1887031342081
-3531999.999999914	424.55394331018584
-3527999.9999999143	377.38677081652247
-3523999.9999999143	470.7684608053876
-3519999.9999999143	505.5349800809829
-3515999.9999999143	674.3161878230572
-3511999.999999915	1242.4896764678335
-3507999.999999915	4908.921178447923
-3503999.999999915	856.5788905376451
-3499999.999999915	433.3539120222321
-3495999.999999915	217.815344702566
-3491999.9999999152	229.4183737651451
-3487999.9999999152	671.1211698777721
-3483999.9999999152	476.89615916807423
-3479999.9999999152	76.0090184231791
-3475999.9999999152	32.474463273660504
-3471999.9999999157	428.35300915134866
-3467999.9999999157	105.40170509678103
-3463999.9999999157	479.84498826845874
-3459999.9999999157	1011.0513744173915
-3455999.9999999157	3705.714419959591
-3451999.999999916	688.8896864383175
-3447999.999999916	675.2623320929446
-3443999.999999916	528.456942944085
-3439999.999999916	470.20210809216434
-3435999.999999916	1050.7996912648066
-3431999.9999999166	788.6065824046481
-3427999.9999999166	710.3580931481857
-3423999.9999999166	629.6645550781715
-3419999.9999999166	385.1436977620178
-3415999.999999917	811.4222880790345
-3411999.999999917	1032.7746571889365
-3407999.999999917	3674.4367109182917
-3403999.999999917	1317.4284013467784
-3399999.999999917	429.09598681453417
-3395999.9999999176	240.01277731580728
-3391999.9999999176	326.4502010684169
-3387999.9999999176	427.12044665051457
-3383999.9999999176	562.9206416686673
-3379999.9999999176	170.49156321652768
-3375999.999999918	173.05436847697345
-3371999.999999918	203.58462785893954
-3367999.999999918	496.2375946950051
-3363999.999999918	153.54711855932146
-3359999.999999918	1135.6546099721015
-3355999.9999999185	5205.64952288403
-3351999.9999999185	1107.1538234424104
-3347999.9999999185	706.5030270441057
-3343999.9999999185	690.1106985478519
-3339999.9999999185	235.08367677146921
-3335999.999999919	1210.995613432661
-3331999.999999919	1113.2156378281504
-3327999.999999919	344.6996551830742
-3323999.999999919	548.4228575853659
-3319999.9999999194	758.2845624925334
-3315999.9999999194	779.3565202927962
-3311999.9999999194	1178.7474770867163
-3307999.9999999194	5083.745017284754
-3303999.9999999194	2229.5118319319186
-3299999.99999992	632.539332865382
-3295999.99999992	688.7773539519005
-3291999.99999992	453.78241922573244
-3287999.99999992	417.43057325659316
-3283999.99999992	765.0865423560629
-3279999.9999999204	147.43258738876892
-3275999.9999999204	258.02922548629186
-3271999.9999999204	104.10632523316929
-3267999.9999999204	180.48152184985142
-3263999.9999999204	188.92471073817202
-3259999.999999921	910.1895681826537
-3255999.999999921	5907.668085289442
-3251999.999999921	1317.1333590521544
-3247999.999999921	876.6960680364642
-3243999.9999999213	612.0667075465395
-3239999.9999999213	636.0727348866482
-3235999.9999999213	823.333718167379
-3231999.9999999213	695.168980563562
-3227999.9999999213	449.6909596344101
-3223999.999999922	650.1920480293568
-3219999.999999922	359.3383786875428
-3215999.999999922	864.4318405490353
-3211999.999999922	1243.4212021506778
-3207999.999999922	4263.757131926898
-3203999.9999999222	2516.2071794462017
-3199999.9999999222	760.6404912873788
-3195999.9999999222	809.9692151598479
-3191999.9999999222	560.6311914515529
-3187999.9999999222	424.48831107309894
-3183999.9999999227	946.2299055618674
-3179999.9999999227	77.52104311240656
-3175999.9999999227	460.608834198622
-3171999.9999999227	269.5100813772457
-3167999.9999999227	107.54351677103246
-3163999.999999923	349.66602785575196
-3159999.999999923	274.8232248212428
-3155999.999999923	5383.285758381669
-3151999.999999923	769.1151641453191
-3147999.9999999236	290.5368146189277
-3143999.9999999236	694.913075008655
-3139999.9999999236	420.8930744439295
-3135999.9999999236	1090.9263329555558
-3131999.9999999236	635.5471385351955
-3127999.999999924	409.9100829631241
-3123999.999999924	739.6186734885083
-3119999.999999924	637.3526346534896
-3115999.999999924	924.1476429194335
-3111999.999999924	1554.5698601819506
-3107999.9999999246	4677.74974434299
-3103999.9999999246	3225.5883582352153
-3099999.9999999246	1075.07264076674
-3095999.9999999246	805.6255742599838
-3091999.9999999246	664.163473236926
-3087999.999999925	515.471049543779
-3083999.999999925	481.5611013892752
-3079999.999999925	648.6845211410964
-3075999.999999925	208.55489706711003
-3071999.9999999255	394.9926606216145
-3067999.9999999255	232.9579867823661
-3063999.9999999255	315.908586378573
-3059999.9999999255	332.6114113940772
-3055999.9999999255	7243.841458634277
-3051999.999999926	654.5246129547173
-3047999.999999926	392.79157899646776
-3043999.999999926	720.0447300559991
-3039999.999999926	631.4854976673594
-3035999.999999926	478.0661527403231
-3031999.9999999264	558.8167170525742
-3027999.9999999264	581.6765929020803
-3023999.9999999264	232.15445943267392
-3019999.9999999264	638.995210503378
-3015999.9999999264	739.8924569872602
-3011999.999999927	1676.57040570274
-3007999.999999927	4479.640492436606
-3003999.999999927	4200.831985738538
-2999999.999999927	1382.3591696827375
-2995999.999999927	924.452745593342
-2991999.9999999274	878.2615996248217
-2987999.9999999274	711.6105566460626
-2983999.9999999274	676.2997373262621
-2979999.9999999274	623.0353546333388
-2975999.999999928	272.709786943753
-2971999.999999928	366.93185873688924
-2967999.999999928	204.8008030237694
-2963999.999999928	172.0856882982407
-2959999.999999928	406.801831977673
-2955999.9999999283	6617.431670617782
-2951999.9999999283	219.9396304474409
-2947999.9999999283	414.2871046856406
-2943999.9999999283	374.2578993055684
-2939999.9999999283	339.3796128913432
-2935999.9999999288	919.9738296873275
-2931999.9999999288	263.72540621154764
-2927999.9999999288	832.6546365848551
-2923999.9999999288	261.7033976659792
-2919999.9999999288	620.6349543621463
-2915999.999999929	805.913282223584
-2911999.999999929	1540.4472650377106
-2907999.999999929	3707.2291163818613
-2903999.999999929	4408.362830760627
-2899999.999999929	1719.642467649102
-2895999.9999999297	898.2125870237844
-2891999.9999999297	1074.28486299252
-2887999.9999999297	508.9501711746357
-2883999.9999999297	1045.2634256688311
-2879999.99999993	518.7239098469827
-2875999.99999993	652.721149227682
-2871999.99999993	559.3959862965027
-2867999.99999993	448.7207004893919
-2863999.99999993	802.7647589250863
-2859999.9999999306	392.0798579366725
-2855999.9999999306	7678.793616118179
-2851999.9999999306	358.9994910445625
-2847999.9999999306	38.923122632201164
-2843999.9999999306	417.2118261635356
-2839999.999999931	209.40208513233307
-2835999.999999931	593.6592857234247
-2831999.999999931	444.7119196515249
-2827999.999999931	1036.4236244138442
-2823999.999999931	322.11544714732725
-2819999.9999999315	936.5149997067135
-2815999.9999999315	859.1832610812306
-2811999.9999999315	1622.3221735816414
-2807999.9999999315	4397.842856763477
-2803999.999999932	6315.435726942765
-2799999.999999932	2252.2697590755474
-2795999.999999932	1053.5729506238536
-2791999.999999932	603.998393461071
-2787999.999999932	865.5096137825602
-2783999.9999999325	569.8828356066801
-2779999.9999999325	455.0125451954197
-2775999.9999999325	660.8373477526839
-2771999.9999999325	530.7178960280067
-2767999.9999999325	843.4567564198386
-2763999.999999933	414.1763912315863
-2759999.999999933	971.1101812562106
-2755999.999999933	8439.721630689743
-2751999.999999933	660.646448253221
-2747999.999999933	309.74089010161106
-2743999.9999999334	466.83125410752814
-2739999.9999999334	76.54172598608733
-2735999.9999999334	359.57858051054035
-2731999.9999999334	126.23321450889951
-2727999.9999999334	560.5334015478079
-2723999.999999934	400.7814971337403
-2719999.999999934	252.50100242491536
-2715999.999999934	648.9855118610767
-2711999.999999934	1533.0400605830635
-2707999.9999999343	3287.887568911398
-2703999.9999999343	6149.852362173542
-2699999.9999999343	1988.1875171002519
-2695999.9999999343	1148.521018317206
-2691999.9999999343	968.7021930299386
-2687999.999999935	683.8807001680897
-2683999.999999935	870.3466669605041
-2679999.999999935	449.39975315949107
-2675999.999999935	732.4086342424487
-2671999.999999935	552.1347348954542
-2667999.9999999353	487.71379189264263
-2663999.9999999353	567.3466439752143
-2659999.9999999353	1313.058667133117
-2655999.9999999353	7102.651531520752
-2651999.9999999353	1064.1340831558139
-2647999.9999999357	272.55129066023073
-2643999.9999999357	170.072802517391
-2639999.9999999357	211.36558744964557
-2635999.9999999357	374.5484052089546
-2631999.9999999357	265.8236461692904
-2627999.999999936	398.58917299762663
-2623999.999999936	412.2938556607405
-2619999.999999936	384.9899972794145
-2615999.999999936	692.6426895799503
-2611999.9999999367	1254.2744773223408
-2607999.9999999367	3080.741941756342
-2603999.9999999367	7413.537952585757
-2599999.9999999367	1665.31057388087
-2595999.9999999367	1267.5832710438103
-2591999.999999937	928.269194997853
-2587999.999999937	967.795837279119
-2583999.999999937	616.807248482532
-2579999.999999937	878.3090070791797
-2575999.999999937	1053.2105847126652
-2571999.9999999376	624.0772029112719
-2567999.9999999376	491.5321074110168
-2563999.9999999376	805.074203489578
-2559999.9999999376	1544.675907286883
-2555999.9999999376	8448.334375437456
-2551999.999999938	1889.1334235921174
-2547999.999999938	694.26040174085
-2543999.999999938	324.3466020961951
-2539999.999999938	339.4668881008707
-2535999.9999999385	443.7108538094585
-2531999.9999999385	202.0813916293836
-2527999.9999999385	88.67362532632087
-2523999.9999999385	934.7507821937161
-2519999.9999999385	363.6382516486994
-2515999.999999939	963.9891985727426
-2511999.999999939	1384.0890820775232
-2507999.999999939	2749.2944806742826
-2503999.999999939	7273.403707010249
-2499999.999999939	2041.630720772004
-2495999.9999999395	982.9156439194804
-2491999.9999999395	1041.9181136624877
-2487999.9999999395	950.7509444490323
-2483999.9999999395	558.969680118489
-2479999.9999999395	276.2460307931868
-2475999.99999994	731.6943073649334
-2471999.99999994	461.317805564323
-2467999.99999994	966.6002216087176
-2463999.99999994	645.0259039506566
-2459999.99999994	1675.551430175996
-2455999.9999999404	6740.838332341119
-2451999.9999999404	1930.0479475940053
-2447999.9999999404	710.2979427274664
-2443999.9999999404	847.1660425902414
-2439999.999999941	305.45418011545274
-2435999.999999941	485.1799504954302
-2431999.999999941	302.61504705507855
-2427999.999999941	189.38102378912387
-2423999.999999941	504.53504070733686
-2419999.9999999413	357.0172707520305
-2415999.9999999413	233.07338675159457
-2411999.9999999413	467.68986596332826
-2407999.9999999413	1260.3173869428606
-2403999.9999999413	6351.023594776024
-2399999.999999942	1521.5958914714397
-2395999.999999942	1015.0306712440188
-2391999.999999942	919.8157203611387
-2387999.999999942	710.8796166646537
-2383999.999999942	500.3137389044548
-2379999.9999999423	447.0525057837157
-2375999.9999999423	491.187800851842
-2371999.9999999423	606.1634463241396
-2367999.9999999423	972.0310558897066
-2363999.9999999423	1030.364627993676
-2359999.9999999427	1634.8720344657431
-2355999.9999999427	6690.779684944814
-2351999.9999999427	2681.4076514844564
-2347999.9999999427	1039.0396978921272
-2343999.999999943	800.2655413264926
-2339999.999999943	188.04699681614971
-2335999.999999943	692.1023484233986
-2331999.999999943	68.65220375417266
-2327999.999999943	377.36202182171155
-2323999.9999999437	607.3176822557091
-2319999.9999999437	73.3969813218455
-2315999.9999999437	540.2203353167657
-2311999.9999999437	733.6505607003883
-2307999.9999999437	1718.722877663884
-2303999.999999944	7555.522227017076
-2299999.999999944	1026.8642512429708
-2295999.999999944	915.1838524340021
-2291999.999999944	905.9201648770742
-2287999.999999944	510.19896805464043
-2283999.9999999446	603.0973653466938
-2279999.9999999446	707.5260393456646
-2275999.9999999446	550.5355909706312
-2271999.9999999446	838.2376722726207
-2267999.999999945	632.337196340502
-2263999.999999945	892.6180678075801
-2259999.999999945	1713.5423925847408
-2255999.999999945	5701.804346395298
-2251999.999999945	2901.9981316008343
-2247999.9999999455	1463.5366719597403
-2243999.9999999455	530.1965576761522
-2239999.9999999455	601.0370280910973
-2235999.9999999455	603.1511159366005
-2231999.9999999455	304.92736405062647
-2227999.999999946	623.2580667949293
-2223999.999999946	170.61475441950284
-2219999.999999946	298.45111194944485
-2215999.999999946	155.62222112508698
-2211999.999999946	626.3681334790203
-2207999.9999999464	473.40668619889567
-2203999.9999999464	5590.153994293739
-2199999.9999999464	991.4018167219737
-2195999.9999999464	249.84148884824535
-2191999.9999999464	491.53054727080035
-2187999.999999947	159.09978080819693
-2183999.999999947	193.63421823618756
-2179999.999999947	494.9756606460379
-2175999.999999947	715.812471296482
-2171999.9999999474	817.2930183059156
-2167999.9999999474	301.26980941679597
-2163999.9999999474	771.0374719067471
-2159999.9999999474	1133.4782826644407
-2155999.9999999474	3965.1276574055178
-2151999.999999948	2663.7873616438187
-2147999.999999948	1243.5990121877421
-2143999.999999948	772.5431437903694
-2139999.999999948	559.5172216148952
-2135999.999999948	408.9797376275861
-2131999.9999999483	160.15041034333933
-2127999.9999999483	442.55103275033116
-2123999.9999999483	734.630228459595
-2119999.9999999483	203.4734095094375
-2115999.9999999483	186.35100088518934
-2111999.999999949	46.00011209408434
-2107999.999999949	395.2831955782508
-2103999.999999949	6396.309362029926
-2099999.999999949	336.16126772950577
-2095999.999999949	664.1879428935532
-2091999.999999949	495.08379457991674
-2087999.9999999492	210.07340826962562
-2083999.9999999492	125.27886751912844
-2079999.9999999495	716.3946854429943
-2075999.9999999495	270.7061525414423
-2071999.9999999495	279.57115824899813
-2067999.9999999497	868.9497954210353
-2063999.9999999497	1376.6554388082766
-2059999.99999995	1469.222358513212
-2055999.99999995	4899.242257911386
-2051999.9999999502	3881.803343701834
-2047999.9999999502	1591.489513385141
-2043999.9999999502	723.7935841605284
-2039999.9999999504	757.2418092207056
-2035999.9999999504	1005.932371292164
-2031999.9999999506	108.65543495432647
-2027999.9999999506	393.4302096255671
-2023999.9999999509	392.32743934049915
-2019999.9999999509	220.72437558931574
-2015999.9999999509	160.71565255809662
-2011999.999999951	317.6338798958176
-2007999.999999951	106.7890049889796
-2003999.9999999513	6664.5328864806725
-1999999.9999999513	546.0497870029661
-1995999.9999999513	221.41634978550184
-1991999.9999999516	451.57615655963457
-1987999.9999999516	203.6712775564857
-1983999.9999999518	284.92996837725593
-1979999.9999999518	537.0287367205045
-1975999.999999952	514.0872542875053
-1971999.999999952	326.9876297792246
-1967999.999999952	525.6403217630484
-1963999.9999999523	878.9459004812504
-1959999.9999999523	1080.086576660695
-1955999.9999999525	3293.5573097462157
-1951999.9999999525	3467.2513800207425
-1947999.9999999525	1335.639439422037
-1943999.9999999527	846.1958306527214
-1939999.9999999527	725.5982897790722
-1935999.999999953	677.9547056892118
-1931999.999999953	69.44396532211744
-1927999.9999999532	482.0908090232731
-1923999.9999999532	622.2474029105282
-1919999.9999999532	463.6636734135324
-1915999.9999999534	171.92851173742076
-1911999.9999999534	409.5559082227596
-1907999.9999999537	363.69130763543507
-1903999.9999999537	5749.451111515804
-1899999.9999999537	120.97786736469774
-1895999.999999954	41.32735381751623
-1891999.999999954	427.66724166139426
-1887999.9999999541	325.01958894253886
-1883999.9999999541	257.16963674498425
-1879999.9999999544	220.01621368987176
-1875999.9999999544	537.0561586505848
-1871999.9999999544	467.35929231222326
-1867999.9999999546	522.4671229030827
-1863999.9999999546	529.6239588358584
-1859999.9999999548	1271.4480624682592
-1855999.9999999548	3193.72025801026
-1851999.9999999548	4421.890383328446
-1847999.999999955	1636.6779413375202
-1843999.999999955	681.1392486665749
-1839999.9999999553	586.6706789118086
-1835999.9999999553	592.5931946921895
-1831999.9999999555	455.2189288961245
-1827999.9999999555	411.8835686364341
-1823999.9999999555	650.9561793312024
-1819999.9999999558	532.9879857571191
-1815999.9999999558	645.8982761988622
-1811999.999999956	850.9902404070857
-1807999.999999956	793.5973977863437
-1803999.999999956	7392.870135550032
-1799999.9999999562	310.07710052250246
-1795999.9999999562	252.80435128329788
-1791999.9999999565	405.8026520398019
-1787999.9999999565	489.1138814663051
-1783999.9999999567	371.2455039242898
-1779999.9999999567	286.20912445876996
-1775999.9999999567	678.1656760144856
-1771999.999999957	493.4828309709567
-1767999.999999957	651.8704100635367
-1763999.9999999572	679.4135500726287
-1759999.9999999572	1019.9231493182048
-1755999.9999999574	3197.87599072103
-1751999.9999999574	5571.649007492118
-1747999.9999999574	1318.062067940496
-1743999.9999999576	819.2278909934441
-1739999.9999999576	891.5103584683602
-1735999.9999999579	890.6192159541479
-1731999.9999999579	631.8991361097795
-1727999.9999999579	425.1545732779538
-1723999.999999958	333.8420327159034
-1719999.999999958	237.32601317482568
-1715999.9999999583	597.681117783822
-1711999.9999999583	682.5815909110588
-1707999.9999999586	1060.1133567395682
-1703999.9999999586	5350.730335156634
-1699999.9999999586	517.0426816179481
-1695999.9999999588	396.25199613831194
-1691999.9999999588	348.63941709493497
-1687999.999999959	73.45348663525479
-1683999.999999959	248.9765660787404
-1679999.999999959	105.09786114362896
-1675999.9999999593	595.5650395534419
-1671999.9999999593	352.3207414761156
-1667999.9999999595	473.3117430230065
-1663999.9999999595	558.6294521498179
-1659999.9999999597	857.8033713890424
-1655999.9999999597	1752.8666991612993
-1651999.9999999597	4460.553778931561
-1647999.99999996	1187.8588987869473
-1643999.99999996	323.12953455894404
-1639999.9999999602	554.3588627722496
-1635999.9999999602	412.4564826050355
-1631999.9999999602	350.820365247576
-1627999.9999999604	421.89236754538643
-1623999.9999999604	738.3655920743471
-1619999.9999999607	504.04341863995137
-1615999.9999999607	955.8278970554767
-1611999.999999961	754.1214342948374
-1607999.999999961	1254.7935417540025
-1603999.999999961	6522.901194706949
-1599999.9999999611	1497.6730568559112
-1595999.9999999611	751.5542742427965
-1591999.9999999614	498.97031379950636
-1587999.9999999614	171.7026696611331
-1583999.9999999614	503.37879919586834
-1579999.9999999616	98.94824482580599
-1575999.9999999616	259.4634256514771
-1571999.9999999618	307.14274525602127
-1567999.9999999618	470.1572314579126
-1563999.999999962	803.2750523877856
-1559999.999999962	1130.6218821809193
-1555999.999999962	2395.2040416597188
-1551999.9999999623	7225.335361231213
-1547999.9999999623	1738.906778487495
-1543999.9999999625	1089.7141409418002
-1539999.9999999625	814.8128968050017
-1535999.9999999627	874.1898462789762
-1531999.9999999627	370.0043169802995
-1527999.9999999627	720.714791212985
-1523999.999999963	852.9316284509728
-1519999.999999963	407.07218057910745
-1515999.9999999632	1209.8077487950486
-1511999.9999999632	1001.7338388254856
-1507999.9999999632	1238.0044998503513
-1503999.9999999634	6941.782321468546
-1499999.9999999634	1831.34481668953
-1495999.9999999637	641.9029168825275
-1491999.9999999637	515.40424726692
-1487999.999999964	173.4079458665533
-1483999.999999964	500.314199183919
-1479999.999999964	285.18643695039384
-1475999.9999999641	243.78327540723555
-1471999.9999999641	352.83029546753465
-1467999.9999999644	208.33913017163889
-1463999.9999999644	192.54086876014844
-1459999.9999999644	477.7412401368375
-1455999.9999999646	1275.4059401790303
-1451999.9999999646	4742.544076372582
-1447999.9999999648	1162.465787399371
-1443999.9999999648	540.0496614322471
-1439999.999999965	935.6178052478316
-1435999.999999965	703.4047522102959
-1431999.999999965	507.69933811190543
-1427999.9999999653	602.165127981647
-1423999.9999999653	353.5008789037342
-1419999.9999999655	591.2023805132264
-1415999.9999999655	924.3369656892488
-1411999.9999999655	570.492083026167
-1407999.9999999658	1015.0647071134289
-1403999.9999999658	5096.122507329089
-1399999.999999966	2071.833600663705
-1395999.999999966	979.5215946899837
-1391999.9999999662	379.95744947956894
-1387999.9999999662	581.4410893737871
-1383999.9999999662	594.1411862572813
-1379999.9999999665	487.1138110188075
-1375999.9999999665	94.61690717639418
-1371999.9999999667	54.93952242087038
-1367999.9999999667	272.4784404613002
-1363999.9999999667	57.051372928439974
-1359999.999999967	567.9249866704334
-1355999.999999967	1648.869019738295
-1351999.9999999672	7712.592606264994
-1347999.9999999672	1378.8652629777046
-1343999.9999999674	865.4397098033623
-1339999.9999999674	860.3338323164187
-1335999.9999999674	780.6029196733563
-1331999.9999999676	343.7123500139221
-1327999.9999999676	685.5677611529368
-1323999.9999999679	729.3395760239698
-1319999.9999999679	630.1313033169474
-1315999.9999999679	940.914104766466
-1311999.999999968	923.3520841207347
-1307999.999999968	1707.8995037493337
-1303999.9999999683	7275.629079932257
-1299999.9999999683	3862.145012851323
-1295999.9999999686	1443.7495883825522
-1291999.9999999686	855.9696714506159
-1287999.9999999686	563.5463156135802
-1283999.9999999688	695.7121610166295
-1279999.9999999688	307.6972869576132
-1275999.999999969	168.23174474471085
-1271999.999999969	159.93837874960016
-1267999.9999999693	227.91894677744966
-1263999.9999999693	403.76420322316034
-1259999.9999999693	252.10934051414836
-1255999.9999999695	996.2958282434355
-1251999.9999999695	7656.6553105802805
-1247999.9999999697	1082.9056316052818
-1243999.9999999697	731.5436256220557
-1239999.9999999697	810.0925163861593
-1235999.99999997	462.78971536368584
-1231999.99999997	162.46422842492797
-1227999.9999999702	454.45578191302064
-1223999.9999999702	568.3820981648186
-1219999.9999999704	533.4743049615013
-1215999.9999999704	391.60825029794455
-1211999.9999999704	383.7592232440487
-1207999.9999999707	1578.570525167127
-1203999.9999999707	4704.9990165473855
-1199999.999999971	2984.1327495223272
-1195999.999999971	1135.0692495280703
-1191999.999999971	858.1906617368977
-1187999.9999999711	672.0006835390374
-1183999.9999999711	792.6414069414107
-1179999.9999999714	160.03398282621228
-1175999.9999999714	212.8170378070223
-1171999.9999999716	328.97562492806225
-1167999.9999999716	207.90967199724105
-1163999.9999999716	127.9788358935918
-1159999.9999999718	352.3769621229399
-1155999.9999999718	170.929939431936
-1151999.999999972	6915.811745524971
-1147999.999999972	824.8717722340235
-1143999.999999972	740.8975702935534
-1139999.9999999723	531.5424955284959
-1135999.9999999723	600.1644749064803
-1131999.9999999725	372.36374603100813
-1127999.9999999725	698.4870593754837
-1123999.9999999728	516.1778990740463
-1119999.9999999728	252.85365104079173
-1115999.9999999728	874.1959107789771
-1111999.999999973	840.3250416511322
-1107999.999999973	2037.9257046595283
-1103999.9999999732	6727.277582644311
-1099999.9999999732	4819.132449062028
-1095999.9999999732	1474.6010231955825
-1091999.9999999735	875.1590683956828
-1087999.9999999735	855.7698299085296
-1083999.9999999737	973.9279929919926
-1079999.9999999737	210.10118123291934
-1075999.999999974	129.650628904135
-1071999.999999974	476.1954161121718
-1067999.999999974	371.09487909670503
-1063999.9999999742	322.9693099994185
-1059999.9999999742	442.8968893242941
-1055999.9999999744	277.68721378192043
-1051999.9999999744	10380.73327035482
-1047999.9999999745	487.1452287621779
-1043999.9999999746	372.79706963585204
-1039999.9999999747	730.7515673910235
-1035999.9999999747	467.071532378898
-1031999.9999999749	150.98613262867133
-1027999.999999975	567.9379764373147
-1023999.9999999751	682.4344912016685
-1019999.9999999752	689.2324810527639
-1015999.9999999753	858.0542765392352
-1011999.9999999754	1484.8410462432198
-1007999.9999999754	1902.773484109343
-1003999.9999999756	5832.722988977677
-999999.9999999757	5900.068739090594
-995999.9999999758	2334.3262372846625
-991999.9999999759	1371.7676268934497
-987999.999999976	1023.895750170333
-983999.999999976	974.9584026985686
-979999.9999999761	455.9044894152821
-975999.9999999763	746.7429209751771
-971999.9999999764	425.0406338533487
-967999.9999999765	178.1856026769691
-963999.9999999766	462.54380749917107
-959999.9999999766	612.4693951083968
-955999.9999999767	462.09040856659465
-951999.9999999768	7437.499887908411
-947999.999999977	332.23319622088684
-943999.9999999771	592.1147702053615
-939999.9999999772	212.63324862343367
-935999.9999999772	260.16534616311026
-931999.9999999773	231.01246144245997
-927999.9999999774	518.788648028036
-923999.9999999775	465.3623619344166
-919999.9999999776	405.31947126751373
-915999.9999999778	602.2386843394232
-911999.9999999778	1029.1651571084176
-907999.9999999779	1246.3767231177046
-903999.999999978	3441.991057990503
-899999.9999999781	5040.710133515691
-895999.9999999782	1605.8488876739148
-891999.9999999783	1083.2684151101064
-887999.9999999783	848.9669795580323
-883999.9999999785	734.4224455626515
-879999.9999999786	521.2754230222284
-875999.9999999787	621.8940553046971
-871999.9999999788	892.7264150057763
-867999.9999999789	532.1228970298689
-863999.9999999789	566.0005949385711
-859999.999999979	747.4681921939043
-855999.9999999792	1284.4874199189603
-851999.9999999793	11960.505818622227
-847999.9999999794	523.7012802495683
-843999.9999999795	429.05981123341394
-839999.9999999795	145.47215107169686
-835999.9999999796	221.7730612275445
-831999.9999999797	495.4787431669957
-827999.9999999799	640.4294063718559
-823999.99999998	879.1690587910296
-819999.9999999801	896.0142929454272
-815999.9999999801	1223.230640937906
-811999.9999999802	1967.815975482979
-807999.9999999803	2801.732660628113
-803999.9999999804	7422.164018554823
-799999.9999999806	11224.929772781616
-795999.9999999807	3316.1332995623247
-791999.9999999807	2089.9665828718266
-787999.9999999808	1448.9462094045373
-783999.9999999809	1273.81238923391
-779999.999999981	683.563950875284
-775999.9999999811	1126.6908920775334
-771999.9999999813	630.0862546110602
-767999.9999999814	752.5990413227905
-763999.9999999814	1074.0364324300217
-759999.9999999815	1318.3864472883274
-755999.9999999816	1955.9559775870669
-751999.9999999817	13092.7270471381
-747999.9999999818	1453.2890197740135
-743999.999999982	498.73772785489456
-739999.999999982	452.48501918877406
-735999.9999999821	168.81392933530003
-731999.9999999822	343.23867556739384
-727999.9999999823	236.07051955867166
-723999.9999999824	459.3148307145301
-719999.9999999825	439.4540302795043
-715999.9999999825	514.0228439534767
-711999.9999999827	762.9372957884734
-707999.9999999828	1188.6078080288464
-703999.9999999829	2609.771729078828
-699999.999999983	5076.473589802146
-695999.9999999831	1293.9024616710137
-691999.9999999831	1131.1193893337763
-687999.9999999832	321.207308000311
-683999.9999999834	779.3295760282766
-679999.9999999835	207.47914772987625
-675999.9999999836	490.9018212323171
-671999.9999999837	753.2423898338991
-667999.9999999837	560.1766495527742
-663999.9999999838	658.2779842514582
-659999.9999999839	815.6947767268908
-655999.999999984	1434.2761882583
-651999.9999999842	9241.587944724737
-647999.9999999843	1774.4784165048102
-643999.9999999843	801.6994424846479
-639999.9999999844	273.27843482323016
-635999.9999999845	260.4928378920762
-631999.9999999846	538.3846047746302
-627999.9999999847	136.1083720540121
-623999.9999999849	291.95201277317756
-619999.9999999849	66.82626694919502
-615999.999999985	586.26023364841
-611999.9999999851	1216.4724813516837
-607999.9999999852	2169.4932670955573
-603999.9999999853	7182.735069263022
-599999.9999999854	18855.755480197353
-595999.9999999854	5138.376537731967
-591999.9999999856	2997.227932397555
-587999.9999999857	2714.483752102042
-583999.9999999858	2694.5058382227585
-579999.9999999859	2121.5357829856584
-575999.999999986	2103.7835608225387
-571999.999999986	2257.1612360246427
-567999.9999999861	2228.783446105689
-563999.9999999863	2284.6251059586307
-559999.9999999864	3241.6100685772353
-555999.9999999865	4586.02644833252
-551999.9999999866	23293.425363849186
-547999.9999999866	5820.61685708558
-543999.9999999867	1737.8655090393268
-539999.9999999868	814.6468201141619
-535999.999999987	586.5279766246254
-531999.9999999871	610.8428720709904
-527999.9999999872	567.6036623931628
-523999.99999998725	624.4519517524551
-519999.99999998737	242.70839803426284
-515999.9999999874	769.2796924003558
-511999.99999998754	1121.101629872803
-507999.99999998766	2622.5047516347963
-503999.9999999877	6104.961462283987
-499999.99999998783	16457.289634200188
-495999.99999998795	3341.134853691159
-491999.999999988	1732.1050826068924
-487999.9999999881	1070.3625381761153
-483999.99999998824	845.7747525030584
-479999.9999999883	484.40592087663015
-475999.9999999884	499.61146294735414
-471999.99999998853	609.2490587849946
-467999.9999999886	726.119470435692
-463999.9999999887	518.0182309708964
-459999.9999999888	200.76154627919465
-455999.9999999889	177.6696413104064
-451999.999999989	1569.6066364740366
-447999.9999999891	1115.7696067302109
-443999.9999999892	383.378603484247
-439999.9999999893	510.42280219227456
-435999.9999999894	496.7497766343182
-431999.99999998946	332.61741038455256
-427999.9999999896	100.3062834392701
-423999.9999999897	285.45407390426783
-419999.99999998976	435.9579442992593
-415999.9999999899	475.1128260799283
-411999.99999999	782.272519034349
-407999.99999999005	2030.8981666525551
-403999.99999999016	5232.859908318778
-399999.9999999903	24818.608347593934
-395999.99999999034	5115.225012316567
-391999.99999999045	3458.8701985290913
-387999.99999999057	3028.8573231083064
-383999.9999999907	2745.518199836078
-379999.99999999074	2525.5028421172838
-375999.99999999086	2450.0187779732446
-371999.999999991	3232.608090079744
-367999.99999999104	3343.822867213538
-363999.99999999115	4217.263816888844
-359999.99999999127	5603.853694378147
-355999.9999999913	9347.932813486002
-351999.99999999144	38000.597418690835
-347999.99999999156	16887.452277182612
-343999.9999999916	6940.752403296103
-339999.99999999173	3983.84118131082
-335999.99999999185	3129.0776228393174
-331999.9999999919	2263.934437656972
-327999.999999992	1561.5586874668384
-323999.99999999214	1023.6587347697413
-319999.9999999922	964.9932682697761
-315999.9999999923	267.13054776694213
-311999.99999999243	596.2735520570798
-307999.9999999925	2434.0196490654525
-303999.9999999926	7159.169866267403
-299999.9999999927	46516.87930084707
-295999.9999999928	7759.116581570214
-291999.9999999929	4938.098232777164
-287999.999999993	3708.4476307430436
-283999.9999999931	3509.338836152304
-279999.9999999932	3070.01572540025
-275999.9999999933	3066.1610617748274
-271999.99999999336	2569.0285787310545
-267999.9999999935	3001.1470008042484
-263999.9999999936	3407.0668172139453
-259999.99999999368	4200.108739948677
-255999.99999999377	5999.002342441609
-251999.99999999386	18188.331496322815
-247999.99999999398	8833.666267374712
-243999.99999999406	2267.5129765703205
-239999.99999999415	1520.781446992314
-235999.99999999427	1170.7153448412082
-231999.99999999435	228.36917085542134
-227999.99999999444	630.9788675905929
-223999.99999999456	213.1087680317257
-219999.99999999464	887.8301355414957
-215999.99999999473	833.434134152801
-211999.99999999485	835.0256279557623
-207999.99999999494	676.5926466171929
-203999.99999999502	600.4041047558745
-199999.99999999514	30005.534350122478
-195999.99999999523	4375.316898822217
-191999.99999999534	3436.617941107101
-187999.99999999543	3301.9145859051937
-183999.99999999552	3750.8700943442577
-179999.99999999563	3980.101916348232
-175999.99999999572	4563.859999820975
-171999.9999999958	5296.54097649784
-167999.99999999593	6272.761645328241
-163999.999999996	8348.60634254718
-159999.9999999961	12056.663716627208
-155999.99999999622	20488.831539613253
-151999.9999999963	70891.40417319635
-147999.9999999964	54348.79424388523
-143999.9999999965	20216.333480316775
-139999.9999999966	13235.754385194094
-135999.99999999668	9768.4433639267
-131999.9999999968	7807.417184039606
-127999.99999999689	7164.860479678919
-123999.99999999699	6066.134784816363
-119999.99999999708	5046.630466819774
-115999.99999999718	4146.573354442674
-111999.99999999728	3454.9288335941615
-107999.99999999737	2591.8484029090114
-103999.99999999747	2267.452136426402
-99999.99999999757	170147.41806425227
-95999.99999999767	14951.627414938503
-91999.99999999776	11558.04867444938
-87999.99999999786	10523.914692839831
-83999.99999999796	10927.371315559076
-79999.99999999805	11173.7205632827
-75999.99999999815	12647.208112103408
-71999.99999999825	14555.377268203807
-67999.99999999834	17450.127059155315
-63999.99999999844	22292.900482504665
-59999.99999999854	31176.657504821305
-55999.99999999864	52130.09707190057
-51999.999999998734	162095.0452085996
-47999.999999998836	147301.7868229389
-43999.99999999893	51668.62406863568
-39999.999999999025	32106.98567318403
-35999.99999999913	23360.0997188079
-31999.99999999922	18948.088457691923
-27999.99999999932	15444.810159422212
-23999.999999999418	13755.156484039875
-19999.999999999513	12166.177385333012
-15999.99999999961	11689.168091673944
-11999.999999999709	10775.03279413266
-7999.999999999805	10505.068075697369
-3999.9999999999027	10268.632232099284
