0.0	473650.0
3999.9999999999027	972.9730230559967
7999.999999999805	1666.8292298174554
11999.999999999709	1391.8587478178306
15999.99999999961	2421.9378121312293
19999.999999999513	1473.7645435388488
23999.999999999418	3148.9389810380917
27999.99999999932	6528.571211079583
31999.99999999922	5004.862513350619
35999.99999999913	6323.640126703588
39999.999999999025	6927.640441579718
43999.99999999893	8347.73291265208
47999.999999998836	9894.79128772876
51999.999999998734	12003.026187313642
55999.99999999864	15197.333002968184
59999.99999999854	19542.829154370676
63999.99999999844	27943.831476545653
67999.99999999834	44125.54279819329
71999.99999999825	107748.41015161079
75999.99999999815	323027.14895502216
79999.99999999805	67292.85666701403
83999.99999999796	37288.058318263866
87999.99999999786	26696.173680144202
91999.99999999776	20393.586662696667
95999.99999999767	16895.626116032538
99999.99999999757	14262.720711621898
103999.99999999747	12381.197344733033
107999.99999999737	11087.08398151372
111999.99999999728	9657.073641263327
115999.99999999718	9208.550665816241
119999.99999999708	7368.1288307116365
123999.99999999699	10001.307452718254
127999.99999999689	8582.215631737434
131999.9999999968	6166.235703085893
135999.99999999668	6482.48698175833
139999.9999999966	5543.209648697365
143999.9999999965	5499.77843122552
147999.9999999964	4940.425718666858
151999.9999999963	4721.964875623505
155999.99999999622	4423.818688964164
159999.9999999961	4015.2368497488283
163999.999999996	4041.028819664179
167999.99999999593	3232.3957860752994
171999.9999999958	4573.363079257549
175999.99999999572	5392.122593020492
179999.99999999563	1680.2489845788266
183999.99999999552	2576.6896180694207
187999.99999999543	1548.924396264657
191999.99999999534	1770.8592586317122
195999.99999999523	989.8854743962908
199999.99999999514	1342.9032311830313
203999.99999999502	1333.6231939635843
207999.99999999494	2783.156683650718
211999.99999999485	4184.508536120596
215999.99999999473	8427.885662721183
219999.99999999464	16699.5145347276
223999.99999999456	104957.75271374447
227999.99999999444	37275.76601081691
231999.99999999435	18919.156281941683
235999.99999999427	12638.036600144389
239999.99999999415	10520.058485361544
243999.99999999406	8692.240046233806
247999.99999999398	7853.45704912079
251999.99999999386	7052.0157925932635
255999.99999999377	6440.815749862991
259999.99999999368	6140.3961311748635
263999.9999999936	5371.923687052872
267999.9999999935	5542.443688256963
271999.99999999336	3129.029542306696
275999.9999999933	5507.554431774688
279999.9999999932	6550.294182954136
283999.9999999931	4950.069611782311
287999.999999993	5340.10738243926
291999.9999999929	4734.7254338562825
295999.9999999928	4870.749919387272
299999.9999999927	4591.859563905383
303999.9999999926	4537.08585742998
307999.9999999925	4503.825963444654
311999.99999999243	4181.050044452669
315999.9999999923	4456.589683935265
319999.9999999922	3231.1080013069322
323999.99999999214	4040.8044146251705
327999.999999992	7189.3971273859415
331999.9999999919	4767.857747348088
335999.99999999185	5477.510842963051
339999.99999999173	4992.200923516212
343999.9999999916	5458.8079073038625
347999.99999999156	5477.373405167231
351999.99999999144	5907.711145691284
355999.9999999913	6480.365803312283
359999.99999999127	7168.080664914829
363999.99999999115	9092.226429456758
367999.99999999104	11801.475800798005
371999.999999991	26112.033598957907
375999.99999999086	60868.34921648975
379999.99999999074	11611.025390189756
383999.9999999907	4793.44888683685
387999.99999999057	3045.003299960185
391999.99999999045	1908.3977823847915
395999.99999999034	1205.0652480888257
399999.9999999903	1321.7248450157676
403999.99999999016	832.5395329400388
407999.99999999005	1287.8380771701259
411999.99999999	1092.1298395889823
415999.9999999899	1320.0622467835487
419999.99999998976	1819.2306386794392
423999.9999999897	2021.187279486599
427999.9999999896	1085.426795361936
431999.99999998946	1782.4943656544542
435999.9999999894	1031.3099217459185
439999.9999999893	1710.5854648250724
443999.9999999892	1263.5942005724628
447999.9999999891	1702.4436535521686
451999.999999989	1442.8667217346056
455999.9999999889	1687.0684640669922
459999.9999999888	1630.634509953182
463999.9999999887	1615.0095222805314
467999.9999999886	1950.2536487587834
471999.99999998853	1253.5416631959656
475999.9999999884	1376.6814412929123
479999.9999999883	2806.376876915599
483999.99999998824	1681.7184539987861
487999.9999999881	2466.818383646725
491999.999999988	2075.5367011442154
495999.99999998795	2585.4925439595795
499999.99999998783	2563.0728866663153
503999.9999999877	2972.3002064063326
507999.99999998766	3451.717240132597
511999.99999998754	3999.5254359052674
515999.9999999874	5899.5984763693195
519999.99999998737	8744.011030184065
523999.99999998725	47706.92596530698
527999.9999999872	12734.995317574681
531999.9999999871	6107.760147337472
535999.999999987	3291.659907976212
539999.9999999868	2559.8720125510117
543999.9999999867	1996.6750781066164
547999.9999999866	1507.630384049711
551999.9999999866	1581.453234618532
555999.9999999865	1014.6474675837358
559999.9999999864	1412.6828727795744
563999.9999999863	768.101880454508
567999.9999999861	1330.5329989066668
571999.999999986	2045.7346682629393
575999.999999986	1402.748391223541
579999.9999999859	2045.4560297672492
583999.9999999858	1296.7695139786438
587999.9999999857	1164.4412502490893
591999.9999999856	1286.0383322323266
595999.9999999854	946.8661329447006
599999.9999999854	1286.7988372994266
603999.9999999853	832.5678944988806
607999.9999999852	1295.9058975422556
611999.9999999851	748.085238767885
615999.999999985	1308.6325049806721
619999.9999999849	1120.9425459732615
623999.9999999849	1187.4704934790218
627999.9999999847	3450.5884892533213
631999.9999999846	1531.5349156424916
635999.9999999845	1749.0139194002593
639999.9999999844	1650.9385542387208
643999.9999999843	1655.1797372494834
647999.9999999843	1913.0841912500316
651999.9999999842	1873.366973387645
655999.999999984	2470.0600733735027
659999.9999999839	2548.7101320773913
663999.9999999838	3973.1035738779337
667999.9999999837	5080.406821042566
671999.9999999837	14025.195029903147
675999.9999999836	34695.83294972133
679999.9999999835	8401.87079406039
683999.9999999834	3933.0942533980788
687999.9999999832	3328.383447272254
691999.9999999831	2203.4374178159546
695999.9999999831	2163.3100723167436
699999.999999983	1629.9829107366331
703999.9999999829	1650.4622659986446
707999.9999999828	1378.403243553004
711999.9999999827	1337.274070462487
715999.9999999825	1310.0032872468003
719999.9999999825	1141.1477312521606
723999.9999999824	3075.9773828414955
727999.9999999823	2552.3976886026926
731999.9999999822	747.8565917008366
735999.9999999821	1469.0456141401453
739999.999999982	796.1121863717747
743999.999999982	1276.5982659996673
747999.9999999818	798.8598234852583
751999.9999999817	1180.3631700628287
755999.9999999816	806.4881117635066
759999.9999999815	1122.037112178417
763999.9999999814	869.0306907716836
767999.9999999814	1121.8908015430068
771999.9999999813	1686.1843381477406
775999.9999999811	3052.9985391032733
779999.999999981	1078.2005183829344
783999.9999999809	1109.7992300368592
787999.9999999808	782.5845714935089
791999.9999999807	1108.5647860429726
795999.9999999807	809.9518315628906
799999.9999999806	1238.6760120394792
803999.9999999804	982.686825549463
807999.9999999803	1646.401632583069
811999.9999999802	1535.2258103681515
815999.9999999801	3083.984583921969
819999.9999999801	4273.726692935721
823999.99999998	29890.808947844183
827999.9999999799	8142.152938765417
831999.9999999797	4796.756087039329
835999.9999999796	2598.8414651207277
839999.9999999795	2530.7745781526296
843999.9999999795	1760.6335480107157
847999.9999999794	1836.9834933083146
851999.9999999793	1436.460668138632
855999.9999999792	1464.9712501910471
859999.999999979	1269.7119084827207
863999.9999999789	1164.6120919432074
867999.9999999789	1166.9474864464933
871999.9999999788	1754.0051631030906
875999.9999999787	1226.059994365111
879999.9999999786	2562.7897624367174
883999.9999999785	1099.5251220080895
887999.9999999783	1689.5404135295116
891999.9999999783	1075.2389016624638
895999.9999999782	1443.8696550800535
899999.9999999781	1066.666044020051
903999.999999978	1287.0923087891022
907999.9999999779	1067.714938038441
911999.9999999778	1123.85002729778
915999.9999999778	1063.9999626496535
919999.9999999776	1134.505252750787
923999.9999999775	627.3505341230123
927999.9999999774	3841.781639025847
931999.9999999773	1374.1395222090766
935999.9999999772	2085.6201946445767
939999.9999999772	1460.4217851879444
943999.9999999771	1910.3086736177206
947999.999999977	1680.9508555110478
951999.9999999768	1989.106838627103
955999.9999999767	2129.931325830295
959999.9999999766	2377.1454845175167
963999.9999999766	3281.6916962982136
967999.9999999765	4005.6260054397635
971999.9999999764	10728.673078500373
975999.9999999763	23249.816790703095
979999.9999999761	5737.033890545636
983999.999999976	2452.6217492137525
987999.999999976	1965.5760476748937
991999.9999999759	1441.2697095088363
995999.9999999758	1082.048556332132
999999.9999999757	1178.1152949374527
1003999.9999999756	694.6470244246851
1007999.9999999754	1091.1158451905953
1011999.9999999754	504.2584653817448
1015999.9999999753	1090.450259235486
1019999.9999999752	835.021685510947
1023999.9999999751	2591.6538526070153
1027999.999999975	1926.7520340422013
1031999.9999999749	935.2204116345106
1035999.9999999747	730.4431289447392
1039999.9999999747	926.4210238532763
1043999.9999999746	541.5579600729766
1047999.9999999745	925.9319851789517
1051999.9999999744	473.6723684936119
1055999.9999999744	930.2337412807651
1059999.9999999742	470.05214678813815
1063999.9999999742	964.2852512288329
1067999.999999974	618.6679774882101
1071999.999999974	1608.1090962606218
1075999.999999974	2846.3095496847022
1079999.9999999737	1318.7540989424251
1083999.9999999737	452.3935997317455
1087999.9999999735	1022.6225903320175
1091999.9999999735	490.02525568518587
1095999.9999999732	1004.6831605258775
1099999.9999999732	676.241493487918
1103999.9999999732	1066.6149307978988
1107999.999999973	1084.3263020634395
1111999.999999973	1329.7171475580217
1115999.9999999728	2254.005051897887
1119999.9999999728	2974.036097125086
1123999.9999999728	22208.537847520278
1127999.9999999725	5407.848300195056
1131999.9999999725	3425.030308661608
1135999.9999999723	1872.544072210274
1139999.9999999723	1686.5995003885284
1143999.999999972	1398.658877865034
1147999.999999972	1116.4523299335717
1151999.999999972	1235.6756563208864
1155999.9999999718	773.2651688650944
1159999.9999999718	1161.0453218093623
1163999.9999999716	448.10934735986484
1167999.9999999716	1122.0000052764246
1171999.9999999716	1665.7926277741287
1175999.9999999714	1120.881699468135
1179999.9999999714	2153.9018224724105
1183999.9999999711	1099.4250165179374
1187999.9999999711	1214.7571371489105
1191999.999999971	1099.3590864043967
1195999.999999971	935.2830093543766
1199999.999999971	1106.0717646792743
1203999.9999999707	741.6737356301489
1207999.9999999707	1116.359842133979
1211999.9999999704	503.097700225616
1215999.9999999704	1116.5361124810368
1219999.9999999704	730.1216491024411
1223999.9999999702	791.2645562098166
1227999.9999999702	3669.160379782929
1231999.99999997	1415.9645734811422
1235999.99999997	1774.0166760699103
1239999.9999999697	1477.0789561928061
1243999.9999999697	1555.1392520431161
1247999.9999999697	1651.8852431179698
1251999.9999999695	1599.5263213017354
1255999.9999999695	2008.6239323566733
1259999.9999999693	1913.0547802824708
1263999.9999999693	2927.5893997802777
1267999.9999999693	3192.6706626725886
1271999.999999969	8932.599186051852
1275999.999999969	17222.895111642534
1279999.9999999688	4448.575212414495
1283999.9999999688	1469.3951060011334
1287999.9999999686	1473.896150742761
1291999.9999999686	621.4116796939587
1295999.9999999686	881.5302407082509
1299999.9999999683	383.8168795678153
1303999.9999999683	730.7414448378785
1307999.999999968	313.19697337894695
1311999.999999968	773.0402992302602
1315999.9999999679	320.83637599842655
1319999.9999999679	1271.0986662346138
1323999.9999999679	1988.7597634447527
1327999.9999999676	1702.365554183117
1331999.9999999676	498.1168297001058
1335999.9999999674	734.4514811539857
1339999.9999999674	375.9884285661889
1343999.9999999674	699.7621684979508
1347999.9999999672	332.6579414734185
1351999.9999999672	736.2389993126651
1355999.999999967	289.2258702492151
1359999.999999967	813.4616375714174
1363999.9999999667	231.40794188536756
1367999.9999999667	1028.3826416409693
1371999.9999999667	981.013778280382
1375999.9999999665	2689.465855928273
1379999.9999999665	1290.008469528939
1383999.9999999662	699.4125633731776
1387999.9999999662	838.0597455250773
1391999.9999999662	839.9510824626491
1395999.999999966	791.3738185502617
1399999.999999966	1023.6815907738206
1403999.9999999658	867.5668129136764
1407999.9999999658	1355.1353632853356
1411999.9999999655	1137.0462920477062
1415999.9999999655	2273.4242856334886
1419999.9999999655	2420.022165354973
1423999.9999999653	18147.73235277283
1427999.9999999653	3337.702666711484
1431999.999999965	2341.774174863268
1435999.999999965	772.6290899004517
1439999.999999965	1036.521371583888
1443999.9999999648	399.1103987812458
1447999.9999999648	698.4776723479177
1451999.9999999646	268.9151552635402
1455999.9999999646	609.2908127738878
1459999.9999999644	212.88525299390903
1463999.9999999644	734.3758652958434
1467999.9999999644	187.9995786048424
1471999.9999999641	2321.1413342795627
1475999.9999999641	144.84609249054526
1479999.999999964	1568.778465884737
1483999.999999964	155.96454137670577
1487999.999999964	768.6477124352209
1491999.9999999637	154.18303311872413
1495999.9999999637	612.3949010462919
1499999.9999999634	155.0594325398658
1503999.9999999634	572.6733995187091
1507999.9999999632	157.1842423869101
1511999.9999999632	650.01171916338
1515999.9999999632	145.60763675403456
1519999.999999963	1467.7184252464394
1523999.999999963	757.9143061031343
1527999.9999999627	3046.878777173809
1531999.9999999627	498.96570384556264
1535999.9999999627	1169.8998687551145
1539999.9999999625	539.434514394471
1543999.9999999625	947.7606431518192
1547999.9999999623	702.3574150148686
1551999.9999999623	943.0272022780159
1555999.999999962	1032.6770637736367
1559999.999999962	1135.9753621950447
1563999.999999962	1855.3421706203396
1567999.9999999618	2078.859724646633
1571999.9999999618	7038.786488141122
1575999.9999999616	14243.302963829654
1579999.9999999616	4313.988725233402
1583999.9999999614	1769.8470298930176
1587999.9999999614	1657.8542785566806
1591999.9999999614	1122.358428643378
1595999.9999999611	985.2376295877461
1599999.9999999611	932.2441154810966
1603999.999999961	625.3921264165108
1607999.999999961	870.2734166101279
1611999.999999961	300.6651696564364
1615999.9999999607	907.0777244913647
1619999.9999999607	461.8909540081686
1623999.9999999604	2545.036831899008
1627999.9999999604	2206.721939627278
1631999.9999999602	524.6392989895373
1635999.9999999602	868.306493289365
1639999.9999999602	601.1907064661627
1643999.99999996	588.6628176867404
1647999.99999996	639.6871511700652
1651999.9999999597	415.8975574350048
1655999.9999999597	687.0753745633035
1659999.9999999597	242.30977123344425
1663999.9999999595	804.029366212536
1667999.9999999595	86.81440624933296
1671999.9999999593	1684.4349521246952
1675999.9999999593	3457.9319074410987
1679999.999999959	677.6713437073413
1683999.999999959	537.1303137723917
1687999.999999959	437.3288411131519
1691999.9999999588	249.93691651098948
1695999.9999999588	429.0323964691112
1699999.9999999586	27.76756693622232
1703999.9999999586	423.13978978331534
1707999.9999999586	330.5907941227907
1711999.9999999583	463.7074660067899
1715999.9999999583	1160.6232033817244
1719999.999999958	1197.6468758176463
1723999.999999958	14464.736408986575
1727999.9999999579	3063.2814540546337
1731999.9999999579	2529.0051599951194
1735999.9999999579	1247.3631152239868
1739999.9999999576	1333.3714302678954
1743999.9999999576	989.9744678370936
1747999.9999999574	907.5876966053025
1751999.9999999574	898.9411290731505
1755999.9999999574	611.1554224039422
1759999.9999999572	860.2401151839175
1763999.9999999572	229.53362272459196
1767999.999999957	851.4815069506174
1771999.999999957	1571.000448370845
1775999.9999999567	685.0485919635119
1779999.9999999567	2090.5883321091014
1783999.9999999567	808.3119774587891
1787999.9999999565	1156.0772176151563
1791999.9999999565	821.5380086098644
1795999.9999999562	866.6639429547589
1799999.9999999562	833.2013624085649
1803999.999999956	652.8300461130787
1807999.999999956	841.8507426109562
1811999.999999956	358.2075502782767
1815999.9999999558	824.4429408992456
1819999.9999999558	719.5016841028231
1823999.9999999555	400.52434101841254
1827999.9999999555	3713.055982770673
1831999.9999999555	1221.5736609248122
1835999.9999999553	1713.7482722721697
1839999.9999999553	1242.3082017150825
1843999.999999955	1441.2796060482835
1847999.999999955	1381.7035464856397
1851999.9999999548	1413.892099872515
1855999.9999999548	1669.6993224393211
1859999.9999999548	1586.9978198355857
1863999.9999999546	2391.220048734489
1867999.9999999546	2405.1797956977666
1871999.9999999544	6962.4416195872
1875999.9999999544	11005.76721611096
1879999.9999999544	3084.543663026078
1883999.9999999541	687.368724411275
1887999.9999999541	775.2922722065989
1891999.999999954	189.56213581420357
1895999.999999954	312.02071718798
1899999.9999999537	174.6439451804401
1903999.9999999537	357.1662277589274
1907999.9999999537	202.19863945898805
1911999.9999999534	595.7341905233632
1915999.9999999534	181.49160197566863
1919999.9999999532	1313.1073259674945
1923999.9999999532	1618.24347992878
1927999.9999999532	1463.8381066320285
1931999.999999953	589.2014749021021
1935999.999999953	277.7606270815523
1939999.9999999527	448.854391821857
1943999.9999999527	323.5863828140372
1947999.9999999525	390.8885338416057
1951999.9999999525	443.68106301467515
1955999.9999999525	331.5187818271808
1959999.9999999523	590.5897676837582
1963999.9999999523	232.4641203512562
1967999.999999952	902.9855887624907
1971999.999999952	844.628437528502
1975999.999999952	2852.0932159558797
1979999.9999999518	1256.549207353532
1983999.9999999518	304.2078666092626
1987999.9999999516	809.7321125408613
1991999.9999999516	527.890762396909
1995999.9999999513	731.5998929778174
1999999.9999999513	728.1152949374523
2003999.9999999513	743.5315791740599
2007999.999999951	1020.0548524345487
2011999.999999951	863.4153829816071
2015999.9999999509	1730.3449220809046
2019999.9999999509	1513.2310093336325
2023999.9999999509	13153.223386763239
2027999.9999999506	1563.9457724744454
2031999.9999999506	1452.9879865298858
2035999.9999999504	317.8409034085693
2039999.9999999504	450.4966016103486
2043999.9999999502	251.0983887879166
2047999.9999999502	198.4684694385804
2051999.9999999502	261.3364664650383
2055999.99999995	312.73448193561507
2059999.99999995	270.7219246762133
2063999.9999999497	646.3780328608698
2067999.9999999497	272.3045439099288
2071999.9999999495	2382.819417763283
2075999.9999999495	437.9769515538708
2079999.9999999495	1254.202822435461
2083999.9999999492	297.44963160308066
2087999.9999999492	364.5291263205936
2091999.999999949	292.6303428752972
2095999.999999949	173.15737171578465
2099999.999999949	291.58834071248924
2103999.999999949	244.86832130394174
2107999.999999949	293.0924635389002
2111999.999999949	511.4440444890543
2115999.9999999483	302.83607138856155
2119999.9999999483	1564.7086552472438
2123999.9999999483	1211.8188598841064
2127999.9999999483	2944.6753351091593
2131999.9999999483	480.68949504483646
2135999.999999948	912.404528220935
2139999.999999948	488.2789559231705
2143999.999999948	629.6040768324312
2147999.999999948	598.0285260956035
2151999.999999948	583.136595629934
2155999.9999999474	842.2132387251878
2159999.9999999474	713.0076631480383
2163999.9999999474	1481.4002796043073
2167999.9999999474	1391.3358474952372
2171999.9999999474	5606.532048564058
2175999.999999947	9955.00443791036
2179999.999999947	3477.1950282986277
2183999.999999947	1227.6382137702667
2187999.999999947	1367.7596455677997
2191999.9999999464	757.4148377176481
2195999.9999999464	842.9915605738248
2199999.9999999464	618.6431831271511
2203999.9999999464	573.2885259338889
2207999.9999999464	582.4733973043016
2211999.999999946	376.3402837887501
2215999.999999946	641.2234563434536
2219999.999999946	692.9373349384273
2223999.999999946	2224.9390670024263
2227999.999999946	2198.3736437894636
2231999.9999999455	185.68762974015468
2235999.9999999455	870.7207323585358
2239999.9999999455	317.69593555424086
2243999.9999999455	625.798694426177
2247999.9999999455	379.4578888021721
2251999.999999945	496.1712923513362
2255999.999999945	448.2468972489837
2259999.999999945	399.01792617378146
2263999.999999945	592.5939583964627
2267999.999999945	406.26810237390634
2271999.9999999446	1485.5132984804113
2275999.9999999446	3722.5127596368634
2279999.9999999446	499.4179934141751
2283999.9999999446	656.3195779182463
2287999.999999944	89.99347736405838
2291999.999999944	455.24510415569813
2295999.999999944	81.5648329272951
2299999.999999944	382.4784240181006
2303999.999999944	80.48930677281918
2307999.9999999437	447.3546306587376
2311999.9999999437	77.43137291195413
2315999.9999999437	956.7645415947821
2319999.9999999437	519.9225662787221
2323999.9999999437	10928.469454963088
2327999.999999943	1683.7415165861837
2331999.999999943	1912.7551631734764
2335999.999999943	715.8387829107984
2339999.999999943	1030.4229331656356
2343999.999999943	579.2479596854417
2347999.9999999427	725.6698793837578
2351999.9999999427	535.6354256733536
2355999.9999999427	530.9025340068778
2359999.9999999427	524.6959156597046
2363999.9999999423	405.39965040240537
2367999.9999999423	544.3219287369842
2371999.9999999423	1799.4258767331123
2375999.9999999423	166.58888581225972
2379999.9999999423	1862.7464801774338
2383999.999999942	466.5095693874519
2387999.999999942	993.3506953202252
2391999.999999942	492.08395326502153
2395999.999999942	742.5659028314413
2399999.999999942	506.51146757638196
2403999.9999999413	575.7857418479683
2407999.9999999413	511.1061836887631
2411999.9999999413	429.8760615407769
2415999.9999999413	474.3317761168405
2419999.9999999413	1101.9021842453303
2423999.999999941	760.7191707132025
2427999.999999941	3579.783374593227
2431999.999999941	955.9074307934982
2435999.999999941	1528.719938650289
2439999.999999941	939.2215449335866
2443999.9999999404	1238.5196111056366
2447999.9999999404	1050.0441042545176
2451999.9999999404	1175.0413253201393
2455999.9999999404	1291.948469568546
2459999.99999994	1265.650711429264
2463999.99999994	1898.6274746124623
2467999.99999994	1816.5065554800128
2471999.99999994	5710.066878085593
2475999.99999994	8023.913473587791
2479999.9999999395	2621.7163152830085
2483999.9999999395	673.9867804664327
2487999.9999999395	661.8808228891453
2491999.9999999395	460.88657508771314
2495999.9999999395	154.24010521226072
2499999.999999939	450.0000000000009
2503999.999999939	133.36280994968436
2507999.999999939	452.6193742221378
2511999.999999939	422.62683998458033
2515999.999999939	457.3341911951106
2519999.9999999385	1183.9815385541522
2523999.9999999385	1641.7781481214215
2527999.9999999385	1644.93526239912
2531999.9999999385	596.4938545318402
2535999.9999999385	259.7442941566698
2539999.999999938	516.0217211426937
2543999.999999938	20.21668332195574
2547999.999999938	489.9392991653837
2551999.999999938	183.08736970739415
2555999.9999999376	472.16912527939064
2559999.9999999376	353.1875614542848
2563999.9999999376	471.3648696808071
2567999.9999999376	700.381684876437
2571999.9999999376	1046.0330346189446
2575999.999999937	3370.3771040323986
2579999.999999937	1057.1675021872627
2583999.999999937	81.45115098080306
2587999.999999937	694.4279603526751
2591999.999999937	200.81833648205668
2595999.9999999367	627.6207946414074
2599999.9999999367	393.48853242361764
2603999.9999999367	613.3106497549921
2607999.9999999367	644.7731649496495
2611999.9999999367	641.8490837425265
2615999.999999936	1219.3229926104616
2619999.999999936	888.8132485129386
2623999.999999936	10178.88079736086
2627999.999999936	939.8399382626725
2631999.9999999357	1232.119891497197
2635999.9999999357	501.6686070020626
2639999.9999999357	411.26215318065886
2643999.9999999357	486.51318235870076
2647999.9999999357	105.15974475724997
2651999.9999999353	486.2084713706595
2655999.9999999353	143.60884017823054
2659999.9999999353	488.1949317573161
2663999.9999999353	487.49032522670115
2667999.9999999353	494.55796006344787
2671999.999999935	2190.3923951295956
2675999.999999935	621.9735143991608
2679999.999999935	1343.544783469038
2683999.999999935	489.940744465002
2687999.999999935	449.1854294539194
2691999.9999999343	492.75972936256215
2695999.9999999343	173.00579068938544
2699999.9999999343	496.1748646195936
2703999.9999999343	63.12210258166481
2707999.9999999343	498.4996232720108
2711999.999999934	361.21160233467083
2715999.999999934	495.49200450818773
2719999.999999934	1469.6739346144186
2723999.999999934	1428.2066964419391
2727999.9999999334	3193.128385684316
2731999.9999999334	752.3901077286924
2735999.9999999334	1070.6249714350386
2739999.9999999334	733.0878683079434
2743999.9999999334	759.0797918129961
2747999.999999933	814.5018155011619
2751999.999999933	683.3675916275147
2755999.999999933	1007.6075792364861
2759999.999999933	760.5494961475264
2763999.999999933	1531.1085423164131
2767999.9999999325	1259.096323477785
2771999.9999999325	5028.071977743584
2775999.9999999325	7271.095375029203
2779999.9999999325	2789.223556943609
2783999.9999999325	722.4194540996273
2787999.999999932	1039.1169528596986
2791999.999999932	376.8687223129063
2795999.999999932	658.9506462943116
2799999.999999932	281.3568168728492
2803999.999999932	523.4257821897039
2807999.9999999315	265.07727066170617
2811999.9999999315	524.222496546605
2815999.9999999315	328.97432002144296
2819999.9999999315	1048.6086961129813
2823999.999999931	1773.078810627837
2827999.999999931	2015.0190603728468
2831999.999999931	108.38861566690856
2835999.999999931	739.5436414993127
2839999.999999931	70.34209170212057
2843999.9999999306	566.2167461360043
2847999.9999999306	120.9310962696132
2851999.9999999306	512.024113612038
2855999.9999999306	185.3999297657367
2859999.9999999306	514.925699299466
2863999.99999993	320.5834803946531
2867999.99999993	685.1014014297771
2871999.99999993	1140.806142544746
2875999.99999993	3828.857277464575
2879999.99999993	659.517424763514
2883999.9999999297	616.5528592156941
2887999.9999999297	248.8549068916871
2891999.9999999297	510.2434587075692
2895999.9999999297	159.6148182495938
2899999.999999929	522.6690650434426
2903999.999999929	134.00565830598603
2907999.999999929	628.1704483507086
2911999.999999929	154.07322105578842
2915999.999999929	1036.054607443031
2919999.9999999288	355.8266373842795
2923999.9999999288	9022.068056049371
2927999.9999999288	681.6162733044583
2931999.9999999288	1380.574423840229
2935999.9999999288	245.57603012161437
2939999.9999999283	732.1320983022715
2943999.9999999283	193.28042741129047
2947999.9999999283	557.1688265723596
2951999.9999999283	183.98434468910153
2955999.9999999283	505.29302790706066
2959999.999999928	192.91201330853158
2963999.999999928	611.940705336082
2967999.999999928	233.29253591037565
2971999.999999928	2094.959563685235
2975999.999999928	346.6119829226635
2979999.9999999274	1534.7744727158108
2983999.9999999274	125.79954860954436
2987999.9999999274	751.5544532719412
2991999.9999999274	157.66524939193775
2995999.999999927	572.6016461699073
2999999.999999927	171.88470506254666
3003999.999999927	505.38343328809793
3007999.999999927	171.24284115598923
3011999.999999927	572.027713626266
3015999.9999999264	119.7754089541988
3019999.9999999264	1499.6078210332767
3023999.9999999264	1427.0596460149611
3027999.9999999264	3369.4413296237726
3031999.9999999264	668.8149209820501
3035999.999999926	1260.481300776164
3039999.999999926	618.0488937187151
3043999.999999926	965.5222931439074
3047999.999999926	705.7362196803717
3051999.999999926	885.2994581385784
3055999.9999999255	914.2532235628267
3059999.9999999255	925.8269273392423
3063999.9999999255	1444.46159335951
3067999.9999999255	1303.9035378949181
3071999.9999999255	4779.915610211641
3075999.999999925	6347.779450793148
3079999.999999925	2506.8092769560317
3083999.999999925	751.186563110389
3087999.999999925	788.4313071796296
3091999.9999999246	563.3708647392342
3095999.9999999246	338.6092755702463
3099999.9999999246	530.9791530983894
3103999.9999999246	83.62343792469157
3107999.9999999246	529.014894111307
3111999.999999924	212.30719309651448
3115999.999999924	558.6491992920676
3119999.999999924	981.7284853734723
3123999.999999924	1720.7550246512858
3127999.999999924	1944.1135307738023
3131999.9999999236	502.10464706548566
3135999.9999999236	523.4120965737592
3139999.9999999236	489.0359651792951
3143999.9999999236	245.1031820645658
3147999.9999999236	496.59614943185755
3151999.999999923	82.61151498263781
3155999.999999923	515.1941793219567
3159999.999999923	106.98483865979685
3163999.999999923	576.2881519498145
3167999.9999999227	471.8756976751393
3171999.9999999227	1202.6787015553641
3175999.9999999227	4000.37238274175
3179999.9999999227	762.0179252023718
3183999.9999999227	409.4312523427285
3187999.9999999222	515.606293908406
3191999.9999999222	125.961874678901
3195999.9999999222	486.85951267587234
3199999.9999999222	66.79863759143414
3203999.9999999222	479.7060882634688
3207999.999999922	283.66915187168985
3211999.999999922	477.6606355636169
3215999.999999922	767.6221513621126
3219999.999999922	495.2028517110064
3223999.999999922	8157.563284923069
3227999.9999999213	667.8274054574755
3231999.9999999213	1231.3714783716052
3235999.9999999213	524.8299702445024
3239999.9999999213	543.3077238297885
3243999.9999999213	516.045434557201
3247999.999999921	273.3821792731718
3251999.999999921	518.5322689797217
3255999.999999921	56.95035941616813
3259999.999999921	527.6668190466606
3263999.9999999204	277.6575088492353
3267999.9999999204	555.6223544136998
3271999.9999999204	1935.9959835082313
3275999.9999999204	581.435805477045
3279999.9999999204	1510.415939810265
3283999.99999992	497.2760464475564
3287999.99999992	635.2746318870068
3291999.99999992	514.1386125298103
3295999.99999992	358.4726171256894
3299999.99999992	522.5467539097165
3303999.9999999194	141.07498482401397
3307999.9999999194	522.3383859984092
3311999.9999999194	182.29360692837017
3315999.9999999194	494.6460467659786
3319999.9999999194	1338.8518591795853
3323999.999999919	1564.27787756053
3327999.999999919	3509.9640582018205
3331999.999999919	928.179525779481
3335999.999999919	1293.688534279148
3339999.9999999185	873.4447162022578
3343999.9999999185	957.7968232724947
3347999.9999999185	945.7754197470061
3351999.9999999185	858.540273792037
3355999.9999999185	1127.2203159415071
3359999.999999918	895.759689905229
3363999.999999918	1606.2358251183261
3367999.999999918	1270.8898460818787
3371999.999999918	4730.304123710613
3375999.999999918	5427.19823814732
3379999.9999999176	2226.694065493548
3383999.9999999176	303.1000508941385
3387999.9999999176	699.6687072456386
3391999.9999999176	42.51723720904264
3395999.9999999176	447.73531700631327
3399999.999999917	32.24411548109743
3403999.999999917	457.13085990454823
3407999.999999917	35.94958702481069
3411999.999999917	609.7788436991949
3415999.999999917	42.639391092592184
3419999.9999999166	1290.7982736419985
3423999.9999999166	1345.0528368206053
3427999.9999999166	1797.9699074359548
3431999.9999999166	327.47071500326336
3435999.999999916	519.0482917465292
3439999.999999916	199.4933366525157
3443999.999999916	420.55917266845154
3447999.999999916	138.67836078036228
3451999.999999916	448.103085636412
3455999.9999999157	75.72061670272493
3459999.9999999157	540.3502474516691
3463999.9999999157	70.68057984058302
3467999.9999999157	841.7222520032426
3471999.9999999157	801.2960152231251
3475999.9999999152	3975.3810665877754
3479999.9999999152	792.5439402644224
3483999.9999999152	449.991193470517
3487999.9999999152	415.81413759284914
3491999.9999999152	420.1962323217909
3495999.999999915	321.9174728390934
3499999.999999915	498.8288426649585
3503999.999999915	278.98497549706514
3507999.999999915	648.3984998326555
3511999.999999915	259.787314506314
3515999.9999999143	1044.6040210456576
3519999.9999999143	287.8568921107527
3523999.9999999143	7780.273025930168
3527999.9999999143	63.415829703792475
3531999.999999914	939.2139835485549
3535999.999999914	129.71845307670205
3539999.999999914	443.83738278957355
3543999.999999914	127.98149680448655
3547999.999999914	391.5010198561059
3551999.9999999134	116.13318607225577
3555999.9999999134	467.8462115775931
3559999.9999999134	97.23470747711337
3563999.9999999134	706.8824685666408
3567999.9999999134	68.84794239220143
3571999.999999913	2267.781133093059
3575999.999999913	765.0461436718293
3579999.999999913	1223.2153396033427
3583999.999999913	173.0866240281171
3587999.999999913	476.5155797390412
3591999.9999999125	135.71956104998415
3595999.9999999125	372.7701788225605
3599999.9999999125	123.68159077382073
3603999.9999999125	424.97031680594415
3607999.999999912	128.86458289156326
3611999.999999912	654.8975490471117
3615999.999999912	192.61957113570458
3619999.999999912	1766.1113699685839
3623999.999999912	2050.8292656198964
3627999.9999999115	3242.2072061504846
3631999.9999999115	490.98102374261964
3635999.9999999115	1016.6858478157909
3639999.9999999115	409.40382856496035
3643999.9999999115	697.9218730643782
3647999.999999911	479.38932204135693
3651999.999999911	602.136117757787
3655999.999999911	664.0569970465782
3659999.999999911	615.1587998298423
3663999.999999911	1141.3309849218526
3667999.9999999106	899.5560566183851
3671999.9999999106	4151.246480264765
3675999.9999999106	5184.28454034886
3679999.9999999106	2422.6773795003187
3683999.9999999106	687.3102718896184
3687999.99999991	870.1175741035539
3691999.99999991	500.7521134173973
3695999.99999991	461.6653424374496
3699999.99999991	461.3393756679277
3703999.9999999097	228.1821074993837
3707999.9999999097	462.6432860526731
3711999.9999999097	142.43382168969447
3715999.9999999097	511.52402854166434
3719999.9999999097	877.046271001289
3723999.999999909	1664.4004843186488
3727999.999999909	2148.533664203903
3731999.999999909	329.945129198887
3735999.999999909	695.4945767170526
3739999.999999909	371.2404647263272
3743999.9999999087	417.25694430760075
3747999.9999999087	404.274064634711
3751999.9999999087	259.1528682180271
3755999.9999999087	446.9840350801171
3759999.9999999087	140.7096926398657
3763999.9999999083	541.2475617429801
3767999.9999999083	387.04275236425525
3771999.9999999083	1176.5659705329308
3775999.9999999083	4570.096157634546
3779999.9999999083	459.16877537484515
3783999.999999908	639.7777761167699
3787999.999999908	304.68320597864454
3791999.999999908	353.76658318785815
3795999.999999908	321.61967598394614
3799999.9999999073	206.07176467927013
3803999.9999999073	340.3727059214737
3807999.9999999073	165.95616576671108
3811999.9999999073	357.5899784437365
3815999.9999999073	513.2830059152856
3819999.999999907	381.26371047666686
3823999.999999907	6791.1471005372705
3827999.999999907	350.00300866104
3831999.999999907	1200.5608447749548
3835999.999999907	380.8167419102514
3839999.9999999064	614.6425113003231
3843999.9999999064	397.0614026447911
3847999.9999999064	386.3770127204654
3851999.9999999064	414.0579455012898
3855999.9999999064	222.18831700734182
3859999.999999906	437.68322137569373
3863999.999999906	249.97386755801972
3867999.999999906	494.3001031708845
3871999.999999906	1806.4289051720086
3875999.9999999055	508.8601886331723
3879999.9999999055	1571.055342663856
3883999.9999999055	365.96040002254074
3887999.9999999055	726.2164690588623
3891999.9999999055	399.51686158211965
3895999.999999905	464.8438785698539
3899999.999999905	411.67162188073075
3903999.999999905	277.29577744094877
3907999.999999905	405.1001148465773
3911999.999999905	234.41350000341575
3915999.9999999045	343.2510677012724
3919999.9999999045	1359.343184878608
3923999.9999999045	1856.0155434132018
3927999.9999999045	3726.2237156846522
3931999.9999999045	973.3546339464941
3935999.999999904	1412.1407715093283
3939999.999999904	875.2848487235391
3943999.999999904	1056.9831341364397
3947999.999999904	935.6567919515854
3951999.999999904	940.2417532845743
3955999.9999999036	1108.0574484410618
3959999.9999999036	946.5954599013356
3963999.9999999036	1560.1995434366315
3967999.9999999036	1226.4739612009894
3971999.999999903	4435.026832428498
3975999.999999903	4200.402097547775
3979999.999999903	1875.4365493666824
3983999.999999903	234.16256114630318
3987999.999999903	432.87674231345335
3991999.9999999027	251.90599609830454
3995999.9999999027	229.1057880318197
3999999.9999999027	278.1152949374551
4003999.9999999027	358.6482067917878
4007999.9999999027	276.21824187398374
4011999.999999902	598.7815306976263
4015999.999999902	247.28726312553613
4019999.999999902	1371.3998309379733
4023999.999999902	1107.340215452535
4027999.999999902	1716.7685166369379
4031999.9999999017	463.7055938501904
4035999.9999999017	307.23210799166856
4039999.9999999017	367.3812385903312
4043999.9999999017	219.61626914532522
4047999.9999999017	326.16067645810676
4051999.9999999013	320.07340848336867
4055999.9999999013	289.79927076846195
4059999.9999999013	479.7774278976026
4063999.9999999013	251.2607171969108
4067999.999999901	873.9842805510401
4071999.999999901	653.4901967589265
4075999.999999901	4341.849830745551
4079999.999999901	793.3344572093147
4083999.999999901	274.4996433158868
4087999.9999999003	491.6968113566023
4091999.9999999003	223.97619471833156
4095999.9999999003	417.2637594743445
4099999.9999999003	351.50702995173526
4103999.9999999003	378.03874189751974
4107999.9999999	528.3379128796873
4111999.9999999	345.90001434438494
4115999.9999999	914.0639045528158
4119999.9999999	294.0195473033326
4123999.9999999	6766.050678184764
4127999.9999998994	506.3973322408608
4131999.9999998994	681.3083276255162
4135999.9999998994	374.95159975843967
4139999.9999998994	199.47793397439744
4143999.999999899	347.64796782260277
4147999.999999899	218.19483963290259
4151999.999999899	330.3219223927629
4155999.999999899	375.0015888310803
4159999.999999899	313.74686710271305
4163999.9999998985	671.0657239451926
4167999.9999998985	290.9362491246885
4171999.9999998985	2253.40869591876
4175999.9999998985	1028.2084654199907
4179999.9999998985	1080.815965602154
4183999.999999898	374.72701159424565
4187999.999999898	271.28616925199714
4191999.999999898	345.7643788668217
4195999.999999898	163.7896593819502
4199999.999999898	338.6760120394772
4203999.999999898	317.2029603852984
4207999.999999898	345.4458276301133
4211999.999999898	638.9885365981761
4215999.999999898	402.8676127819922
4219999.999999898	1866.229036827886
4223999.999999898	2560.211552408086
4227999.999999898	3334.7329259738417
4231999.999999897	592.4623282638195
4235999.999999897	961.4440701862309
4239999.999999897	495.75148278241227
4243999.999999897	596.3220673788512
4247999.999999897	542.0541624622944
4251999.999999897	472.93698191966587
4255999.999999897	689.3415473473809
4259999.999999897	467.452088376879
4263999.999999897	1103.0371186047744
4267999.999999897	710.9624421709096
4271999.999999896	3847.141700366774
4275999.999999896	4185.343734463816
4279999.999999896	2235.8709763919487
4283999.999999896	490.10851625914125
4287999.999999896	838.6411167566184
4291999.999999896	318.5914682247777
4295999.999999896	504.07746471533943
4299999.999999896	282.61444510484785
4303999.999999896	359.23381173066747
4307999.999999895	289.4709500272192
4311999.999999895	360.55218773425077
4315999.999999895	348.2063509569344
4319999.999999895	1002.1793757739324
4323999.999999895	1432.255212387091
4327999.999999895	2181.570741699563
4331999.999999895	116.53063676407275
4335999.999999895	737.1898005604497
4339999.999999895	184.57729915590014
4343999.999999895	495.5294547860635
4347999.999999894	231.0404152271504
4351999.999999894	387.7600942762255
4355999.999999894	283.5180657822905
4359999.999999894	348.68136162374225
4363999.999999894	383.9617103024923
4367999.999999894	576.0133469372906
4371999.999999894	954.4501168455723
4375999.999999894	5023.858622659867
4379999.999999894	290.9894007085112
4383999.999999893	739.5645660304748
4387999.999999893	97.66788697848938
4391999.999999893	483.3420737142818
4395999.999999893	145.94654346171123
4399999.999999893	386.7988372994262
4403999.999999893	190.57004736006658
4407999.999999893	365.6549021380251
4411999.999999893	242.97535557384157
4415999.999999893	567.2665409010264
4419999.999999893	386.9596198030081
4423999.999999892	5940.024843698905
4427999.999999892	180.74300567818779
4431999.999999892	1069.3652591321174
4435999.999999892	137.08945405850955
4439999.999999892	600.6515672804617
4443999.999999892	187.23526003463581
4447999.999999892	447.20407882934455
4451999.999999892	222.13089107727689
4455999.999999892	378.178832097571
4459999.999999891	260.65403614734055
4463999.999999891	459.9929917004865
4467999.999999891	342.9316735033014
4471999.999999891	1882.0462100638022
4475999.999999891	694.3568760598163
4479999.999999891	1477.368285520464
4483999.999999891	144.9779651271874
4487999.999999891	699.7901507201077
4491999.999999891	193.49035084382203
4495999.999999891	493.15832526478096
4499999.99999989	206.84229679141163
4503999.99999989	394.8943310691737
4507999.99999989	190.77079120252742
4511999.99999989	476.3394492489296
4515999.99999989	91.92291155752166
4519999.99999989	1597.687837515242
4523999.99999989	2439.508390977817
4527999.99999989	3797.034565079942
4531999.99999989	901.8714603256215
4535999.99999989	1386.3903776474183
4539999.999999889	757.7841899274736
4543999.999999889	1022.6220775852719
4547999.999999889	801.2305532790476
4551999.999999889	897.3886704529591
4555999.999999889	959.0041596418517
4559999.999999889	880.8555158852628
4563999.999999889	1381.7882415197053
4567999.999999889	1078.407862699077
4571999.999999889	4057.956359936234
4575999.999999888	3453.612054453757
4579999.999999888	1780.2953115863133
4583999.999999888	412.69590261024246
4587999.999999888	395.1685413977114
4591999.999999888	414.1022829036487
4595999.999999888	45.74601903962677
4599999.999999888	421.7248450157686
4603999.999999888	221.13794539494015
4607999.999999888	419.857017636802
4611999.999999888	491.55183295798435
4615999.999999887	412.35698155327196
4619999.999999887	1301.8636573021115
4623999.999999887	1090.6167868675316
4627999.999999887	1845.7335172407456
4631999.999999887	503.49091247818404
4635999.999999887	330.50059047320406
4639999.999999887	451.6409414430632
4643999.999999887	46.55215706406724
4647999.999999887	434.15008358432607
4651999.999999886	151.36833776217966
4655999.999999886	423.3396461316295
4659999.999999886	347.96302321421325
4663999.999999886	422.4499491019185
4667999.999999886	798.9137505211046
4671999.999999886	700.4605122515361
4675999.999999886	4984.765223677989
4679999.999999886	666.606138009662
4683999.999999886	388.1382110168933
4687999.999999886	487.79903023680475
4691999.999999885	61.56053161221618
4695999.999999885	452.9927957631666
4699999.999999885	126.10565909647461
4703999.999999885	437.2832453127289
4707999.999999885	310.614514421126
4711999.999999885	428.78812481499796
4715999.999999885	670.3803496948863
4719999.999999885	464.59461280671553
4723999.999999885	5827.3493929653
4727999.9999998845	704.1295483701065
4731999.9999998845	681.0107333711208
4735999.9999998845	471.86255292776946
4739999.9999998845	182.9816203880244
4743999.9999998845	447.2430457264274
4747999.9999998845	34.76234712068665
4751999.9999998845	438.4711622953521
4755999.9999998845	219.28292516941735
4759999.9999998845	435.0218066579282
4763999.9999998845	522.8409602656033
4767999.999999884	443.6284010361661
4771999.999999884	2078.073334528632
4775999.999999884	1118.1027319306436
4779999.999999884	1154.9090592662387
4783999.999999884	458.1104048076022
4787999.999999884	326.9197389634199
4791999.999999884	444.74350652211797
4795999.999999884	55.47239423552115
4799999.999999884	442.90323118303127
4803999.999999884	173.59174264558857
4807999.999999883	446.02835906277943
4811999.999999883	529.6650923935176
4815999.999999883	481.1360770214147
4819999.999999883	1833.9679840810322
4823999.999999883	2981.6969291747732
4827999.999999883	3647.9029724167444
4831999.999999883	844.4627505406087
4835999.999999883	1135.3013095989145
4839999.999999883	711.7098216137609
4843999.999999882	741.1399067167772
4847999.999999882	743.4485483893022
4851999.999999882	599.7272729661945
4855999.999999882	872.9630889732487
4859999.999999882	575.2133754349345
4863999.999999882	1246.8375278445033
4867999.999999882	768.306219234601
4871999.999999882	3786.4895506470434
4875999.999999882	3254.3069789772494
4879999.999999882	1936.2136137304406
4883999.999999881	211.66066534508974
4887999.999999881	697.259732377575
4891999.999999881	69.23743400022276
4895999.999999881	476.5267276851864
4899999.999999881	42.36964785687386
4903999.999999881	453.21516974553276
4907999.999999881	53.80907494170974
4911999.999999881	567.9158930909847
4915999.999999881	112.25720683794157
4919999.99999988	1256.7435662200821
4923999.99999988	1070.6752636478489
4927999.99999988	2059.934100953645
4931999.99999988	138.12988221982326
4935999.99999988	649.3655755667866
4939999.99999988	39.7584807924001
4943999.99999988	478.19491966154635
4947999.99999988	8.509253051291118
4951999.99999988	450.1137162371208
4955999.99999988	57.245610612068255
4959999.999999879	507.8046398317259
4963999.999999879	141.75810615883915
4967999.999999879	844.9541192674686
4971999.999999879	583.0286161993222
4975999.999999879	5424.048477874118
4979999.999999879	335.85331755865786
4983999.999999879	701.2810837036669
4987999.999999879	101.71547399638312
4991999.999999879	487.6554782639574
4995999.999999878	27.737635937503
4999999.999999878	450.000000000001
4995999.999999878	27.73763593750145
4991999.999999879	487.65547826395664
4987999.999999879	101.7154739963818
4983999.999999879	701.281083703667
4979999.999999879	335.85331755865917
4975999.999999879	5424.048477874121
4971999.999999879	583.0286161993199
4967999.999999879	844.9541192674701
4963999.999999879	141.75810615883384
4959999.999999879	507.8046398317263
4955999.99999988	57.245610612074586
4951999.99999988	450.1137162371197
4947999.99999988	8.509253051291244
4943999.99999988	478.1949196615459
4939999.99999988	39.75848079239812
4935999.99999988	649.365575566787
4931999.99999988	138.1298822198226
4927999.99999988	2059.9341009536442
4923999.99999988	1070.6752636478482
4919999.99999988	1256.7435662200833
4915999.999999881	112.25720683794188
4911999.999999881	567.9158930909841
4907999.999999881	53.80907494170724
4903999.999999881	453.21516974553265
4899999.999999881	42.36964785687526
4895999.999999881	476.52672768518505
4891999.999999881	69.23743400022417
4887999.999999881	697.2597323775751
4883999.999999881	211.66066534508676
4879999.999999882	1936.2136137304412
4875999.999999882	3254.3069789772426
4871999.999999882	3786.489550647042
4867999.999999882	768.3062192346011
4863999.999999882	1246.837527844505
4859999.999999882	575.2133754349344
4855999.999999882	872.9630889732491
4851999.999999882	599.7272729661926
4847999.999999882	743.4485483893021
4843999.999999882	741.1399067167797
4839999.999999883	711.7098216137628
4835999.999999883	1135.3013095989122
4831999.999999883	844.4627505406086
4827999.999999883	3647.902972416743
4823999.999999883	2981.6969291747714
4819999.999999883	1833.9679840810347
4815999.999999883	481.1360770214157
4811999.999999883	529.6650923935179
4807999.999999883	446.0283590627786
4803999.999999884	173.59174264558598
4799999.999999884	442.90323118303127
4795999.999999884	55.47239423552641
4791999.999999884	444.7435065221183
4787999.999999884	326.9197389634192
4783999.999999884	458.1104048076016
4779999.999999884	1154.90905926624
4775999.999999884	1118.102731930646
4771999.999999884	2078.073334528633
4767999.999999884	443.62840103616537
4763999.9999998845	522.8409602656045
4759999.9999998845	435.02180665792866
4755999.9999998845	219.2829251694203
4751999.9999998845	438.4711622953516
4747999.9999998845	34.76234712068483
4743999.9999998845	447.24304572642825
4739999.9999998845	182.98162038802505
4735999.9999998845	471.86255292776946
4731999.9999998845	681.0107333711152
4727999.9999998845	704.1295483701058
4723999.999999885	5827.349392965282
4719999.999999885	464.5946128067172
4715999.999999885	670.3803496948882
4711999.999999885	428.7881248149981
4707999.999999885	310.614514421124
4703999.999999885	437.28324531272773
4699999.999999885	126.10565909647528
4695999.999999885	452.9927957631665
4691999.999999885	61.56053161221585
4687999.999999886	487.79903023680384
4683999.999999886	388.1382110168955
4679999.999999886	666.6061380096602
4675999.999999886	4984.7652236779895
4671999.999999886	700.4605122515361
4667999.999999886	798.913750521104
4663999.999999886	422.4499491019185
4659999.999999886	347.9630232142113
4655999.999999886	423.33964613162647
4651999.999999886	151.36833776218018
4647999.999999887	434.15008358432544
4643999.999999887	46.55215706407182
4639999.999999887	451.6409414430636
4635999.999999887	330.5005904732063
4631999.999999887	503.490912478186
4627999.999999887	1845.7335172407493
4623999.999999887	1090.616786867525
4619999.999999887	1301.8636573021122
4615999.999999887	412.3569815532723
4611999.999999888	491.5518329579859
4607999.999999888	419.8570176368027
4603999.999999888	221.13794539493807
4599999.999999888	421.72484501576895
4595999.999999888	45.74601903962301
4591999.999999888	414.10228290364785
4587999.999999888	395.16854139771215
4583999.999999888	412.6959026102429
4579999.999999888	1780.2953115863106
4575999.999999888	3453.612054453756
4571999.999999889	4057.9563599362345
4567999.999999889	1078.407862699076
4563999.999999889	1381.7882415197087
4559999.999999889	880.8555158852624
4555999.999999889	959.0041596418506
4551999.999999889	897.3886704529571
4547999.999999889	801.2305532790461
4543999.999999889	1022.6220775852706
4539999.999999889	757.7841899274739
4535999.99999989	1386.39037764742
4531999.99999989	901.871460325623
4527999.99999989	3797.0345650799422
4523999.99999989	2439.5083909778123
4519999.99999989	1597.6878375152426
4515999.99999989	91.92291155751953
4511999.99999989	476.33944924893007
4507999.99999989	190.7707912025259
4503999.99999989	394.8943310691738
4499999.99999989	206.8422967914123
4495999.999999891	493.15832526478346
4491999.999999891	193.49035084382422
4487999.999999891	699.7901507201062
4483999.999999891	144.9779651271881
4479999.999999891	1477.3682855204631
4475999.999999891	694.3568760598171
4471999.999999891	1882.0462100638008
4467999.999999891	342.9316735033028
4463999.999999891	459.99299170048585
4459999.999999891	260.65403614733805
4455999.999999892	378.1788320975706
4451999.999999892	222.13089107727464
4447999.999999892	447.20407882934467
4443999.999999892	187.23526003463786
4439999.999999892	600.6515672804613
4435999.999999892	137.08945405850676
4431999.999999892	1069.365259132118
4427999.999999892	180.7430056781887
4423999.999999892	5940.024843698907
4419999.999999893	386.95961980300854
4415999.999999893	567.2665409010267
4411999.999999893	242.97535557384256
4407999.999999893	365.65490213802326
4403999.999999893	190.57004736006743
4399999.999999893	386.7988372994262
4395999.999999893	145.94654346170546
4391999.999999893	483.34207371428124
4387999.999999893	97.66788697848774
4383999.999999893	739.5645660304754
4379999.999999894	290.98940070850966
4375999.999999894	5023.858622659862
4371999.999999894	954.4501168455735
4367999.999999894	576.0133469372896
4363999.999999894	383.9617103024906
4359999.999999894	348.6813616237422
4355999.999999894	283.5180657822904
4351999.999999894	387.76009427622483
4347999.999999894	231.0404152271484
4343999.999999895	495.52945478606387
4339999.999999895	184.57729915590082
4335999.999999895	737.1898005604513
4331999.999999895	116.5306367640766
4327999.999999895	2181.570741699566
4323999.999999895	1432.2552123870869
4319999.999999895	1002.1793757739334
4315999.999999895	348.20635095693046
4311999.999999895	360.5521877342529
4307999.999999895	289.47095002721966
4303999.999999896	359.2338117306681
4299999.999999896	282.6144451048485
4295999.999999896	504.07746471533915
4291999.999999896	318.591468224778
4287999.999999896	838.6411167566183
4283999.999999896	490.1085162591421
4279999.999999896	2235.870976391949
4275999.999999896	4185.343734463814
4271999.999999896	3847.1417003667734
4267999.999999897	710.9624421709101
4263999.999999897	1103.037118604774
4259999.999999897	467.45208837687784
4255999.999999897	689.3415473473782
4251999.999999897	472.9369819196645
4247999.999999897	542.054162462295
4243999.999999897	596.3220673788444
4239999.999999897	495.7514827824114
4235999.999999897	961.4440701862349
4231999.999999897	592.4623282638207
4227999.999999898	3334.732925973841
4223999.999999898	2560.21155240809
4219999.999999898	1866.229036827886
4215999.999999898	402.867612781993
4211999.999999898	638.9885365981734
4207999.999999898	345.4458276301132
4203999.999999898	317.20296038529995
4199999.999999898	338.67601203947663
4195999.999999898	163.7896593819517
4191999.999999898	345.76437886682174
4187999.999999898	271.2861692519987
4183999.999999898	374.7270115942478
4179999.9999998985	1080.8159656021548
4175999.9999998985	1028.2084654199946
4171999.9999998985	2253.4086959187584
4167999.9999998985	290.93624912468937
4163999.9999998985	671.0657239451913
4159999.999999899	313.7468671027128
4155999.999999899	375.0015888310786
4151999.999999899	330.3219223927629
4147999.999999899	218.1948396329039
4143999.999999899	347.64796782260044
4139999.9999998994	199.4779339743965
4135999.9999998994	374.9515997584386
4131999.9999998994	681.3083276255152
4127999.9999998994	506.39733224086035
4123999.9999999	6766.0506781847635
4119999.9999999	294.0195473033332
4115999.9999999	914.0639045528126
4111999.9999999	345.9000143443851
4107999.9999999	528.3379128796885
4103999.9999999003	378.0387418975196
4099999.9999999003	351.5070299517332
4095999.9999999003	417.2637594743405
4091999.9999999003	223.97619471833326
4087999.9999999003	491.696811356598
4083999.999999901	274.49964331587745
4079999.999999901	793.3344572093183
4075999.999999901	4341.849830745537
4071999.999999901	653.490196758924
4067999.999999901	873.9842805510408
4063999.9999999013	251.26071719691467
4059999.9999999013	479.77742789760066
4055999.9999999013	289.7992707684659
4051999.9999999013	320.07340848337094
4047999.9999999017	326.16067645810784
4043999.9999999017	219.6162691453243
4039999.9999999017	367.38123859033004
4035999.9999999017	307.2321079916676
4031999.9999999017	463.7055938501895
4027999.999999902	1716.7685166369376
4023999.999999902	1107.3402154525338
4019999.999999902	1371.3998309379733
4015999.999999902	247.287263125536
4011999.999999902	598.7815306976267
4007999.9999999027	276.2182418739846
4003999.9999999027	358.6482067917862
3999999.9999999027	278.1152949374551
3995999.9999999027	229.10578803181681
3991999.9999999027	251.9059960983054
3987999.999999903	432.8767423134542
3983999.999999903	234.16256114630215
3979999.999999903	1875.4365493666821
3975999.999999903	4200.402097547773
3971999.999999903	4435.026832428499
3967999.9999999036	1226.4739612009887
3963999.9999999036	1560.199543436632
3959999.9999999036	946.5954599013342
3955999.9999999036	1108.0574484410602
3951999.999999904	940.241753284575
3947999.999999904	935.6567919515868
3943999.999999904	1056.9831341364395
3939999.999999904	875.2848487235389
3935999.999999904	1412.1407715093292
3931999.9999999045	973.3546339464954
3927999.9999999045	3726.22371568466
3923999.9999999045	1856.0155434131973
3919999.9999999045	1359.3431848786074
3915999.9999999045	343.25106770127076
3911999.999999905	234.4135000034171
3907999.999999905	405.1001148465767
3903999.999999905	277.29577744094877
3899999.999999905	411.67162188072973
3895999.999999905	464.84387856985364
3891999.9999999055	399.51686158211976
3887999.9999999055	726.216469058862
3883999.9999999055	365.9604000225388
3879999.9999999055	1571.0553426638567
3875999.9999999055	508.86018863317577
3871999.999999906	1806.428905172007
3867999.999999906	494.30010317088284
3863999.999999906	249.97386755801912
3859999.999999906	437.6832213756949
3855999.9999999064	222.188317007341
3851999.9999999064	414.0579455012889
3847999.9999999064	386.37701272046684
3843999.9999999064	397.061402644786
3839999.9999999064	614.6425113003235
3835999.999999907	380.8167419102594
3831999.999999907	1200.560844774955
3827999.999999907	350.0030086610398
3823999.999999907	6791.14710053727
3819999.999999907	381.26371047666476
3815999.9999999073	513.2830059152857
3811999.9999999073	357.5899784437353
3807999.9999999073	165.95616576671225
3803999.9999999073	340.3727059214747
3799999.9999999073	206.07176467927118
3795999.999999908	321.61967598394557
3791999.999999908	353.76658318785815
3787999.999999908	304.68320597864573
3783999.999999908	639.77777611677
3779999.9999999083	459.16877537484254
3775999.9999999083	4570.096157634536
3771999.9999999083	1176.565970532927
3767999.9999999083	387.042752364258
3763999.9999999083	541.2475617429858
3759999.9999999087	140.7096926398657
3755999.9999999087	446.98403508011694
3751999.9999999087	259.1528682180272
3747999.9999999087	404.2740646347102
3743999.9999999087	417.2569443075986
3739999.999999909	371.2404647263289
3735999.999999909	695.4945767170506
3731999.999999909	329.94512919888524
3727999.999999909	2148.5336642039024
3723999.999999909	1664.400484318649
3719999.9999999097	877.046271001289
3715999.9999999097	511.5240285416647
3711999.9999999097	142.4338216896953
3707999.9999999097	462.64328605267474
3703999.9999999097	228.18210749938373
3699999.99999991	461.33937566792883
3695999.99999991	461.6653424374502
3691999.99999991	500.7521134173969
3687999.99999991	870.1175741035548
3683999.9999999106	687.3102718896195
3679999.9999999106	2422.677379500317
3675999.9999999106	5184.284540348852
3671999.9999999106	4151.2464802647655
3667999.9999999106	899.5560566183871
3663999.999999911	1141.3309849218542
3659999.999999911	615.1587998298445
3655999.999999911	664.0569970465815
3651999.999999911	602.1361177577894
3647999.999999911	479.3893220413558
3643999.9999999115	697.921873064377
3639999.9999999115	409.4038285649616
3635999.9999999115	1016.6858478157908
3631999.9999999115	490.98102374261936
3627999.9999999115	3242.207206150487
3623999.999999912	2050.82926561989
3619999.999999912	1766.111369968587
3615999.999999912	192.61957113570293
3611999.999999912	654.89754904711
3607999.999999912	128.86458289156076
3603999.9999999125	424.9703168059433
3599999.9999999125	123.68159077382074
3595999.9999999125	372.77017882256797
3591999.9999999125	135.7195610499862
3587999.999999913	476.5155797390381
3583999.999999913	173.0866240281169
3579999.999999913	1223.2153396033389
3575999.999999913	765.0461436718264
3571999.999999913	2267.78113309306
3567999.9999999134	68.84794239220214
3563999.9999999134	706.8824685666397
3559999.9999999134	97.23470747711372
3555999.9999999134	467.846211577594
3551999.9999999134	116.13318607225625
3547999.999999914	391.5010198561069
3543999.999999914	127.9814968044865
3539999.999999914	443.8373827895721
3535999.999999914	129.71845307670313
3531999.999999914	939.2139835485525
3527999.9999999143	63.41582970379534
3523999.9999999143	7780.273025930152
3519999.9999999143	287.85689211074845
3515999.9999999143	1044.6040210456517
3511999.999999915	259.7873145063146
3507999.999999915	648.398499832656
3503999.999999915	278.98497549706445
3499999.999999915	498.8288426649603
3495999.999999915	321.9174728390907
3491999.9999999152	420.19623232178924
3487999.9999999152	415.8141375928495
3483999.9999999152	449.99119347051885
3479999.9999999152	792.543940264422
3475999.9999999152	3975.3810665877745
3471999.9999999157	801.2960152231259
3467999.9999999157	841.7222520032437
3463999.9999999157	70.68057984058562
3459999.9999999157	540.3502474516696
3455999.9999999157	75.72061670272556
3451999.999999916	448.10308563641127
3447999.999999916	138.67836078036177
3443999.999999916	420.55917266845574
3439999.999999916	199.49333665251513
3435999.999999916	519.0482917465283
3431999.9999999166	327.4707150032623
3427999.9999999166	1797.9699074359557
3423999.9999999166	1345.0528368206092
3419999.9999999166	1290.7982736419951
3415999.999999917	42.63939109259116
3411999.999999917	609.7788436991949
3407999.999999917	35.949587024810135
3403999.999999917	457.1308599045491
3399999.999999917	32.244115481096586
3395999.9999999176	447.7353170063148
3391999.9999999176	42.51723720904319
3387999.9999999176	699.6687072456356
3383999.9999999176	303.10005089413806
3379999.9999999176	2226.694065493548
3375999.999999918	5427.198238147317
3371999.999999918	4730.304123710609
3367999.999999918	1270.889846081877
3363999.999999918	1606.2358251183261
3359999.999999918	895.7596899052284
3355999.9999999185	1127.220315941514
3351999.9999999185	858.5402737920377
3347999.9999999185	945.7754197470068
3343999.9999999185	957.7968232724959
3339999.9999999185	873.4447162022569
3335999.999999919	1293.6885342791484
3331999.999999919	928.1795257794817
3327999.999999919	3509.9640582018187
3323999.999999919	1564.2778775605325
3319999.9999999194	1338.8518591795862
3315999.9999999194	494.6460467659784
3311999.9999999194	182.29360692837042
3307999.9999999194	522.3383859984086
3303999.9999999194	141.07498482401405
3299999.99999992	522.5467539097144
3295999.99999992	358.4726171256904
3291999.99999992	514.1386125298079
3287999.99999992	635.2746318870037
3283999.99999992	497.27604644755576
3279999.9999999204	1510.4159398102627
3275999.9999999204	581.4358054770358
3271999.9999999204	1935.9959835082293
3267999.9999999204	555.6223544137005
3263999.9999999204	277.6575088492365
3259999.999999921	527.6668190466612
3255999.999999921	56.95035941616937
3251999.999999921	518.5322689797205
3247999.999999921	273.38217927317066
3243999.9999999213	516.0454345572027
3239999.9999999213	543.3077238297869
3235999.9999999213	524.829970244504
3231999.9999999213	1231.3714783716055
3227999.9999999213	667.8274054574763
3223999.999999922	8157.56328492307
3219999.999999922	495.2028517110069
3215999.999999922	767.6221513621127
3211999.999999922	477.6606355636174
3207999.999999922	283.66915187168956
3203999.9999999222	479.70608826347194
3199999.9999999222	66.79863759143423
3195999.9999999222	486.859512675871
3191999.9999999222	125.96187467890236
3187999.9999999222	515.6062939084067
3183999.9999999227	409.4312523427294
3179999.9999999227	762.0179252023715
3175999.9999999227	4000.3723827417516
3171999.9999999227	1202.6787015553637
3167999.9999999227	471.87569767514
3163999.999999923	576.2881519498151
3159999.999999923	106.98483865979755
3155999.999999923	515.1941793219556
3151999.999999923	82.61151498263713
3147999.9999999236	496.5961494318576
3143999.9999999236	245.10318206456535
3139999.9999999236	489.0359651792938
3135999.9999999236	523.4120965737582
3131999.9999999236	502.1046470654831
3127999.999999924	1944.1135307738048
3123999.999999924	1720.7550246512815
3119999.999999924	981.728485373471
3115999.999999924	558.6491992920616
3111999.999999924	212.30719309651408
3107999.9999999246	529.0148941113032
3103999.9999999246	83.62343792469116
3099999.9999999246	530.9791530983915
3095999.9999999246	338.60927557024553
3091999.9999999246	563.3708647392355
3087999.999999925	788.4313071796296
3083999.999999925	751.1865631103888
3079999.999999925	2506.8092769560303
3075999.999999925	6347.7794507931485
3071999.9999999255	4779.915610211642
3067999.9999999255	1303.9035378949159
3063999.9999999255	1444.461593359511
3059999.9999999255	925.8269273392411
3055999.9999999255	914.2532235628258
3051999.999999926	885.2994581385809
3047999.999999926	705.7362196803691
3043999.999999926	965.5222931439115
3039999.999999926	618.0488937187151
3035999.999999926	1260.481300776164
3031999.9999999264	668.8149209820477
3027999.9999999264	3369.441329623769
3023999.9999999264	1427.0596460149595
3019999.9999999264	1499.607821033276
3015999.9999999264	119.77540895419817
3011999.999999927	572.0277136262652
3007999.999999927	171.242841155989
3003999.999999927	505.383433288097
2999999.999999927	171.88470506254703
2995999.999999927	572.601646169908
2991999.9999999274	157.6652493919385
2987999.9999999274	751.5544532719427
2983999.9999999274	125.79954860954497
2979999.9999999274	1534.7744727158095
2975999.999999928	346.61198292266477
2971999.999999928	2094.959563685237
2967999.999999928	233.29253591037624
2963999.999999928	611.940705336079
2959999.999999928	192.91201330853173
2955999.9999999283	505.2930279070647
2951999.9999999283	183.9843446891027
2947999.9999999283	557.1688265723609
2943999.9999999283	193.2804274112896
2939999.9999999283	732.1320983022734
2935999.9999999288	245.57603012161428
2931999.9999999288	1380.5744238402283
2927999.9999999288	681.6162733044605
2923999.9999999288	9022.068056049373
2919999.9999999288	355.8266373842795
2915999.999999929	1036.0546074430308
2911999.999999929	154.07322105578862
2907999.999999929	628.1704483507087
2903999.999999929	134.00565830598424
2899999.999999929	522.6690650434413
2895999.9999999297	159.61481824959696
2891999.9999999297	510.2434587075693
2887999.9999999297	248.8549068916879
2883999.9999999297	616.5528592156925
2879999.99999993	659.517424763511
2875999.99999993	3828.8572774645822
2871999.99999993	1140.8061425447424
2867999.99999993	685.1014014297771
2863999.99999993	320.583480394653
2859999.9999999306	514.925699299465
2855999.9999999306	185.3999297657361
2851999.9999999306	512.0241136120362
2847999.9999999306	120.93109626961332
2843999.9999999306	566.2167461360044
2839999.999999931	70.34209170212162
2835999.999999931	739.5436414993119
2831999.999999931	108.38861566690778
2827999.999999931	2015.0190603728474
2823999.999999931	1773.0788106278367
2819999.9999999315	1048.6086961129809
2815999.9999999315	328.97432002144535
2811999.9999999315	524.2224965466066
2807999.9999999315	265.0772706617067
2803999.999999932	523.4257821897048
2799999.999999932	281.3568168728494
2795999.999999932	658.950646294306
2791999.999999932	376.8687223129063
2787999.999999932	1039.1169528596984
2783999.9999999325	722.4194540996266
2779999.9999999325	2789.223556943609
2775999.9999999325	7271.095375029204
2771999.9999999325	5028.071977743581
2767999.9999999325	1259.0963234777853
2763999.999999933	1531.1085423164154
2759999.999999933	760.5494961475266
2755999.999999933	1007.607579236489
2751999.999999933	683.3675916275145
2747999.999999933	814.5018155011625
2743999.9999999334	759.0797918129961
2739999.9999999334	733.0878683079412
2735999.9999999334	1070.6249714350395
2731999.9999999334	752.3901077286952
2727999.9999999334	3193.1283856843165
2723999.999999934	1428.2066964419394
2719999.999999934	1469.6739346144184
2715999.999999934	495.49200450818097
2711999.999999934	361.2116023346691
2707999.9999999343	498.4996232720089
2703999.9999999343	63.12210258166391
2699999.9999999343	496.174864619596
2695999.9999999343	173.00579068938632
2691999.9999999343	492.7597293625654
2687999.999999935	449.1854294539195
2683999.999999935	489.9407444650027
2679999.999999935	1343.5447834690387
2675999.999999935	621.9735143991611
2671999.999999935	2190.3923951295965
2667999.9999999353	494.55796006344997
2663999.9999999353	487.4903252267016
2659999.9999999353	488.19493175731725
2655999.9999999353	143.6088401782321
2651999.9999999353	486.20847137066033
2647999.9999999357	105.15974475725031
2643999.9999999357	486.513182358701
2639999.9999999357	411.2621531806588
2635999.9999999357	501.6686070020596
2631999.9999999357	1232.1198914971974
2627999.999999936	939.8399382626711
2623999.999999936	10178.880797360858
2619999.999999936	888.8132485129372
2615999.999999936	1219.3229926104611
2611999.9999999367	641.849083742527
2607999.9999999367	644.7731649496494
2603999.9999999367	613.3106497549916
2599999.9999999367	393.4885324236184
2595999.9999999367	627.620794641408
2591999.999999937	200.81833648205722
2587999.999999937	694.4279603526753
2583999.999999937	81.45115098080302
2579999.999999937	1057.1675021872634
2575999.999999937	3370.3771040324004
2571999.9999999376	1046.0330346189457
2567999.9999999376	700.3816848764368
2563999.9999999376	471.3648696808069
2559999.9999999376	353.187561454285
2555999.9999999376	472.1691252793855
2551999.999999938	183.08736970739338
2547999.999999938	489.93929916538616
2543999.999999938	20.216683321955255
2539999.999999938	516.0217211426946
2535999.9999999385	259.7442941566687
2531999.9999999385	596.4938545318395
2527999.9999999385	1644.9352623991201
2523999.9999999385	1641.7781481214217
2519999.9999999385	1183.981538554152
2515999.999999939	457.3341911951113
2511999.999999939	422.62683998457953
2507999.999999939	452.61937422214015
2503999.999999939	133.36280994968362
2499999.999999939	450.00000000000006
2495999.9999999395	154.2401052122612
2491999.9999999395	460.886575087713
2487999.9999999395	661.8808228891445
2483999.9999999395	673.9867804664402
2479999.9999999395	2621.7163152830108
2475999.99999994	8023.91347358779
2471999.99999994	5710.066878085587
2467999.99999994	1816.5065554800126
2463999.99999994	1898.6274746124607
2459999.99999994	1265.6507114292638
2455999.9999999404	1291.9484695685446
2451999.9999999404	1175.0413253201389
2447999.9999999404	1050.0441042545178
2443999.9999999404	1238.519611105634
2439999.999999941	939.2215449335866
2435999.999999941	1528.7199386502912
2431999.999999941	955.9074307934977
2427999.999999941	3579.7833745932303
2423999.999999941	760.7191707131993
2419999.9999999413	1101.9021842453296
2415999.9999999413	474.3317761168406
2411999.9999999413	429.87606154077486
2407999.9999999413	511.10618368876214
2403999.9999999413	575.7857418479645
2399999.999999942	506.5114675763819
2395999.999999942	742.5659028314394
2391999.999999942	492.0839532650215
2387999.999999942	993.3506953202254
2383999.999999942	466.50956938745145
2379999.9999999423	1862.7464801774345
2375999.9999999423	166.58888581226284
2371999.9999999423	1799.4258767331128
2367999.9999999423	544.3219287369845
2363999.9999999423	405.39965040240605
2359999.9999999427	524.6959156597056
2355999.9999999427	530.9025340068786
2351999.9999999427	535.6354256733541
2347999.9999999427	725.6698793837579
2343999.999999943	579.2479596854416
2339999.999999943	1030.4229331656366
2335999.999999943	715.8387829107986
2331999.999999943	1912.7551631734766
2327999.999999943	1683.7415165861798
2323999.9999999437	10928.469454963097
2319999.9999999437	519.922566278723
2315999.9999999437	956.7645415947811
2311999.9999999437	77.43137291195113
2307999.9999999437	447.354630658739
2303999.999999944	80.48930677281933
2299999.999999944	382.4784240180992
2295999.999999944	81.5648329272928
2291999.999999944	455.24510415569597
2287999.999999944	89.99347736405863
2283999.9999999446	656.3195779182474
2279999.9999999446	499.41799341417635
2275999.9999999446	3722.512759636862
2271999.9999999446	1485.5132984804109
2267999.999999945	406.2681023739051
2263999.999999945	592.5939583964614
2259999.999999945	399.017926173781
2255999.999999945	448.2468972489832
2251999.999999945	496.17129235133706
2247999.9999999455	379.45788880217316
2243999.9999999455	625.7986944261737
2239999.9999999455	317.69593555424024
2235999.9999999455	870.7207323585244
2231999.9999999455	185.68762974015422
2227999.999999946	2198.3736437894627
2223999.999999946	2224.9390670024222
2219999.999999946	692.9373349384255
2215999.999999946	641.2234563434529
2211999.999999946	376.3402837887513
2207999.9999999464	582.4733973043013
2203999.9999999464	573.288525933886
2199999.9999999464	618.6431831271524
2195999.9999999464	842.9915605738252
2191999.9999999464	757.4148377176487
2187999.999999947	1367.7596455677995
2183999.999999947	1227.6382137702653
2179999.999999947	3477.19502829863
2175999.999999947	9955.004437910364
2171999.9999999474	5606.532048564061
2167999.9999999474	1391.3358474952397
2163999.9999999474	1481.4002796043098
2159999.9999999474	713.0076631480387
2155999.9999999474	842.2132387251878
2151999.999999948	583.136595629933
2147999.999999948	598.0285260956013
2143999.999999948	629.6040768324299
2139999.999999948	488.2789559231718
2135999.999999948	912.4045282209352
2131999.9999999483	480.6894950448396
2127999.9999999483	2944.6753351091606
2123999.9999999483	1211.8188598841082
2119999.9999999483	1564.708655247243
2115999.9999999483	302.83607138856047
2111999.999999949	511.4440444890545
2107999.999999949	293.0924635388985
2103999.999999949	244.86832130394455
2099999.999999949	291.58834071249095
2095999.999999949	173.157371715785
2091999.999999949	292.63034287529695
2087999.9999999492	364.5291263205896
2083999.9999999492	297.4496316030827
2079999.9999999495	1254.2028224354624
2075999.9999999495	437.9769515539059
2071999.9999999495	2382.8194177632863
2067999.9999999497	272.3045439099279
2063999.9999999497	646.378032860868
2059999.99999995	270.7219246762122
2055999.99999995	312.7344819356146
2051999.9999999502	261.33646646503564
2047999.9999999502	198.46846943858122
2043999.9999999502	251.0983887879164
2039999.9999999504	450.4966016103484
2035999.9999999504	317.8409034085699
2031999.9999999506	1452.987986529886
2027999.9999999506	1563.9457724744493
2023999.9999999509	13153.22338676324
2019999.9999999509	1513.2310093336341
2015999.9999999509	1730.3449220809039
2011999.999999951	863.4153829816039
2007999.999999951	1020.0548524345496
2003999.9999999513	743.531579174062
1999999.9999999513	728.1152949374523
1995999.9999999513	731.5998929778135
1991999.9999999516	527.8907623969092
1987999.9999999516	809.7321125408604
1983999.9999999518	304.2078666092618
1979999.9999999518	1256.549207353531
1975999.999999952	2852.0932159558824
1971999.999999952	844.6284375285032
1967999.999999952	902.9855887624899
1963999.9999999523	232.46412035125726
1959999.9999999523	590.5897676837582
1955999.9999999525	331.5187818271792
1951999.9999999525	443.68106301467486
1947999.9999999525	390.888533841606
1943999.9999999527	323.58638281403705
1939999.9999999527	448.8543918218566
1935999.999999953	277.7606270815553
1931999.999999953	589.2014749020979
1927999.9999999532	1463.8381066320428
1923999.9999999532	1618.2434799287741
1919999.9999999532	1313.1073259674922
1915999.9999999534	181.49160197567267
1911999.9999999534	595.7341905233654
1907999.9999999537	202.1986394589906
1903999.9999999537	357.16622775892824
1899999.9999999537	174.6439451804399
1895999.999999954	312.02071718798015
1891999.999999954	189.56213581420238
1887999.9999999541	775.2922722065987
1883999.9999999541	687.3687244112738
1879999.9999999544	3084.5436630260774
1875999.9999999544	11005.767216110964
1871999.9999999544	6962.441619587201
1867999.9999999546	2405.1797956977666
1863999.9999999546	2391.220048734487
1859999.9999999548	1586.9978198355866
1855999.9999999548	1669.699322439322
1851999.9999999548	1413.8920998725148
1847999.999999955	1381.7035464856415
1843999.999999955	1441.2796060482854
1839999.9999999553	1242.3082017150823
1835999.9999999553	1713.7482722721695
1831999.9999999555	1221.5736609248124
1827999.9999999555	3713.0559827706743
1823999.9999999555	400.52434101841243
1819999.9999999558	719.5016841028245
1815999.9999999558	824.4429408992457
1811999.999999956	358.20755027828073
1807999.999999956	841.8507426109574
1803999.999999956	652.8300461130766
1799999.9999999562	833.2013624085647
1795999.9999999562	866.6639429547586
1791999.9999999565	821.5380086098639
1787999.9999999565	1156.0772176151547
1783999.9999999567	808.3119774587897
1779999.9999999567	2090.5883321091032
1775999.9999999567	685.0485919635046
1771999.999999957	1571.0004483708417
1767999.999999957	851.4815069506177
1763999.9999999572	229.53362272459194
1759999.9999999572	860.2401151839176
1755999.9999999574	611.1554224039427
1751999.9999999574	898.9411290731506
1747999.9999999574	907.5876966053052
1743999.9999999576	989.9744678370926
1739999.9999999576	1333.3714302678952
1735999.9999999579	1247.3631152239875
1731999.9999999579	2529.0051599951225
1727999.9999999579	3063.2814540546333
1723999.999999958	14464.736408986575
1719999.999999958	1197.6468758176475
1715999.9999999583	1160.6232033817246
1711999.9999999583	463.7074660067908
1707999.9999999586	330.5907941227902
1703999.9999999586	423.1397897833158
1699999.9999999586	27.767566936221584
1695999.9999999588	429.03239646910936
1691999.9999999588	249.93691651098987
1687999.999999959	437.32884111315326
1683999.999999959	537.130313772391
1679999.999999959	677.6713437073407
1675999.9999999593	3457.931907441089
1671999.9999999593	1684.4349521246984
1667999.9999999595	86.81440624933212
1663999.9999999595	804.0293662125362
1659999.9999999597	242.3097712334446
1655999.9999999597	687.0753745633021
1651999.9999999597	415.8975574350033
1647999.99999996	639.6871511700657
1643999.99999996	588.662817686741
1639999.9999999602	601.1907064661636
1635999.9999999602	868.3064932893657
1631999.9999999602	524.6392989895368
1627999.9999999604	2206.721939627276
1623999.9999999604	2545.0368318990027
1619999.9999999607	461.89095400816535
1615999.9999999607	907.0777244913638
1611999.999999961	300.66516965643615
1607999.999999961	870.2734166101276
1603999.999999961	625.3921264165116
1599999.9999999611	932.2441154810967
1595999.9999999611	985.2376295877414
1591999.9999999614	1122.3584286433768
1587999.9999999614	1657.8542785566797
1583999.9999999614	1769.8470298930172
1579999.9999999616	4313.9887252334
1575999.9999999616	14243.302963829652
1571999.9999999618	7038.78648814112
1567999.9999999618	2078.859724646633
1563999.999999962	1855.3421706203417
1559999.999999962	1135.9753621950458
1555999.999999962	1032.6770637736377
1551999.9999999623	943.0272022780166
1547999.9999999623	702.3574150148704
1543999.9999999625	947.7606431518191
1539999.9999999625	539.4345143944724
1535999.9999999627	1169.899868755114
1531999.9999999627	498.9657038455616
1527999.9999999627	3046.8787771738043
1523999.999999963	757.9143061031324
1519999.999999963	1467.7184252464435
1515999.9999999632	145.60763675403612
1511999.9999999632	650.0117191633806
1507999.9999999632	157.18424238691034
1503999.9999999634	572.6733995187099
1499999.9999999634	155.0594325398655
1495999.9999999637	612.39490104629
1491999.9999999637	154.18303311872404
1487999.999999964	768.6477124352209
1483999.999999964	155.9645413767067
1479999.999999964	1568.7784658847386
1475999.9999999641	144.84609249054344
1471999.9999999641	2321.1413342795627
1467999.9999999644	187.99957860484065
1463999.9999999644	734.3758652958443
1459999.9999999644	212.88525299390997
1455999.9999999646	609.2908127738863
1451999.9999999646	268.9151552635406
1447999.9999999648	698.4776723479185
1443999.9999999648	399.11039878124535
1439999.999999965	1036.5213715838881
1435999.999999965	772.6290899004491
1431999.999999965	2341.77417486327
1427999.9999999653	3337.7026667114883
1423999.9999999653	18147.732352772822
1419999.9999999655	2420.0221653549715
1415999.9999999655	2273.424285633488
1411999.9999999655	1137.0462920477082
1407999.9999999658	1355.1353632853359
1403999.9999999658	867.566812913675
1399999.999999966	1023.6815907738204
1395999.999999966	791.37381855026
1391999.9999999662	839.9510824626483
1387999.9999999662	838.059745525077
1383999.9999999662	699.4125633731775
1379999.9999999665	1290.0084695289415
1375999.9999999665	2689.4658559282693
1371999.9999999667	981.0137782803818
1367999.9999999667	1028.3826416409681
1363999.9999999667	231.40794188536907
1359999.999999967	813.4616375714172
1355999.999999967	289.2258702492129
1351999.9999999672	736.2389993126658
1347999.9999999672	332.65794147341785
1343999.9999999674	699.7621684979505
1339999.9999999674	375.9884285661895
1335999.9999999674	734.4514811539848
1331999.9999999676	498.1168297001012
1327999.9999999676	1702.3655541831179
1323999.9999999679	1988.759763444748
1319999.9999999679	1271.098666234613
1315999.9999999679	320.8363759984255
1311999.999999968	773.04029923026
1307999.999999968	313.1969733789464
1303999.9999999683	730.7414448378781
1299999.9999999683	383.81687956781366
1295999.9999999686	881.5302407082515
1291999.9999999686	621.4116796939601
1287999.9999999686	1473.8961507427603
1283999.9999999688	1469.3951060011286
1279999.9999999688	4448.575212414493
1275999.999999969	17222.89511164255
1271999.999999969	8932.599186051852
1267999.9999999693	3192.670662672592
1263999.9999999693	2927.5893997802764
1259999.9999999693	1913.0547802824678
1255999.9999999695	2008.6239323566747
1251999.9999999695	1599.5263213017308
1247999.9999999697	1651.8852431179703
1243999.9999999697	1555.1392520431157
1239999.9999999697	1477.078956192806
1235999.99999997	1774.01667606991
1231999.99999997	1415.9645734811422
1227999.9999999702	3669.160379782926
1223999.9999999702	791.2645562098216
1219999.9999999704	730.1216491024429
1215999.9999999704	1116.5361124810388
1211999.9999999704	503.0977002256143
1207999.9999999707	1116.3598421339773
1203999.9999999707	741.6737356301521
1199999.999999971	1106.0717646792743
1195999.999999971	935.2830093543776
1191999.999999971	1099.359086404396
1187999.9999999711	1214.7571371489128
1183999.9999999711	1099.425016517937
1179999.9999999714	2153.9018224724105
1175999.9999999714	1120.8816994681358
1171999.9999999716	1665.7926277741296
1167999.9999999716	1122.0000052764253
1163999.9999999716	448.10934735986115
1159999.9999999718	1161.0453218093617
1155999.9999999718	773.2651688650972
1151999.999999972	1235.6756563208855
1147999.999999972	1116.45232993357
1143999.999999972	1398.6588778650332
1139999.9999999723	1686.599500388528
1135999.9999999723	1872.5440722102735
1131999.9999999725	3425.030308661611
1127999.9999999725	5407.848300195056
1123999.9999999728	22208.537847520274
1119999.9999999728	2974.0360971250866
1115999.9999999728	2254.005051897887
1111999.999999973	1329.7171475580226
1107999.999999973	1084.3263020634395
1103999.9999999732	1066.6149307978985
1099999.9999999732	676.2414934879176
1095999.9999999732	1004.6831605258783
1091999.9999999735	490.02525568518473
1087999.9999999735	1022.6225903320183
1083999.9999999737	452.39359973174254
1079999.9999999737	1318.7540989424253
1075999.999999974	2846.3095496846986
1071999.999999974	1608.1090962606218
1067999.999999974	618.6679774882094
1063999.9999999742	964.285251228832
1059999.9999999742	470.05214678813627
1055999.9999999744	930.2337412807614
1051999.9999999744	473.6723684936111
1047999.9999999745	925.9319851789517
1043999.9999999746	541.5579600729852
1039999.9999999747	926.4210238532762
1035999.9999999747	730.4431289447374
1031999.9999999749	935.2204116345102
1027999.999999975	1926.7520340422
1023999.9999999751	2591.6538526070153
1019999.9999999752	835.0216855109455
1015999.9999999753	1090.4502592354859
1011999.9999999754	504.25846538174477
1007999.9999999754	1091.1158451905958
1003999.9999999756	694.6470244246843
999999.9999999757	1178.115294937452
995999.9999999758	1082.0485563321345
991999.9999999759	1441.2697095088367
987999.999999976	1965.5760476748958
983999.999999976	2452.621749213754
979999.9999999761	5737.033890545637
975999.9999999763	23249.8167907031
971999.9999999764	10728.673078500375
967999.9999999765	4005.6260054397626
963999.9999999766	3281.691696298216
959999.9999999766	2377.1454845175167
955999.9999999767	2129.931325830293
951999.9999999768	1989.1068386271018
947999.999999977	1680.9508555110472
943999.9999999771	1910.3086736177236
939999.9999999772	1460.4217851879425
935999.9999999772	2085.620194644577
931999.9999999773	1374.1395222090741
927999.9999999774	3841.7816390258467
923999.9999999775	627.3505341230101
919999.9999999776	1134.5052527507876
915999.9999999778	1063.9999626496513
911999.9999999778	1123.8500272977801
907999.9999999779	1067.714938038444
903999.999999978	1287.0923087891015
899999.9999999781	1066.6660440200505
895999.9999999782	1443.8696550800537
891999.9999999783	1075.2389016624643
887999.9999999783	1689.5404135295123
883999.9999999785	1099.5251220080888
879999.9999999786	2562.7897624367197
875999.9999999787	1226.0599943651157
871999.9999999788	1754.0051631030929
867999.9999999789	1166.9474864464914
863999.9999999789	1164.6120919432071
859999.999999979	1269.7119084827202
855999.9999999792	1464.9712501910476
851999.9999999793	1436.4606681386304
847999.9999999794	1836.9834933083148
843999.9999999795	1760.633548010716
839999.9999999795	2530.774578152629
835999.9999999796	2598.8414651207277
831999.9999999797	4796.75608703933
827999.9999999799	8142.152938765418
823999.99999998	29890.80894784418
819999.9999999801	4273.726692935721
815999.9999999801	3083.9845839219706
811999.9999999802	1535.2258103681513
807999.9999999803	1646.4016325830678
803999.9999999804	982.6868255494609
799999.9999999806	1238.6760120394795
795999.9999999807	809.9518315628892
791999.9999999807	1108.564786042972
787999.9999999808	782.5845714935078
783999.9999999809	1109.7992300368585
779999.999999981	1078.200518382935
775999.9999999811	3052.9985391032756
771999.9999999813	1686.1843381477443
767999.9999999814	1121.890801543007
763999.9999999814	869.0306907716829
759999.9999999815	1122.0371121784187
755999.9999999816	806.4881117635084
751999.9999999817	1180.3631700628282
747999.9999999818	798.8598234852577
743999.999999982	1276.598265999669
739999.999999982	796.1121863717754
735999.9999999821	1469.0456141401462
731999.9999999822	747.8565917008375
727999.9999999823	2552.397688602695
723999.9999999824	3075.9773828414795
719999.9999999825	1141.1477312521622
715999.9999999825	1310.0032872468073
711999.9999999827	1337.2740704624869
707999.9999999828	1378.4032435530019
703999.9999999829	1650.4622659986474
699999.999999983	1629.9829107366356
695999.9999999831	2163.3100723167463
691999.9999999831	2203.437417815954
687999.9999999832	3328.383447272254
683999.9999999834	3933.0942533980797
679999.9999999835	8401.87079406039
675999.9999999836	34695.83294972132
671999.9999999837	14025.195029903147
667999.9999999837	5080.406821042564
663999.9999999838	3973.1035738779356
659999.9999999839	2548.7101320773904
655999.999999984	2470.060073373504
651999.9999999842	1873.3669733876477
647999.9999999843	1913.084191250032
643999.9999999843	1655.1797372494848
639999.9999999844	1650.9385542387213
635999.9999999845	1749.0139194002597
631999.9999999846	1531.5349156424934
627999.9999999847	3450.58848925332
623999.9999999849	1187.4704934790152
619999.9999999849	1120.942545973261
615999.999999985	1308.632504980673
611999.9999999851	748.0852387678865
607999.9999999852	1295.905897542256
603999.9999999853	832.5678944988833
599999.9999999854	1286.7988372994269
595999.9999999854	946.8661329446984
591999.9999999856	1286.0383322323273
587999.9999999857	1164.4412502490914
583999.9999999858	1296.7695139786413
579999.9999999859	2045.4560297672472
575999.999999986	1402.748391223537
571999.999999986	2045.7346682629372
567999.9999999861	1330.5329989066665
563999.9999999863	768.1018804545112
559999.9999999864	1412.6828727795742
555999.9999999865	1014.6474675837306
551999.9999999866	1581.453234618532
547999.9999999866	1507.630384049711
543999.9999999867	1996.675078106612
539999.9999999868	2559.872012551012
535999.999999987	3291.6599079762113
531999.9999999871	6107.760147337473
527999.9999999872	12734.995317574681
523999.99999998725	47706.92596530698
519999.99999998737	8744.011030184063
515999.9999999874	5899.598476369321
511999.99999998754	3999.525435905268
507999.99999998766	3451.7172401325997
503999.9999999877	2972.3002064063307
499999.99999998783	2563.0728866663153
495999.99999998795	2585.4925439595777
491999.999999988	2075.5367011442177
487999.9999999881	2466.8183836467238
483999.99999998824	1681.718453998785
479999.9999999883	2806.376876915599
475999.9999999884	1376.6814412929157
471999.99999998853	1253.541663195963
467999.9999999886	1950.2536487587822
463999.9999999887	1615.0095222805305
459999.9999999888	1630.6345099531852
455999.9999999889	1687.0684640669936
451999.999999989	1442.8667217346035
447999.9999999891	1702.4436535521681
443999.9999999892	1263.5942005724614
439999.9999999893	1710.5854648250738
435999.9999999894	1031.309921745919
431999.99999998946	1782.4943656544542
427999.9999999896	1085.426795361938
423999.9999999897	2021.1872794865997
419999.99999998976	1819.2306386794382
415999.9999999899	1320.0622467835472
411999.99999999	1092.1298395889842
407999.99999999005	1287.8380771701218
403999.99999999016	832.539532940036
399999.9999999903	1321.7248450157676
395999.99999999034	1205.0652480888236
391999.99999999045	1908.3977823847904
387999.99999999057	3045.003299960184
383999.9999999907	4793.44888683685
379999.99999999074	11611.025390189758
375999.99999999086	60868.34921648975
371999.999999991	26112.033598957907
367999.99999999104	11801.475800798005
363999.99999999115	9092.22642945676
359999.99999999127	7168.08066491483
355999.9999999913	6480.365803312283
351999.99999999144	5907.711145691284
347999.99999999156	5477.373405167233
343999.9999999916	5458.8079073038625
339999.99999999173	4992.200923516211
335999.99999999185	5477.510842963051
331999.9999999919	4767.857747348093
327999.999999992	7189.397127385944
323999.99999999214	4040.804414625161
319999.9999999922	3231.1080013069322
315999.9999999923	4456.589683935259
311999.99999999243	4181.050044452669
307999.9999999925	4503.825963444654
303999.9999999926	4537.085857429986
299999.9999999927	4591.859563905385
295999.9999999928	4870.749919387269
291999.9999999929	4734.725433856287
287999.999999993	5340.107382439261
283999.9999999931	4950.069611782313
279999.9999999932	6550.294182954137
275999.9999999933	5507.55443177469
271999.99999999336	3129.0295423066964
267999.9999999935	5542.443688256964
263999.9999999936	5371.92368705287
259999.99999999368	6140.396131174857
255999.99999999377	6440.815749862991
251999.99999999386	7052.0157925932635
247999.99999999398	7853.4570491207905
243999.99999999406	8692.240046233805
239999.99999999415	10520.058485361544
235999.99999999427	12638.036600144387
231999.99999999435	18919.156281941687
227999.99999999444	37275.76601081691
223999.99999999456	104957.75271374447
219999.99999999464	16699.5145347276
215999.99999999473	8427.885662721184
211999.99999999485	4184.508536120595
207999.99999999494	2783.156683650719
203999.99999999502	1333.6231939635884
199999.99999999514	1342.9032311830297
195999.99999999523	989.8854743962918
191999.99999999534	1770.8592586317118
187999.99999999543	1548.9243962646613
183999.99999999552	2576.6896180694207
179999.99999999563	1680.2489845788275
175999.99999999572	5392.122593020489
171999.9999999958	4573.363079257544
167999.99999999593	3232.3957860753
163999.999999996	4041.028819664194
159999.9999999961	4015.2368497488287
155999.99999999622	4423.81868896416
151999.9999999963	4721.964875623508
147999.9999999964	4940.4257186668565
143999.9999999965	5499.778431225516
139999.9999999966	5543.209648697365
135999.99999999668	6482.486981758331
131999.9999999968	6166.235703085891
127999.99999999689	8582.215631737434
123999.99999999699	10001.30745271825
119999.99999999708	7368.128830711638
115999.99999999718	9208.550665816245
111999.99999999728	9657.073641263327
107999.99999999737	11087.083981513722
103999.99999999747	12381.197344733031
99999.99999999757	14262.7207116219
95999.99999999767	16895.62611603254
91999.99999999776	20393.58666269666
87999.99999999786	26696.173680144202
83999.99999999796	37288.058318263866
79999.99999999805	67292.85666701403
75999.99999999815	323027.14895502216
71999.99999999825	107748.41015161079
67999.99999999834	44125.542798193295
63999.99999999844	27943.831476545656
59999.99999999854	19542.829154370676
55999.99999999864	15197.333002968184
51999.999999998734	12003.026187313642
47999.999999998836	9894.791287728762
43999.99999999893	8347.732912652076
39999.999999999025	6927.64044157972
35999.99999999913	6323.640126703587
31999.99999999922	5004.86251335062
27999.99999999932	6528.571211079579
23999.999999999418	3148.9389810380944
19999.999999999513	1473.7645435388529
15999.99999999961	2421.9378121312293
11999.999999999709	1391.8587478178338
7999.999999999805	1666.829229817456
3999.9999999999027	972.9730230559993
