0.0	658056.0
3999.9999999999027	4742.739314529219
7999.999999999805	4695.692999170386
11999.999999999709	4643.352955612523
15999.99999999961	4856.2614277708135
19999.999999999513	4926.60418050383
23999.999999999418	5225.521954720536
27999.99999999932	5376.594409637552
31999.99999999922	6322.447850431308
35999.99999999913	6769.234072159859
39999.999999999025	7378.427922197394
43999.99999999893	8282.307659962624
47999.999999998836	9830.775482671917
51999.999999998734	11146.134551233206
55999.99999999864	13187.749921078865
59999.99999999854	16600.04714775886
63999.99999999844	22883.00900920753
67999.99999999834	36408.69019461527
71999.99999999825	84949.43187988739
75999.99999999815	282767.4866481094
79999.99999999805	55206.08313654484
83999.99999999796	31605.250028121554
87999.99999999786	22376.052555852093
91999.99999999776	17831.221193537844
95999.99999999767	15385.747662761649
99999.99999999757	13044.92357163822
103999.99999999747	12373.21457596872
107999.99999999737	12077.064375054302
111999.99999999728	11206.80325872581
115999.99999999718	11338.318091307405
119999.99999999708	11402.736695582564
123999.99999999699	12135.321202702917
127999.99999999689	12739.193160742916
131999.9999999968	14846.229855033394
135999.99999999668	16988.932403336614
139999.9999999966	22197.65203570442
143999.9999999965	34490.63778318905
147999.9999999964	94318.7116188745
151999.9999999963	100530.22489378805
155999.99999999622	30553.357532440095
159999.9999999961	17024.27882396775
163999.999999996	11643.98279402357
167999.99999999593	8749.835015736733
171999.9999999958	6975.666979812006
175999.99999999572	5116.53090673144
179999.99999999563	4964.042404054621
183999.99999999552	4139.251651603151
187999.99999999543	3527.8124401639757
191999.99999999534	3374.567735690018
195999.99999999523	2890.9387231773408
199999.99999999514	2706.173687036774
203999.99999999502	2700.545300861848
207999.99999999494	2600.377382757939
211999.99999999485	2281.3042178396768
215999.99999999473	2231.443547492387
219999.99999999464	2592.2356357667277
223999.99999999456	4976.077091453539
227999.99999999444	366.8746340077667
231999.99999999435	1525.9892180529844
235999.99999999427	1451.6053174939213
239999.99999999415	1530.694782212891
243999.99999999406	1193.2855883897948
247999.99999999398	1007.792471693061
251999.99999999386	1484.9031238345974
255999.99999999377	1281.7160579872257
259999.99999999368	891.3051175280639
263999.9999999936	1306.7012050361989
267999.9999999935	1273.7369641490905
271999.99999999336	1274.987611406884
275999.9999999933	1511.6181797946424
279999.9999999932	1262.489710282764
283999.9999999931	1865.3189315179852
287999.999999993	2316.573104417097
291999.9999999929	2739.719429039101
295999.9999999928	4634.069575141931
299999.9999999927	70664.72895533449
303999.9999999926	2988.7067759795286
307999.9999999925	1567.508594117822
311999.99999999243	997.1611263851469
315999.9999999923	457.02466673030267
319999.9999999922	139.8040203583651
323999.99999999214	107.03227198872317
327999.999999992	237.60138439230516
331999.9999999919	654.3120791496593
335999.99999999185	486.37027034081524
339999.99999999173	802.1953104238726
343999.9999999916	1058.223222406293
347999.99999999156	1560.1299683574766
351999.99999999144	1412.0357059709695
355999.9999999913	1975.1241787682598
359999.99999999127	2233.19758045404
363999.99999999115	3220.081851319316
367999.99999999104	5420.894669855847
371999.999999991	12042.048684571986
375999.99999999086	55829.574710676265
379999.99999999074	8787.136116341413
383999.9999999907	4591.607807334737
387999.99999999057	3134.995802578099
391999.99999999045	2474.1072771847485
395999.99999999034	2499.6048242699794
399999.9999999903	1759.5470110872438
403999.99999999016	1713.6095670155557
407999.99999999005	1383.8835878237905
411999.99999999	1390.866322904062
415999.9999999899	1289.2854099370952
419999.99999998976	1621.2617683316848
423999.9999999897	1121.3301400848761
427999.9999999896	1111.6753851160106
431999.99999998946	1362.870814957195
435999.9999999894	1554.9285710964687
439999.9999999893	1481.7497380413386
443999.9999999892	1927.1204246665136
447999.9999999891	4305.426654695697
451999.999999989	3935.0968478395475
455999.9999999889	754.2343245763948
459999.9999999888	401.3085468180879
463999.9999999887	586.7571117833352
467999.9999999886	478.5321392071136
471999.99999998853	519.2399138640918
475999.9999999884	795.9184510686616
479999.9999999883	906.0307568138679
483999.99999998824	1152.0691332525214
487999.9999999881	638.3859872141669
491999.999999988	1286.4845784680624
495999.99999998795	1366.2543024050326
499999.99999998783	1289.6924243589742
503999.9999999877	1930.2024259060424
507999.99999998766	2467.4296137935053
511999.99999998754	3094.018736929653
515999.9999999874	3788.4104114462175
519999.99999998737	7339.358113906871
523999.99999998725	28403.469936016914
527999.9999999872	15333.14989966047
531999.9999999871	6671.628541807412
535999.999999987	4064.2020843631913
539999.9999999868	3239.0978500772717
543999.9999999867	2184.5335932113903
547999.9999999866	2050.1271558418093
551999.9999999866	1290.9724697334034
555999.9999999865	1359.4717567860105
559999.9999999864	1461.3509658786325
563999.9999999863	1345.6877317471062
567999.9999999861	1182.3196607219077
571999.999999986	1368.2439338033334
575999.999999986	1400.5418710721392
579999.9999999859	1434.6637852360172
583999.9999999858	2094.6997258138867
587999.9999999857	2010.1538244351063
591999.9999999856	2501.005371025543
595999.9999999854	4078.2909176111853
599999.9999999854	34667.97180868711
603999.9999999853	3713.411950063896
607999.9999999852	1679.3074711645154
611999.9999999851	1233.0826664009635
615999.999999985	783.191866785235
619999.9999999849	453.6595258359559
623999.9999999849	431.0239574335893
627999.9999999847	241.52840325678153
631999.9999999846	310.11948795219485
635999.9999999845	136.90536675787234
639999.9999999844	126.59435502187148
643999.9999999843	146.6870526888726
647999.9999999843	118.26276166098401
651999.9999999842	99.2031839326373
655999.999999984	95.58794681852838
659999.9999999839	154.6500482905414
663999.9999999838	197.96366375014796
667999.9999999837	539.2385476531898
671999.9999999837	1206.666801069481
675999.9999999836	8908.720317950212
679999.9999999835	1446.082599804177
683999.9999999834	326.88237555700994
687999.9999999832	27.356047031216825
691999.9999999831	254.52979021309523
695999.9999999831	262.78004096100955
699999.999999983	264.1371129877054
703999.9999999829	329.5839451279014
707999.9999999828	527.9593915830651
711999.9999999827	828.420780395603
715999.9999999825	451.32589467163876
719999.9999999825	704.0990268563687
723999.9999999824	748.7791679167057
727999.9999999823	1149.3059288344907
731999.9999999822	1201.6944515987168
735999.9999999821	1612.755713722929
739999.999999982	2243.8665029114477
743999.999999982	3426.039297551949
747999.9999999818	9143.677048057485
751999.9999999817	17446.054518330304
755999.9999999816	4901.655120257053
759999.9999999815	2908.079642210095
763999.9999999814	2206.799869005139
767999.9999999814	1160.0093799113265
771999.9999999813	1400.0652754228668
775999.9999999811	1814.0899408361288
779999.999999981	1565.8000518764466
783999.9999999809	1357.092923013258
787999.9999999808	1074.6196324766847
791999.9999999807	1321.7415961419572
795999.9999999807	1324.34553355615
799999.9999999806	1552.9502960971802
803999.9999999804	1838.2517381540422
807999.9999999803	2063.188408906822
811999.9999999802	2266.2570384798773
815999.9999999801	3236.1366618717148
819999.9999999801	5080.139015805747
823999.99999998	17627.958794135437
827999.9999999799	12139.54822236227
831999.9999999797	4222.196781362971
835999.9999999796	2938.9807608100923
839999.9999999795	2038.3309671541426
843999.9999999795	1083.7753897995838
847999.9999999794	1085.9999760749995
851999.9999999793	950.6039061735835
855999.9999999792	944.2574510139764
859999.999999979	910.3376326422377
863999.9999999789	701.3820089918679
867999.9999999789	902.269899047046
871999.9999999788	738.3759466525946
875999.9999999787	842.4345083393091
879999.9999999786	634.1375946560562
883999.9999999785	1061.9987272232377
887999.9999999783	772.4827705665197
891999.9999999783	1124.1682003291671
895999.9999999782	1893.6233263736665
899999.9999999781	10280.538624846067
903999.999999978	2140.9870523046643
907999.9999999779	1364.4171195812328
911999.9999999778	640.9938229810624
915999.9999999778	315.28614389155246
919999.9999999776	279.9575051147242
923999.9999999775	241.37267120135326
927999.9999999774	247.42849658701076
931999.9999999773	219.0192180890579
935999.9999999772	276.48077548681965
939999.9999999772	351.11407037202974
943999.9999999771	186.03730575910197
947999.999999977	355.9460699130464
951999.9999999768	218.27899113027777
955999.9999999767	239.69971366968838
959999.9999999766	298.4256791648392
963999.9999999766	140.16508438799602
967999.9999999765	410.6391887008107
971999.9999999764	663.4075980008283
975999.9999999763	14262.346026000909
979999.9999999761	1407.9609394186707
983999.999999976	801.7401602146717
987999.999999976	278.59583748260275
991999.9999999759	171.43426851558732
995999.9999999758	459.198152922496
999999.9999999757	554.5909664683951
1003999.9999999756	375.3942771981337
1007999.9999999754	587.5582350542677
1011999.9999999754	273.5469431612471
1015999.9999999753	446.37522358477474
1019999.9999999752	614.6819300791536
1023999.9999999751	500.51277169370115
1027999.999999975	783.6288575505797
1031999.9999999749	1107.7362913268485
1035999.9999999747	1067.673316874287
1039999.9999999747	1744.611393289802
1043999.9999999746	2466.4527979398313
1047999.9999999745	5824.1086425500525
1051999.9999999744	14706.003708220154
1055999.9999999744	3771.8948798464844
1059999.9999999742	1917.1507629081595
1063999.9999999742	1552.6620232788239
1067999.999999974	979.8062892202181
1071999.999999974	822.2868289636763
1075999.999999974	903.6760033912453
1079999.9999999737	953.7813323111549
1083999.9999999737	616.3186287968877
1087999.9999999735	1117.8822333250246
1091999.9999999735	755.9733914286202
1095999.9999999732	796.2818654329803
1099999.9999999732	926.7038369847528
1103999.9999999732	1084.686501449216
1107999.999999973	1691.7138553171317
1111999.999999973	876.6662649252529
1115999.9999999728	1598.465791751849
1119999.9999999728	2550.429213599819
1123999.9999999728	8213.498588680533
1127999.9999999725	6918.028870915706
1131999.9999999725	2304.488021061502
1135999.9999999723	1433.212394766424
1139999.9999999723	1004.5678597113634
1143999.999999972	744.6577228474089
1147999.999999972	976.5020226953236
1151999.999999972	337.2502181580852
1155999.9999999718	436.4490144759439
1159999.9999999718	674.7985009881612
1163999.9999999716	672.0947051674608
1167999.9999999716	382.7155854923896
1171999.9999999716	413.92547886980765
1175999.9999999714	612.7051611449128
1179999.9999999714	800.0440713251149
1183999.9999999711	759.2402369877244
1187999.9999999711	921.4513801658564
1191999.999999971	1173.5936050833504
1195999.999999971	1932.032325742721
1199999.999999971	9981.5956511705
1203999.9999999707	2993.079199228645
1207999.9999999707	1582.0539606646348
1211999.9999999704	510.18082222930013
1215999.9999999704	1164.1895765534132
1219999.9999999704	280.6125175937892
1223999.9999999702	243.10109206461095
1227999.9999999702	258.515665053525
1231999.99999997	275.2103266296266
1235999.99999997	161.4988220006984
1239999.9999999697	401.01968269339835
1243999.9999999697	168.93059667710455
1247999.9999999697	157.19201162111588
1251999.9999999695	266.35141974658256
1255999.9999999695	275.50875818958184
1259999.9999999693	425.30541372416604
1263999.9999999693	388.59868624426616
1267999.9999999693	210.24966351530753
1271999.999999969	274.1902134241952
1275999.999999969	13320.079335310302
1279999.9999999688	147.266989502927
1283999.9999999688	331.01526728860614
1287999.9999999686	224.01289507028065
1291999.9999999686	125.48745069811922
1295999.9999999686	543.3680227717566
1299999.9999999683	340.4151467707835
1303999.9999999683	326.26116121220184
1307999.999999968	329.4193531610477
1311999.999999968	308.4295610311699
1315999.9999999679	285.01230558903075
1319999.9999999679	428.60165220248507
1323999.9999999679	684.8637653012835
1327999.9999999676	679.7881044242353
1331999.9999999676	778.8288353375332
1335999.9999999674	439.1475874967439
1339999.9999999674	819.6323230435898
1343999.9999999674	1481.630154467351
1347999.9999999672	3682.1656497768286
1351999.9999999672	11606.78731131659
1355999.999999967	2286.698236661659
1359999.999999967	1444.4708351186655
1363999.9999999667	796.5987792644859
1367999.9999999667	131.94736140413116
1371999.9999999667	730.90331783255
1375999.9999999665	884.3030648220788
1379999.9999999665	579.8710592349288
1383999.9999999662	674.0807997134638
1387999.9999999662	430.4630747072564
1391999.9999999662	641.2040107706309
1395999.999999966	685.982377604813
1399999.999999966	690.0135043226085
1403999.9999999658	672.6368273499215
1407999.9999999658	833.7729703278892
1411999.9999999655	1005.9097897072974
1415999.9999999655	1234.4316027365232
1419999.9999999655	2062.1191132612444
1423999.9999999653	5856.47045980532
1427999.9999999653	6407.348405683235
1431999.999999965	2087.370274980798
1435999.999999965	1092.391178115945
1439999.999999965	1086.6117574886373
1443999.9999999648	446.1151592368701
1447999.9999999648	429.085370935895
1451999.9999999646	430.5701521393926
1455999.9999999646	382.73808265048876
1459999.9999999644	814.9134873146248
1463999.9999999644	657.3757613760912
1467999.9999999644	218.15597977195475
1471999.9999999641	601.3274823851232
1475999.9999999641	561.3973808637304
1479999.999999964	793.0285868076429
1483999.999999964	1221.0350342492382
1487999.999999964	1026.6466525925266
1491999.9999999637	955.5155809347184
1495999.9999999637	2117.575395353878
1499999.9999999634	9114.283054471984
1503999.9999999634	3736.4172591931906
1507999.9999999632	1735.2391551259702
1511999.9999999632	941.4433498377301
1515999.9999999632	900.8541070165552
1519999.999999963	64.34958701510915
1523999.999999963	723.8440865109051
1527999.9999999627	206.96927636835403
1531999.9999999627	678.934634595386
1535999.9999999627	252.92335779429993
1539999.9999999625	152.59288287617065
1543999.9999999625	666.9876446001682
1547999.9999999623	362.1695400164645
1551999.9999999623	150.42034326573616
1555999.999999962	265.25802269287044
1559999.999999962	521.6168137700479
1563999.999999962	470.2645296719498
1567999.9999999618	740.4579540718108
1571999.9999999618	1057.1699296095328
1575999.9999999616	12855.461926752576
1579999.9999999616	467.54273235833415
1583999.9999999614	475.43330714086306
1587999.9999999614	209.05423769043747
1591999.9999999614	550.2002284377261
1595999.9999999611	179.0460399360954
1599999.9999999611	128.29012166728108
1603999.999999961	288.03321265997425
1607999.999999961	367.6777415548572
1611999.999999961	115.1392430488698
1615999.9999999607	224.55523956440962
1619999.9999999607	54.14135345578908
1623999.9999999604	443.0291054077194
1627999.9999999604	469.50950149112873
1631999.9999999602	560.243739618555
1635999.9999999602	399.92018966868005
1639999.9999999602	341.6079418438102
1643999.99999996	871.8131465756629
1647999.99999996	1635.752081013346
1651999.9999999597	8878.733184469318
1655999.9999999597	1324.8236978408654
1659999.9999999597	733.0398587732373
1663999.9999999595	622.9916151697286
1667999.9999999595	228.49329785980203
1671999.9999999593	364.69017159840206
1675999.9999999593	357.41923467101077
1679999.999999959	339.8525823707988
1683999.999999959	460.0890142172899
1687999.999999959	440.1236629044762
1691999.9999999588	762.5864976219494
1695999.9999999588	504.0396510821805
1699999.9999999586	570.5484227030759
1703999.9999999586	728.8635518846913
1707999.9999999586	989.9562491865745
1711999.9999999583	666.4908737385165
1715999.9999999583	1046.0865921011803
1719999.999999958	1689.5304328677475
1723999.999999958	4632.788402184872
1727999.9999999579	6766.164565235493
1731999.9999999579	1945.238964239513
1735999.9999999579	1261.554248081434
1739999.9999999576	911.8713851478964
1743999.9999999576	660.2249357698988
1747999.9999999574	804.9687855598598
1751999.9999999574	550.3326355799924
1755999.9999999574	389.80188055717747
1759999.9999999572	458.7921940557518
1763999.9999999572	865.6504757407191
1767999.999999957	488.2490225547022
1771999.999999957	469.62083530973484
1775999.9999999567	854.4977536727195
1779999.9999999567	886.0420528850547
1783999.9999999567	1173.61495404214
1787999.9999999565	1360.6875149072584
1791999.9999999565	1541.573522586298
1795999.9999999562	2537.9217006851077
1799999.9999999562	10232.775509398089
1803999.999999956	5258.31865660493
1807999.999999956	2168.153519111284
1811999.999999956	1733.9825234378675
1815999.9999999558	1284.5666034314472
1819999.9999999558	533.9602347577281
1823999.9999999555	293.10196148100505
1827999.9999999555	519.7509335458814
1831999.9999999555	609.9993885064605
1835999.9999999553	705.1753695153993
1839999.9999999553	294.08978589861385
1843999.999999955	645.1760608901571
1847999.999999955	519.4634084629892
1851999.9999999548	599.9934999691847
1855999.9999999548	443.2425085307323
1859999.9999999548	716.1755494946883
1863999.9999999546	598.313506734546
1867999.9999999546	559.0197614213594
1871999.9999999544	874.3495302710357
1875999.9999999544	9491.45606835348
1879999.9999999544	1079.3062872750081
1883999.9999999541	608.4143610816046
1887999.9999999541	375.52178320411997
1891999.999999954	916.3749031566448
1895999.999999954	119.08750647187318
1899999.9999999537	32.61010581188247
1903999.9999999537	281.3991463754245
1907999.9999999537	209.15514839152365
1911999.9999999534	387.89215510910384
1915999.9999999534	113.11919634832446
1919999.9999999532	390.7747075456568
1923999.9999999532	294.6766680136771
1927999.9999999532	199.74341513472936
1931999.999999953	259.8543666407527
1935999.999999953	303.4615130214651
1939999.9999999527	349.0203231098328
1943999.9999999527	359.8564191336485
1947999.9999999525	811.4261686216865
1951999.9999999525	8866.449491706213
1955999.9999999525	1018.6577607379043
1959999.9999999523	420.4305779653353
1963999.9999999523	382.46644443497416
1967999.999999952	152.87361069307883
1971999.999999952	549.5433019872365
1975999.999999952	544.8538094606932
1979999.9999999518	762.1242743823013
1983999.9999999518	121.61584397599768
1987999.9999999516	296.1214990926985
1991999.9999999516	334.023832268616
1995999.9999999513	506.4824730977543
1999999.9999999513	740.8928668843445
2003999.9999999513	641.3139452475004
2007999.999999951	967.2835584975433
2011999.999999951	946.1642085441199
2015999.9999999509	1074.9353454339907
2019999.9999999509	1930.786001668801
2023999.9999999509	5077.7697593826715
2027999.9999999506	9172.58234907037
2031999.9999999506	2813.0612995031447
2035999.9999999504	1776.1544203118985
2039999.9999999504	1254.4028389484035
2043999.9999999502	618.6499635512396
2047999.9999999502	768.5574651229359
2051999.9999999502	443.9533494165008
2055999.99999995	349.1875538556362
2059999.99999995	504.6700701156197
2063999.9999999497	505.3519121627409
2067999.9999999497	409.9607714893655
2071999.9999999495	688.0895242731531
2075999.9999999495	803.4000373087293
2079999.9999999495	569.1752059485513
2083999.9999999492	1035.505875156254
2087999.9999999492	1306.7941314473248
2091999.999999949	1546.1436506215618
2095999.999999949	2340.7428152012867
2099999.999999949	7697.585815170327
2103999.999999949	5074.376274516988
2107999.999999949	2131.8112247544823
2111999.999999949	1301.7989424767377
2115999.9999999483	764.9215145154371
2119999.9999999483	278.9708282505428
2123999.9999999483	736.9785696643131
2127999.9999999483	335.7670767468689
2131999.9999999483	493.07829221483695
2135999.999999948	174.59042893608353
2139999.999999948	230.66320269458495
2143999.999999948	502.2641765576248
2147999.999999948	558.9083314190308
2151999.999999948	316.91683784652355
2155999.9999999474	447.53646619400854
2159999.9999999474	826.5941480841918
2163999.9999999474	466.0059730748757
2167999.9999999474	936.2911166371691
2171999.9999999474	1255.217550103345
2175999.999999947	8904.821188974005
2179999.999999947	1574.8023716110033
2183999.999999947	813.8469003567485
2187999.999999947	684.0677797422626
2191999.9999999464	719.6981662438652
2195999.9999999464	181.31617006106868
2199999.9999999464	361.6370744001277
2203999.9999999464	82.06124792102962
2207999.9999999464	349.12513558962974
2211999.999999946	476.9792481339715
2215999.999999946	391.2255603512557
2219999.999999946	168.25414703072872
2223999.999999946	395.8103184386273
2227999.999999946	220.94567630245234
2231999.9999999455	189.96093809017236
2235999.9999999455	72.99002736029395
2239999.9999999455	190.0119730003614
2243999.9999999455	312.5706140846055
2247999.9999999455	627.7419629179398
2251999.999999945	11895.621685746202
2255999.999999945	786.8704770064271
2259999.999999945	607.8488500422242
2263999.999999945	280.18419921743384
2267999.999999945	316.29823987900585
2271999.9999999446	688.7490992315588
2275999.9999999446	159.28590974967435
2279999.9999999446	432.92727752030345
2283999.9999999446	343.4815272634422
2287999.999999944	581.2059169084698
2291999.999999944	495.94795896674265
2295999.999999944	509.51920355060565
2299999.999999944	714.884331738423
2303999.999999944	551.2422147336575
2307999.9999999437	753.5944074112746
2311999.9999999437	604.481983356455
2315999.9999999437	1106.870174141241
2319999.9999999437	2143.067984023474
2323999.9999999437	4185.030285417812
2327999.999999943	10988.252922997564
2331999.999999943	2382.457092317685
2335999.999999943	1480.373109855108
2339999.999999943	782.7271432609411
2343999.999999943	453.9657678781361
2347999.9999999427	832.5717125972211
2351999.9999999427	902.9634719768857
2355999.9999999427	845.1002878484137
2359999.9999999427	571.4468834021087
2363999.9999999423	445.70351924393145
2367999.9999999423	779.846102162688
2371999.9999999423	839.2114786356133
2375999.9999999423	1074.3305830417487
2379999.9999999423	704.3401002395672
2383999.999999942	1229.299616455773
2387999.999999942	1343.7840953224177
2391999.999999942	1414.8440761322533
2395999.999999942	2489.9670255159813
2399999.999999942	7716.437727235435
2403999.9999999413	7159.114439644354
2407999.9999999413	2347.3315606254823
2411999.9999999413	1709.4914017106034
2415999.9999999413	1172.2591687762636
2419999.9999999413	102.70081727649176
2423999.999999941	1352.7105956571465
2427999.999999941	575.357479508388
2431999.999999941	760.6692111675179
2435999.999999941	707.4725224859349
2439999.999999941	493.20872753088616
2443999.9999999404	384.3191650421926
2447999.9999999404	721.8953974818209
2451999.9999999404	654.0612938703842
2455999.9999999404	842.1932766584508
2459999.99999994	769.3615874376575
2463999.99999994	933.9426617874263
2467999.99999994	1852.718057372079
2471999.99999994	1936.0332062831624
2475999.99999994	11256.997546071016
2479999.9999999395	3489.3252417943904
2483999.9999999395	1296.6667656700324
2487999.9999999395	1051.2614875402037
2491999.9999999395	869.1087277006241
2495999.9999999395	260.3150301103811
2499999.999999939	155.33190271157878
2503999.999999939	6.20719943303387
2507999.999999939	564.2420176299025
2511999.999999939	483.10700898970384
2515999.999999939	400.7304348268649
2519999.9999999385	263.86948902679325
2523999.9999999385	595.8899681679673
2527999.9999999385	641.2946768871622
2531999.9999999385	193.11907984566935
2535999.9999999385	112.68279022397655
2539999.999999938	281.5250038423805
2543999.999999938	120.60569791635471
2547999.999999938	186.7002897555122
2551999.999999938	13987.05224451403
2555999.9999999376	188.4847985132804
2559999.9999999376	210.2056723788643
2563999.9999999376	249.11301220633223
2567999.9999999376	671.7860853919645
2571999.9999999376	339.76191608586834
2575999.999999937	184.37902829997543
2579999.999999937	240.17395066742733
2583999.999999937	484.95507822920007
2587999.999999937	611.8041304352678
2591999.999999937	222.89859604396364
2595999.9999999367	372.8242177571444
2599999.9999999367	427.14668542489153
2603999.9999999367	312.6548672024222
2607999.9999999367	554.0544391225283
2611999.9999999367	733.2317637778518
2615999.999999936	691.418155703224
2619999.999999936	1458.5299784889248
2623999.999999936	3603.427302677729
2627999.999999936	11880.683422429123
2631999.9999999357	2548.2109419456283
2635999.9999999357	1250.3344709594296
2639999.9999999357	1134.995496588063
2643999.9999999357	816.4123190202642
2647999.9999999357	730.1218220272852
2651999.9999999353	541.7875969727537
2655999.9999999353	819.8088598134092
2659999.9999999353	409.0087943480636
2663999.9999999353	694.1296772096957
2667999.9999999353	284.29606976505477
2671999.999999935	634.6310480078603
2675999.999999935	922.5086027915326
2679999.999999935	710.7858932540425
2683999.999999935	886.4970815439773
2687999.999999935	949.553411887172
2691999.9999999343	1478.4817259364236
2695999.9999999343	2317.333787039615
2699999.9999999343	6759.769646848892
2703999.9999999343	7353.174845833505
2707999.9999999343	2533.47980484478
2711999.999999934	1190.2098271592383
2715999.999999934	1455.615580694044
2719999.999999934	400.50254092005673
2723999.999999934	495.4860962418068
2727999.9999999334	608.2057958561061
2731999.9999999334	625.8502519185602
2735999.9999999334	592.6464813445879
2739999.9999999334	356.03862997384454
2743999.9999999334	857.2717100485205
2747999.999999933	512.5210185977007
2751999.999999933	660.779330055033
2755999.999999933	901.0887871845327
2759999.999999933	900.7357662654044
2763999.999999933	1170.8040867977872
2767999.9999999325	1664.7538914123852
2771999.9999999325	2482.4450463798266
2775999.9999999325	10973.319614599406
2779999.9999999325	4566.061105435237
2783999.9999999325	1851.3768865044601
2787999.999999932	1075.4821375248762
2791999.999999932	741.7406022457003
2795999.999999932	479.1929874978088
2799999.999999932	739.349432882079
2803999.999999932	506.9058170868593
2807999.9999999315	630.307130449766
2811999.9999999315	415.4638431485425
2815999.9999999315	345.9131434292118
2819999.9999999315	517.5652343572123
2823999.999999931	207.4542013162653
2827999.999999931	853.4544891149923
2831999.999999931	275.66721253131135
2835999.999999931	357.20600294362856
2839999.999999931	837.2502383179476
2843999.9999999306	344.39451237038054
2847999.9999999306	864.0732589401414
2851999.9999999306	12498.86812015032
2855999.9999999306	550.5092383875339
2859999.9999999306	304.34649000466646
2863999.99999993	156.42302935490184
2867999.99999993	744.9213801377837
2871999.99999993	379.2532462392989
2875999.99999993	416.94336465110734
2879999.99999993	323.66184220916364
2883999.9999999297	363.37637145559364
2887999.9999999297	330.60210285932163
2891999.9999999297	113.37270809629906
2895999.9999999297	150.2896118177565
2899999.999999929	546.2462984692652
2903999.999999929	459.163354751738
2907999.999999929	235.57802961816344
2911999.999999929	223.53207737414877
2915999.999999929	525.4231600026934
2919999.9999999288	533.0895656313769
2923999.9999999288	2101.397947938115
2927999.9999999288	9076.838296137745
2931999.9999999288	1808.6250175364394
2935999.9999999288	647.1541761863957
2939999.9999999283	600.63297355134
2943999.9999999283	777.3914409802125
2947999.9999999283	875.3080093344137
2951999.9999999283	526.3546413980608
2955999.9999999283	738.8315271771568
2959999.999999928	388.351462779798
2963999.999999928	360.0968522308967
2967999.999999928	374.54019104843684
2971999.999999928	248.63083774506686
2975999.999999928	858.166810606516
2979999.9999999274	743.8591315386371
2983999.9999999274	543.6992976450164
2987999.9999999274	974.5461575853119
2991999.9999999274	1131.6099554457815
2995999.999999927	1945.9557006693149
2999999.999999927	5467.560777889136
3003999.999999927	8213.88414800595
3007999.999999927	2509.449135199129
3011999.999999927	1499.9782835597468
3015999.9999999264	915.9674682831294
3019999.9999999264	1197.3640237879085
3023999.9999999264	603.2175267081046
3027999.9999999264	867.3161149263923
3031999.9999999264	750.1287212270056
3035999.999999926	568.3735338669904
3039999.999999926	476.2979259192206
3043999.999999926	697.2761628554308
3047999.999999926	763.3921219204693
3051999.999999926	630.1121028924678
3055999.9999999255	1014.9447479243304
3059999.9999999255	786.672849508921
3063999.9999999255	1229.8811594459817
3067999.9999999255	1421.539179720519
3071999.9999999255	2221.409626650368
3075999.999999925	9080.905120525505
3079999.999999925	4686.510785653424
3083999.999999925	1911.7679925718
3087999.999999925	922.5202429196786
3091999.9999999246	1194.8475930676934
3095999.9999999246	1277.844056889947
3099999.9999999246	507.52949571987983
3103999.9999999246	291.5596307671862
3107999.9999999246	550.6217682860041
3111999.999999924	282.85481952403245
3115999.999999924	525.1997357440196
3119999.999999924	306.2474917887899
3123999.999999924	369.5350960759603
3127999.999999924	375.74803905344277
3131999.9999999236	921.9969860621148
3135999.9999999236	679.7696717342576
3139999.9999999236	576.6360328766364
3143999.9999999236	1013.7053371510766
3147999.9999999236	836.3107358681167
3151999.999999923	8188.683724013588
3155999.999999923	984.0742422107758
3159999.999999923	399.7200996514002
3163999.999999923	226.49167359136678
3167999.9999999227	848.1468898088733
3171999.9999999227	491.2043959397246
3175999.9999999227	215.53884884756326
3179999.9999999227	46.497363653021836
3183999.9999999227	100.5322746700849
3187999.9999999222	317.22917407375996
3191999.9999999222	257.58241264134097
3195999.9999999222	253.9321521281219
3199999.9999999222	373.7466157104965
3203999.9999999222	310.1596527502346
3207999.999999922	269.0883143743577
3211999.999999922	177.87831712282366
3215999.999999922	422.3407384204091
3219999.999999922	502.71108278502106
3223999.999999922	1110.2952265087529
3227999.9999999213	7896.39662320253
3231999.9999999213	1303.9904325867174
3235999.9999999213	348.44550636659005
3239999.9999999213	433.8956903052236
3243999.9999999213	1032.721774829707
3247999.999999921	492.4398186720315
3251999.999999921	445.0538743281015
3255999.999999921	382.7514144954479
3259999.999999921	598.4789390614825
3263999.9999999204	414.4645160906315
3267999.9999999204	506.6445838087302
3271999.9999999204	186.22785939959437
3275999.9999999204	498.15112202249094
3279999.9999999204	435.12638249077605
3283999.99999992	488.76808416453775
3287999.99999992	713.0997753677149
3291999.99999992	1120.454895136712
3295999.99999992	1596.0585171632626
3299999.99999992	3869.146041434705
3303999.9999999194	7563.258608074815
3307999.9999999194	2155.1597955241778
3311999.9999999194	1217.8455342335262
3315999.9999999194	736.4100425835803
3319999.9999999194	1213.6663752230731
3323999.999999919	666.9278686823025
3327999.999999919	381.60385689896725
3331999.999999919	700.212230850408
3335999.999999919	730.7753142312031
3339999.9999999185	877.7590163396152
3343999.9999999185	338.5105241672094
3347999.9999999185	469.2888675071426
3351999.9999999185	364.432510170483
3355999.9999999185	701.1551488693569
3359999.999999918	515.6743802747475
3363999.999999918	985.8851690404433
3367999.999999918	1146.4282441061669
3371999.999999918	1665.3283891213523
3375999.999999918	5228.162356945711
3379999.9999999176	3663.9822751682714
3383999.9999999176	1613.4996821235475
3387999.9999999176	512.0538374254859
3391999.9999999176	636.3318662601054
3395999.9999999176	1336.1106380803124
3399999.999999917	485.20042882842534
3403999.999999917	361.7504172612002
3407999.999999917	352.4409175183016
3411999.999999917	273.02702724197206
3415999.999999917	276.74591617662514
3419999.9999999166	281.73096239859774
3423999.9999999166	190.92024866678406
3427999.9999999166	172.2132956412155
3431999.9999999166	249.99110965150885
3435999.999999916	625.0504780923629
3439999.999999916	487.1212891327652
3443999.999999916	644.2577661478749
3447999.999999916	1033.5783697103418
3451999.999999916	5843.888816105349
3455999.9999999157	1208.4539451177995
3459999.9999999157	625.0437538624361
3463999.9999999157	699.8782744052838
3467999.9999999157	842.8306804013446
3471999.9999999157	502.25928849418324
3475999.9999999152	416.76165518949966
3479999.9999999152	194.7026302413075
3483999.9999999152	321.5703515872434
3487999.9999999152	185.14682688847617
3491999.9999999152	252.5018907876139
3495999.999999915	36.62574103050964
3499999.999999915	282.43468368753514
3503999.999999915	261.4590661397315
3507999.999999915	321.33240956169084
3511999.999999915	91.45335108341168
3515999.9999999143	133.89362936479426
3519999.9999999143	580.8002745398326
3523999.9999999143	323.5389531439445
3527999.9999999143	7202.539312505879
3531999.999999914	495.26545756403686
3535999.999999914	732.953217963409
3539999.999999914	279.25008350405324
3543999.999999914	1323.2164466777135
3547999.999999914	259.5612352468247
3551999.9999999134	283.71519178999336
3555999.9999999134	140.43164129794604
3559999.9999999134	387.3886493282436
3563999.9999999134	129.56440247150294
3567999.9999999134	151.63203654926542
3571999.999999913	353.1108096122415
3575999.999999913	499.75874955546186
3579999.999999913	387.6666219214209
3583999.999999913	648.2480352484955
3587999.999999913	596.0933970063317
3591999.9999999125	881.7283341374674
3595999.9999999125	1170.5066325489756
3599999.9999999125	2092.1104612318086
3603999.9999999125	5178.1082448137195
3607999.999999912	928.9963350227922
3611999.999999912	870.0825409083565
3615999.999999912	438.2963307018548
3619999.999999912	1340.1164273142342
3623999.999999912	647.3876361027237
3627999.9999999115	420.0434029743377
3631999.9999999115	361.8835036452393
3635999.9999999115	277.9322525267757
3639999.9999999115	504.13129462396455
3643999.9999999115	213.3087886689164
3647999.999999911	337.82062160926364
3651999.999999911	287.552530321949
3655999.999999911	637.8127138562241
3659999.999999911	475.6674429658991
3663999.999999911	151.23147801451162
3667999.9999999106	308.2185190385956
3671999.9999999106	1092.5273407173504
3675999.9999999106	3017.535054837629
3679999.9999999106	2495.3672025803417
3683999.9999999106	641.7271825760178
3687999.99999991	651.0579929997409
3691999.99999991	1011.5857338978681
3695999.99999991	1457.1616630873527
3699999.99999991	224.21310655914866
3703999.9999999097	416.568001936827
3707999.9999999097	490.91785544000896
3711999.9999999097	552.1744582825595
3715999.9999999097	642.9280336144749
3719999.9999999097	411.9459435627555
3723999.999999909	297.93082964364356
3727999.999999909	521.7777508217376
3731999.999999909	311.53816989196565
3735999.999999909	610.9523434085113
3739999.999999909	404.29934202172427
3743999.9999999087	343.952147582271
3747999.9999999087	1127.9216933164141
3751999.9999999087	5446.593712368365
3755999.9999999087	1869.2823205114908
3759999.9999999087	779.9768815987634
3763999.9999999083	442.13955637971833
3767999.9999999083	841.763089184949
3771999.9999999083	977.4581694315389
3775999.9999999083	590.6452338827828
3779999.9999999083	298.11079208025876
3783999.999999908	282.5216688755603
3787999.999999908	120.01326889694701
3791999.999999908	241.51424713588386
3795999.999999908	201.75677169968156
3799999.9999999073	142.36680066515473
3803999.9999999073	372.45271338969184
3807999.9999999073	355.1713582700798
3811999.9999999073	215.64867606234753
3815999.9999999073	280.4713500188541
3819999.999999907	130.55244891740716
3823999.999999907	455.0594503599154
3827999.999999907	5251.855954151074
3831999.999999907	163.75729903419963
3835999.999999907	352.97452541640035
3839999.9999999064	564.8443874092173
3843999.9999999064	1390.2608871779983
3847999.9999999064	803.3338033204489
3851999.9999999064	369.09890634494155
3855999.9999999064	358.2135399963851
3859999.999999906	180.749634078174
3863999.999999906	215.3342097119761
3867999.999999906	159.4739835888465
3871999.999999906	366.6485892102419
3875999.9999999055	274.48611587487693
3879999.9999999055	269.67154140346577
3883999.9999999055	294.7079479749909
3887999.9999999055	189.27828799663374
3891999.9999999055	523.2861119653943
3895999.999999905	466.60095393269035
3899999.999999905	1220.049438708608
3903999.999999905	3430.1007937767863
3907999.999999905	721.3644425302288
3911999.999999905	616.4023453916243
3915999.9999999045	301.8579929414391
3919999.9999999045	1506.3723927936414
3923999.9999999045	368.78118109115513
3927999.9999999045	103.08904320989231
3931999.9999999045	119.38687414014434
3935999.999999904	344.2524268193682
3939999.999999904	173.6516206921281
3943999.999999904	605.6577446608525
3947999.999999904	255.7835439284369
3951999.999999904	359.8305213269836
3955999.9999999036	170.0480662082604
3959999.9999999036	607.8621997290703
3963999.9999999036	406.64368426603755
3967999.9999999036	441.62783988676233
3971999.999999903	978.8236403747345
3975999.999999903	3354.595023223479
3979999.999999903	3148.1584641132067
3983999.999999903	1076.5656934226388
3987999.999999903	885.7054968221092
3991999.9999999027	221.1435252941573
3995999.9999999027	1377.5342783346916
3999999.9999999027	958.8690003331607
4003999.9999999027	134.99768069182068
4007999.9999999027	367.684884591369
4011999.999999902	276.1531063443174
4015999.999999902	69.06104083026048
4019999.999999902	503.4231156976394
4023999.999999902	682.5619634626673
4027999.999999902	407.47832444575505
4031999.9999999017	384.4491980219256
4035999.9999999017	192.52706368899132
4039999.9999999017	515.307010098517
4043999.9999999017	737.2536035245703
4047999.9999999017	1012.7585740397594
4051999.9999999013	3902.66230088378
4055999.9999999013	1679.95750226839
4059999.9999999013	551.2172080860163
4063999.9999999013	582.3888113265906
4067999.999999901	822.3149418011361
4071999.999999901	1103.0414091413143
4075999.999999901	425.5508921586069
4079999.999999901	348.67229560332913
4083999.999999901	416.4214894286315
4087999.9999999003	182.35058740635876
4091999.9999999003	183.8005495275056
4095999.9999999003	293.24491306160263
4099999.9999999003	210.26359157142718
4103999.9999999003	418.6025658977189
4107999.9999999	345.5039660050481
4111999.9999999	138.95763024535137
4115999.9999999	136.89300759152383
4119999.9999999	281.5815843143968
4123999.9999999	256.61790269812815
4127999.9999998994	3007.1631922884503
4131999.9999998994	208.63863248681156
4135999.9999998994	580.4302782291292
4139999.9999998994	338.3921498745126
4143999.999999899	1414.326998630894
4147999.999999899	603.1702175647374
4151999.999999899	331.6851725180539
4155999.999999899	69.959777612694
4159999.999999899	162.68165551931975
4163999.9999998985	240.45462718911662
4167999.9999998985	236.01451644379435
4171999.9999998985	269.2618392754142
4175999.9999998985	357.5532007479594
4179999.9999998985	284.1358216641159
4183999.999999898	158.46351164161257
4187999.999999898	142.64133466971927
4191999.999999898	236.7755656369119
4195999.999999898	616.1835061474286
4199999.999999898	848.5663748460959
4203999.999999898	3221.1035759374417
4207999.999999898	830.9124242811478
4211999.999999898	395.49865895759416
4215999.999999898	303.2837675245726
4219999.999999898	1462.5524414856545
4223999.999999898	267.40056790358705
4227999.999999898	228.26012060888308
4231999.999999897	322.78578114712974
4235999.999999897	195.853095547741
4239999.999999897	391.3359440675343
4243999.999999897	629.4060562070229
4247999.999999897	351.51798225788457
4251999.999999897	337.7818948017671
4255999.999999897	21.913375192268184
4259999.999999897	146.61129425308175
4263999.999999897	459.8757037463589
4267999.999999897	599.585174238852
4271999.999999896	720.4529602567045
4275999.999999896	1772.6501211650332
4279999.999999896	2697.9332650364245
4283999.999999896	872.9800916480837
4287999.999999896	141.02435141366834
4291999.999999896	180.33726706027014
4295999.999999896	1668.7415279162803
4299999.999999896	410.0129936155229
4303999.999999896	269.47214336039707
4307999.999999895	368.82150751498466
4311999.999999895	200.7030602806729
4315999.999999895	267.33373827000474
4319999.999999895	444.96635614286623
4323999.999999895	332.7711853783898
4327999.999999895	531.310857627288
4331999.999999895	274.863248063743
4335999.999999895	64.06674881531289
4339999.999999895	216.89263266788137
4343999.999999895	705.1569070160938
4347999.999999894	686.4195070618841
4351999.999999894	2107.4252732767036
4355999.999999894	1024.0354873623235
4359999.999999894	353.2473542024892
4363999.999999894	447.68995110662104
4367999.999999894	744.0840649279409
4371999.999999894	1426.366354750352
4375999.999999894	99.32864977052243
4379999.999999894	357.1678739836852
4383999.999999893	334.4955578092677
4387999.999999893	388.53711342642566
4391999.999999893	303.5574152338417
4395999.999999893	355.09572354425774
4399999.999999893	407.888034071243
4403999.999999893	94.50946338042941
4407999.999999893	284.2669108677586
4411999.999999893	351.54051807897696
4415999.999999893	262.11685206320584
4419999.999999893	108.47443954823544
4423999.999999892	418.02669237729833
4427999.999999892	2719.006403136474
4431999.999999892	515.9537743149479
4435999.999999892	346.7987904325621
4439999.999999892	495.86294879681816
4443999.999999892	1769.940563064023
4447999.999999892	813.5037103079738
4451999.999999892	340.1610179830624
4455999.999999892	71.40303135325901
4459999.999999891	160.68280164488962
4463999.999999891	43.58656524797188
4467999.999999891	453.68410411194657
4471999.999999891	232.32716662160647
4475999.999999891	219.0784420428384
4479999.999999891	295.10054700843256
4483999.999999891	362.31078698029876
4487999.999999891	185.90224704404037
4491999.999999891	275.5126363711771
4495999.999999891	447.3178205815283
4499999.99999989	502.8722531282295
4503999.99999989	2868.6617215482925
4507999.99999989	562.965298114994
4511999.99999989	237.78155264172693
4515999.99999989	369.2395570267165
4519999.99999989	1609.7885174211908
4523999.99999989	430.6831742452063
4527999.99999989	244.5985473816851
4531999.99999989	302.00953578374776
4535999.99999989	316.2660442372646
4539999.999999889	247.91063240660498
4543999.999999889	179.2691657027405
4547999.999999889	245.31574382646616
4551999.999999889	397.91714549254823
4555999.999999889	325.15005835915883
4559999.999999889	561.4499728679159
4563999.999999889	317.93196454452647
4567999.999999889	291.97026869246395
4571999.999999889	281.4208638100621
4575999.999999888	1173.7382068610593
4579999.999999888	1648.7242613076328
4583999.999999888	286.2700230812455
4587999.999999888	373.42366822044227
4591999.999999888	384.61093368027514
4595999.999999888	1638.747601164819
4599999.999999888	505.4434357516511
4603999.999999888	78.25854044288666
4607999.999999888	288.155683825207
4611999.999999888	223.6596798169471
4615999.999999887	472.3350235089832
4619999.999999887	275.5370353791703
4623999.999999887	328.80138740887963
4627999.999999887	88.97763359299313
4631999.999999887	309.77555874121623
4635999.999999887	233.25618920389303
4639999.999999887	260.8900428782086
4643999.999999887	346.1988751295651
4647999.999999887	312.68159928277555
4651999.999999886	1521.7687834346384
4655999.999999886	1443.6261182811356
4659999.999999886	569.3132409792901
4663999.999999886	447.2925219345132
4667999.999999886	869.0971815940259
4671999.999999886	934.126240802277
4675999.999999886	392.3983122061016
4679999.999999886	499.8944187892054
4683999.999999886	307.8986532940445
4687999.999999886	91.41417882503795
4691999.999999885	296.04750976637746
4695999.999999885	204.26396887387568
4699999.999999885	455.2412795864835
4703999.999999885	291.71605562475196
4707999.999999885	350.03138232354274
4711999.999999885	177.05914353393055
4715999.999999885	250.5728928860526
4719999.999999885	128.05367982210257
4723999.999999885	401.0256445061196
4727999.9999998845	2149.95055048366
4731999.9999998845	117.74709684700028
4735999.9999998845	228.7442247653511
4739999.9999998845	462.0492792756335
4743999.9999998845	841.2585625001414
4747999.9999998845	1195.0423496242406
4751999.9999998845	268.4860296931326
4755999.9999998845	420.70418900949346
4759999.9999998845	165.02140511890704
4763999.9999998845	171.60114428235917
4767999.999999884	249.06130229810216
4771999.999999884	305.74303688301916
4775999.999999884	248.63066174610466
4779999.999999884	148.8614602466646
4783999.999999884	232.22900990635767
4787999.999999884	575.4573262243132
4791999.999999884	32.0198294227336
4795999.999999884	302.8548851445894
4799999.999999884	164.54619274690026
4803999.999999884	1746.3537561050823
4807999.999999883	245.84203262654043
4811999.999999883	499.0180916414427
4815999.999999883	276.45356657460695
4819999.999999883	911.7321126681147
4823999.999999883	361.3259491800104
4827999.999999883	434.1497993628325
4831999.999999883	247.3473484665859
4835999.999999883	238.803864834586
4839999.999999883	182.2695470751001
4843999.999999882	274.25549446061586
4847999.999999882	365.15670895841765
4851999.999999882	185.63425642964822
4855999.999999882	386.39417643071187
4859999.999999882	173.75024770657308
4863999.999999882	277.3612701222553
4867999.999999882	226.1189263711748
4871999.999999882	247.9571558387068
4875999.999999882	722.8162668094312
4879999.999999882	1558.6336870735017
4883999.999999881	556.7208829334973
4887999.999999881	225.3223597529547
4891999.999999881	142.5798204216923
4895999.999999881	1683.0428395707736
4899999.999999881	286.22243321203433
4903999.999999881	312.58606687120954
4907999.999999881	332.42126479641246
4911999.999999881	146.33610551203776
4915999.999999881	165.15991865656113
4919999.99999988	257.7365316959645
4923999.99999988	368.92227650395125
4927999.99999988	288.53865398722223
4931999.99999988	120.75159228424953
4935999.99999988	333.6288211043232
4939999.99999988	373.324687879122
4943999.99999988	353.0767104604327
4947999.99999988	527.3819688633291
4951999.99999988	1380.263629678179
4955999.99999988	1117.3944068635374
4959999.999999879	538.7750954682476
4963999.999999879	179.1251446053631
4967999.999999879	68.40977320784374
4971999.999999879	1285.3283202879968
4975999.999999879	545.3991784925046
4979999.999999879	423.4593474576481
4983999.999999879	92.10248897881655
4987999.999999879	139.3371678916647
4991999.999999879	200.51221738489195
4995999.999999878	187.85865258627908
-4999999.999999878	24.00000000000091
-4995999.999999878	187.85865258627788
-4991999.999999879	200.51221738489193
-4987999.999999879	139.33716789166385
-4983999.999999879	92.10248897881522
-4979999.999999879	423.459347457649
-4975999.999999879	545.3991784925048
-4971999.999999879	1285.328320287998
-4967999.999999879	68.40977320784593
-4963999.999999879	179.1251446053627
-4959999.999999879	538.7750954682477
-4955999.99999988	1117.3944068635396
-4951999.99999988	1380.263629678186
-4947999.99999988	527.3819688633296
-4943999.99999988	353.0767104604319
-4939999.99999988	373.32468787912075
-4935999.99999988	333.6288211043252
-4931999.99999988	120.75159228425359
-4927999.99999988	288.5386539872219
-4923999.99999988	368.9222765039504
-4919999.99999988	257.73653169596383
-4915999.999999881	165.1599186565632
-4911999.999999881	146.33610551203768
-4907999.999999881	332.42126479641337
-4903999.999999881	312.5860668712105
-4899999.999999881	286.2224332120318
-4895999.999999881	1683.0428395707747
-4891999.999999881	142.57982042169482
-4887999.999999881	225.32235975295504
-4883999.999999881	556.7208829334976
-4879999.999999882	1558.6336870735022
-4875999.999999882	722.8162668094393
-4871999.999999882	247.95715583870458
-4867999.999999882	226.1189263711763
-4863999.999999882	277.36127012225546
-4859999.999999882	173.75024770657362
-4855999.999999882	386.39417643071187
-4851999.999999882	185.63425642964546
-4847999.999999882	365.15670895841737
-4843999.999999882	274.25549446061757
-4839999.999999883	182.26954707510097
-4835999.999999883	238.80386483458588
-4831999.999999883	247.34734846658588
-4827999.999999883	434.14979936283396
-4823999.999999883	361.32594918001024
-4819999.999999883	911.7321126681146
-4815999.999999883	276.4535665746066
-4811999.999999883	499.01809164144123
-4807999.999999883	245.84203262653955
-4803999.999999884	1746.3537561050816
-4799999.999999884	164.54619274689986
-4795999.999999884	302.8548851445874
-4791999.999999884	32.019829422730915
-4787999.999999884	575.45732622431
-4783999.999999884	232.22900990635705
-4779999.999999884	148.8614602466639
-4775999.999999884	248.63066174610321
-4771999.999999884	305.74303688301893
-4767999.999999884	249.0613022981023
-4763999.9999998845	171.60114428235903
-4759999.9999998845	165.02140511890704
-4755999.9999998845	420.7041890094952
-4751999.9999998845	268.48602969313237
-4747999.9999998845	1195.042349624241
-4743999.9999998845	841.2585625001417
-4739999.9999998845	462.0492792756307
-4735999.9999998845	228.74422476535028
-4731999.9999998845	117.74709684700075
-4727999.9999998845	2149.950550483661
-4723999.999999885	401.02564450611743
-4719999.999999885	128.0536798221017
-4715999.999999885	250.5728928860532
-4711999.999999885	177.05914353393212
-4707999.999999885	350.0313823235435
-4703999.999999885	291.7160556247525
-4699999.999999885	455.2412795864816
-4695999.999999885	204.263968873875
-4691999.999999885	296.0475097663767
-4687999.999999886	91.41417882503798
-4683999.999999886	307.8986532940464
-4679999.999999886	499.894418789206
-4675999.999999886	392.39831220609943
-4671999.999999886	934.1262408022784
-4667999.999999886	869.0971815940252
-4663999.999999886	447.29252193451265
-4659999.999999886	569.3132409792887
-4655999.999999886	1443.6261182811368
-4651999.999999886	1521.7687834346345
-4647999.999999887	312.6815992827735
-4643999.999999887	346.1988751295643
-4639999.999999887	260.89004287820876
-4635999.999999887	233.25618920388993
-4631999.999999887	309.7755587412156
-4627999.999999887	88.9776335929914
-4623999.999999887	328.80138740888015
-4619999.999999887	275.5370353791705
-4615999.999999887	472.3350235089833
-4611999.999999888	223.65967981694448
-4607999.999999888	288.15568382520667
-4603999.999999888	78.25854044288602
-4599999.999999888	505.44343575165095
-4595999.999999888	1638.747601164815
-4591999.999999888	384.61093368027576
-4587999.999999888	373.42366822044164
-4583999.999999888	286.270023081244
-4579999.999999888	1648.7242613076335
-4575999.999999888	1173.7382068610589
-4571999.999999889	281.4208638100652
-4567999.999999889	291.97026869246616
-4563999.999999889	317.9319645445255
-4559999.999999889	561.4499728679162
-4555999.999999889	325.1500583591625
-4551999.999999889	397.91714549254743
-4547999.999999889	245.31574382647284
-4543999.999999889	179.2691657027392
-4539999.999999889	247.9106324066052
-4535999.99999989	316.2660442372644
-4531999.99999989	302.0095357837476
-4527999.99999989	244.59854738168417
-4523999.99999989	430.68317424520507
-4519999.99999989	1609.7885174211908
-4515999.99999989	369.2395570267174
-4511999.99999989	237.78155264172656
-4507999.99999989	562.965298114992
-4503999.99999989	2868.661721548292
-4499999.99999989	502.87225312822517
-4495999.999999891	447.3178205815281
-4491999.999999891	275.5126363711791
-4487999.999999891	185.90224704403983
-4483999.999999891	362.3107869802952
-4479999.999999891	295.1005470084323
-4475999.999999891	219.07844204283475
-4471999.999999891	232.32716662160536
-4467999.999999891	453.6841041119511
-4463999.999999891	43.58656524797283
-4459999.999999891	160.68280164488974
-4455999.999999892	71.40303135325813
-4451999.999999892	340.1610179830626
-4447999.999999892	813.5037103079734
-4443999.999999892	1769.9405630640222
-4439999.999999892	495.86294879681793
-4435999.999999892	346.7987904325616
-4431999.999999892	515.9537743149476
-4427999.999999892	2719.0064031364745
-4423999.999999892	418.02669237729685
-4419999.999999893	108.47443954823609
-4415999.999999893	262.1168520632058
-4411999.999999893	351.54051807897525
-4407999.999999893	284.2669108677578
-4403999.999999893	94.50946338042841
-4399999.999999893	407.888034071243
-4395999.999999893	355.0957235442561
-4391999.999999893	303.5574152338396
-4387999.999999893	388.5371134264264
-4383999.999999893	334.49555780926727
-4379999.999999894	357.16787398368245
-4375999.999999894	99.32864977051925
-4371999.999999894	1426.3663547503477
-4367999.999999894	744.0840649279403
-4363999.999999894	447.68995110661996
-4359999.999999894	353.2473542024891
-4355999.999999894	1024.0354873623223
-4351999.999999894	2107.4252732767027
-4347999.999999894	686.4195070618838
-4343999.999999895	705.1569070160937
-4339999.999999895	216.8926326678798
-4335999.999999895	64.06674881531244
-4331999.999999895	274.8632480637439
-4327999.999999895	531.3108576272906
-4323999.999999895	332.7711853783895
-4319999.999999895	444.9663561428657
-4315999.999999895	267.3337382700039
-4311999.999999895	200.7030602806748
-4307999.999999895	368.82150751498665
-4303999.999999896	269.4721433603968
-4299999.999999896	410.0129936155172
-4295999.999999896	1668.7415279162794
-4291999.999999896	180.33726706026903
-4287999.999999896	141.02435141366786
-4283999.999999896	872.9800916480838
-4279999.999999896	2697.9332650364267
-4275999.999999896	1772.6501211650339
-4271999.999999896	720.4529602567054
-4267999.999999897	599.5851742388508
-4263999.999999897	459.87570374635885
-4259999.999999897	146.6112942530797
-4255999.999999897	21.9133751922678
-4251999.999999897	337.7818948017663
-4247999.999999897	351.5179822578845
-4243999.999999897	629.4060562070248
-4239999.999999897	391.3359440675346
-4235999.999999897	195.85309554774415
-4231999.999999897	322.78578114713133
-4227999.999999898	228.2601206088836
-4223999.999999898	267.4005679035884
-4219999.999999898	1462.552441485653
-4215999.999999898	303.2837675245713
-4211999.999999898	395.4986589575939
-4207999.999999898	830.9124242811469
-4203999.999999898	3221.103575937445
-4199999.999999898	848.5663748460966
-4195999.999999898	616.183506147428
-4191999.999999898	236.77556563691144
-4187999.999999898	142.64133466971853
-4183999.999999898	158.4635116416109
-4179999.9999998985	284.1358216641145
-4175999.9999998985	357.55320074795947
-4171999.9999998985	269.26183927541405
-4167999.9999998985	236.0145164437951
-4163999.9999998985	240.45462718912148
-4159999.999999899	162.6816555193192
-4155999.999999899	69.9597776126944
-4151999.999999899	331.6851725180532
-4147999.999999899	603.1702175647492
-4143999.999999899	1414.326998630891
-4139999.9999998994	338.39214987451237
-4135999.9999998994	580.4302782291281
-4131999.9999998994	208.63863248681278
-4127999.9999998994	3007.1631922884517
-4123999.9999999	256.6179026981295
-4119999.9999999	281.5815843143945
-4115999.9999999	136.89300759152394
-4111999.9999999	138.9576302453517
-4107999.9999999	345.5039660050494
-4103999.9999999003	418.6025658977171
-4099999.9999999003	210.26359157142184
-4095999.9999999003	293.24491306160235
-4091999.9999999003	183.80054952750717
-4087999.9999999003	182.3505874063596
-4083999.999999901	416.4214894286281
-4079999.999999901	348.67229560332623
-4075999.999999901	425.5508921585914
-4071999.999999901	1103.0414091413172
-4067999.999999901	822.3149418011305
-4063999.9999999013	582.3888113265898
-4059999.9999999013	551.2172080860174
-4055999.9999999013	1679.9575022683898
-4051999.9999999013	3902.662300883782
-4047999.9999999017	1012.75857403976
-4043999.9999999017	737.2536035245699
-4039999.9999999017	515.3070100985178
-4035999.9999999017	192.5270636889882
-4031999.9999999017	384.4491980219249
-4027999.999999902	407.478324445753
-4023999.999999902	682.5619634626694
-4019999.999999902	503.4231156976403
-4015999.999999902	69.06104083026064
-4011999.999999902	276.15310634431876
-4007999.9999999027	367.6848845913674
-4003999.9999999027	134.99768069181954
-3999999.9999999027	958.8690003331607
-3995999.9999999027	1377.5342783346907
-3991999.9999999027	221.14352529415484
-3987999.999999903	885.7054968221091
-3983999.999999903	1076.5656934226388
-3979999.999999903	3148.1584641132054
-3975999.999999903	3354.5950232234804
-3971999.999999903	978.8236403747354
-3967999.9999999036	441.62783988676256
-3963999.9999999036	406.64368426603596
-3959999.9999999036	607.8621997290685
-3955999.9999999036	170.04806620826093
-3951999.999999904	359.8305213269855
-3947999.999999904	255.78354392843886
-3943999.999999904	605.6577446608534
-3939999.999999904	173.65162069212536
-3935999.999999904	344.25242681936754
-3931999.9999999045	119.38687414014588
-3927999.9999999045	103.08904320989807
-3923999.9999999045	368.78118109115206
-3919999.9999999045	1506.372392793642
-3915999.9999999045	301.8579929414382
-3911999.999999905	616.4023453916238
-3907999.999999905	721.3644425302298
-3903999.999999905	3430.100793776787
-3899999.999999905	1220.0494387086035
-3895999.999999905	466.6009539326897
-3891999.9999999055	523.2861119653946
-3887999.9999999055	189.27828799663416
-3883999.9999999055	294.70794797499065
-3879999.9999999055	269.67154140346673
-3875999.9999999055	274.48611587487665
-3871999.999999906	366.6485892102424
-3867999.999999906	159.47398358884794
-3863999.999999906	215.3342097119766
-3859999.999999906	180.7496340781718
-3855999.9999999064	358.21353999638586
-3851999.9999999064	369.09890634493803
-3847999.9999999064	803.3338033204539
-3843999.9999999064	1390.2608871779976
-3839999.9999999064	564.8443874092163
-3835999.999999907	352.9745254164043
-3831999.999999907	163.75729903419935
-3827999.999999907	5251.855954151071
-3823999.999999907	455.0594503599145
-3819999.999999907	130.55244891740975
-3815999.9999999073	280.47135001885414
-3811999.9999999073	215.64867606234918
-3807999.9999999073	355.1713582700797
-3803999.9999999073	372.4527133896892
-3799999.9999999073	142.3668006651564
-3795999.999999908	201.75677169967875
-3791999.999999908	241.51424713588167
-3787999.999999908	120.01326889694589
-3783999.999999908	282.5216688755605
-3779999.9999999083	298.11079208025853
-3775999.9999999083	590.6452338827813
-3771999.9999999083	977.4581694315407
-3767999.9999999083	841.7630891849496
-3763999.9999999083	442.1395563797195
-3759999.9999999087	779.9768815987632
-3755999.9999999087	1869.2823205114892
-3751999.9999999087	5446.593712368368
-3747999.9999999087	1127.9216933164214
-3743999.9999999087	343.95214758227036
-3739999.999999909	404.29934202172603
-3735999.999999909	610.9523434085121
-3731999.999999909	311.53816989196514
-3727999.999999909	521.7777508217371
-3723999.999999909	297.93082964364555
-3719999.9999999097	411.9459435627567
-3715999.9999999097	642.9280336144733
-3711999.9999999097	552.1744582825592
-3707999.9999999097	490.91785544001016
-3703999.9999999097	416.5680019368278
-3699999.99999991	224.2131065591453
-3695999.99999991	1457.161663087352
-3691999.99999991	1011.5857338978678
-3687999.99999991	651.0579929997407
-3683999.9999999106	641.7271825760258
-3679999.9999999106	2495.3672025803407
-3675999.9999999106	3017.5350548376355
-3671999.9999999106	1092.5273407173504
-3667999.9999999106	308.21851903859573
-3663999.999999911	151.23147801450995
-3659999.999999911	475.6674429659009
-3655999.999999911	637.8127138562237
-3651999.999999911	287.5525303219483
-3647999.999999911	337.82062160926347
-3643999.9999999115	213.30878866891558
-3639999.9999999115	504.13129462396387
-3635999.9999999115	277.9322525267754
-3631999.9999999115	361.8835036452398
-3627999.9999999115	420.04340297433754
-3623999.999999912	647.3876361027291
-3619999.999999912	1340.1164273142324
-3615999.999999912	438.29633070185514
-3611999.999999912	870.0825409083571
-3607999.999999912	928.9963350227912
-3603999.9999999125	5178.1082448137195
-3599999.9999999125	2092.110461231809
-3595999.9999999125	1170.506632548974
-3591999.9999999125	881.7283341374683
-3587999.999999913	596.0933970063311
-3583999.999999913	648.248035248495
-3579999.999999913	387.6666219214208
-3575999.999999913	499.7587495554634
-3571999.999999913	353.11080961224076
-3567999.9999999134	151.63203654926488
-3563999.9999999134	129.5644024715015
-3559999.9999999134	387.3886493282434
-3555999.9999999134	140.4316412979449
-3551999.9999999134	283.71519178999193
-3547999.999999914	259.5612352468217
-3543999.999999914	1323.2164466777128
-3539999.999999914	279.25008350405307
-3535999.999999914	732.9532179634084
-3531999.999999914	495.2654575640348
-3527999.9999999143	7202.539312505877
-3523999.9999999143	323.53895314393276
-3519999.9999999143	580.8002745398303
-3515999.9999999143	133.89362936479694
-3511999.999999915	91.45335108341246
-3507999.999999915	321.33240956168873
-3503999.999999915	261.4590661397321
-3499999.999999915	282.4346836875377
-3495999.999999915	36.62574103051176
-3491999.9999999152	252.501890787617
-3487999.9999999152	185.14682688847608
-3483999.9999999152	321.5703515872429
-3479999.9999999152	194.70263024130816
-3475999.9999999152	416.7616551895022
-3471999.9999999157	502.25928849418597
-3467999.9999999157	842.8306804013454
-3463999.9999999157	699.8782744052834
-3459999.9999999157	625.0437538624374
-3455999.9999999157	1208.4539451177986
-3451999.999999916	5843.888816105341
-3447999.999999916	1033.578369710344
-3443999.999999916	644.2577661478769
-3439999.999999916	487.12128913276484
-3435999.999999916	625.0504780923604
-3431999.9999999166	249.99110965150734
-3427999.9999999166	172.21329564121697
-3423999.9999999166	190.92024866678366
-3419999.9999999166	281.73096239859905
-3415999.999999917	276.74591617662344
-3411999.999999917	273.02702724197036
-3407999.999999917	352.44091751830257
-3403999.999999917	361.75041726120133
-3399999.999999917	485.2004288284253
-3395999.9999999176	1336.1106380803114
-3391999.9999999176	636.3318662601062
-3387999.9999999176	512.0538374254841
-3383999.9999999176	1613.4996821235466
-3379999.9999999176	3663.9822751682686
-3375999.999999918	5228.162356945711
-3371999.999999918	1665.3283891213498
-3367999.999999918	1146.4282441061648
-3363999.999999918	985.8851690404372
-3359999.999999918	515.6743802747467
-3355999.9999999185	701.1551488693534
-3351999.9999999185	364.43251017048345
-3347999.9999999185	469.28886750714815
-3343999.9999999185	338.51052416721063
-3339999.9999999185	877.7590163396145
-3335999.999999919	730.7753142312044
-3331999.999999919	700.2122308504086
-3327999.999999919	381.6038568989682
-3323999.999999919	666.9278686823031
-3319999.9999999194	1213.666375223073
-3315999.9999999194	736.4100425835793
-3311999.9999999194	1217.8455342335265
-3307999.9999999194	2155.1597955241787
-3303999.9999999194	7563.258608074815
-3299999.99999992	3869.146041434705
-3295999.99999992	1596.0585171632615
-3291999.99999992	1120.4548951367117
-3287999.99999992	713.0997753677132
-3283999.99999992	488.76808416453696
-3279999.9999999204	435.1263824907752
-3275999.9999999204	498.15112202249935
-3271999.9999999204	186.22785939959635
-3267999.9999999204	506.64458380872753
-3263999.9999999204	414.4645160906308
-3259999.999999921	598.4789390614839
-3255999.999999921	382.7514144954487
-3251999.999999921	445.0538743281016
-3247999.999999921	492.439818672031
-3243999.9999999213	1032.7217748297082
-3239999.9999999213	433.8956903052231
-3235999.9999999213	348.4455063665886
-3231999.9999999213	1303.9904325867176
-3227999.9999999213	7896.396623202529
-3223999.999999922	1110.2952265087524
-3219999.999999922	502.71108278502186
-3215999.999999922	422.34073842040954
-3211999.999999922	177.87831712282284
-3207999.999999922	269.08831437435504
-3203999.9999999222	310.15965275023
-3199999.9999999222	373.74661571049586
-3195999.9999999222	253.93215212811876
-3191999.9999999222	257.5824126413423
-3187999.9999999222	317.22917407375996
-3183999.9999999227	100.53227467008497
-3179999.9999999227	46.49736365302167
-3175999.9999999227	215.53884884756076
-3171999.9999999227	491.2043959397246
-3167999.9999999227	848.1468898088739
-3163999.999999923	226.49167359136385
-3159999.999999923	399.7200996513993
-3155999.999999923	984.0742422107775
-3151999.999999923	8188.683724013588
-3147999.9999999236	836.3107358681153
-3143999.9999999236	1013.7053371510747
-3139999.9999999236	576.6360328766374
-3135999.9999999236	679.7696717342576
-3131999.9999999236	921.9969860621164
-3127999.999999924	375.74803905344515
-3123999.999999924	369.5350960759663
-3119999.999999924	306.2474917887898
-3115999.999999924	525.1997357440199
-3111999.999999924	282.8548195240328
-3107999.9999999246	550.6217682860029
-3103999.9999999246	291.55963076718643
-3099999.9999999246	507.52949571987784
-3095999.9999999246	1277.8440568899493
-3091999.9999999246	1194.8475930676943
-3087999.999999925	922.5202429196788
-3083999.999999925	1911.7679925718014
-3079999.999999925	4686.510785653424
-3075999.999999925	9080.905120525505
-3071999.9999999255	2221.409626650369
-3067999.9999999255	1421.539179720521
-3063999.9999999255	1229.8811594459826
-3059999.9999999255	786.6728495089234
-3055999.9999999255	1014.9447479243307
-3051999.999999926	630.1121028924681
-3047999.999999926	763.3921219204707
-3043999.999999926	697.2761628554241
-3039999.999999926	476.2979259192197
-3035999.999999926	568.3735338669838
-3031999.9999999264	750.1287212270048
-3027999.9999999264	867.3161149263932
-3023999.9999999264	603.2175267081047
-3019999.9999999264	1197.3640237879067
-3015999.9999999264	915.9674682831288
-3011999.999999927	1499.9782835597443
-3007999.999999927	2509.449135199128
-3003999.999999927	8213.884148005953
-2999999.999999927	5467.560777889136
-2995999.999999927	1945.9557006693149
-2991999.9999999274	1131.6099554457828
-2987999.9999999274	974.5461575853134
-2983999.9999999274	543.699297645018
-2979999.9999999274	743.8591315386368
-2975999.999999928	858.1668106065167
-2971999.999999928	248.63083774506543
-2967999.999999928	374.540191048436
-2963999.999999928	360.0968522309006
-2959999.999999928	388.35146277979754
-2955999.9999999283	738.8315271771551
-2951999.9999999283	526.3546413980656
-2947999.9999999283	875.3080093344213
-2943999.9999999283	777.3914409802142
-2939999.9999999283	600.6329735513382
-2935999.9999999288	647.1541761863978
-2931999.9999999288	1808.6250175364396
-2927999.9999999288	9076.838296137747
-2923999.9999999288	2101.397947938115
-2919999.9999999288	533.0895656313776
-2915999.999999929	525.4231600026927
-2911999.999999929	223.53207737414886
-2907999.999999929	235.57802961816256
-2903999.999999929	459.1633547517375
-2899999.999999929	546.2462984692681
-2895999.9999999297	150.28961181775713
-2891999.9999999297	113.37270809629729
-2887999.9999999297	330.60210285932305
-2883999.9999999297	363.3763714555942
-2879999.99999993	323.6618422091617
-2875999.99999993	416.943364651108
-2871999.99999993	379.2532462393013
-2867999.99999993	744.9213801377824
-2863999.99999993	156.4230293549012
-2859999.9999999306	304.34649000466624
-2855999.9999999306	550.5092383875337
-2851999.9999999306	12498.86812015032
-2847999.9999999306	864.0732589401415
-2843999.9999999306	344.3945123703815
-2839999.999999931	837.2502383179487
-2835999.999999931	357.20600294362725
-2831999.999999931	275.66721253131175
-2827999.999999931	853.4544891149915
-2823999.999999931	207.45420131626102
-2819999.9999999315	517.5652343572108
-2815999.9999999315	345.9131434292115
-2811999.9999999315	415.4638431485456
-2807999.9999999315	630.3071304497659
-2803999.999999932	506.90581708685977
-2799999.999999932	739.3494328820788
-2795999.999999932	479.1929874978064
-2791999.999999932	741.7406022457029
-2787999.999999932	1075.4821375248741
-2783999.9999999325	1851.3768865044603
-2779999.9999999325	4566.061105435237
-2775999.9999999325	10973.319614599404
-2771999.9999999325	2482.445046379827
-2767999.9999999325	1664.7538914123845
-2763999.999999933	1170.8040867977877
-2759999.999999933	900.7357662654044
-2755999.999999933	901.0887871845338
-2751999.999999933	660.7793300550346
-2747999.999999933	512.5210185976999
-2743999.9999999334	857.2717100485199
-2739999.9999999334	356.03862997384556
-2735999.9999999334	592.6464813445884
-2731999.9999999334	625.8502519185593
-2727999.9999999334	608.2057958561048
-2723999.999999934	495.48609624180796
-2719999.999999934	400.5025409200568
-2715999.999999934	1455.615580694043
-2711999.999999934	1190.2098271592354
-2707999.9999999343	2533.4798048447838
-2703999.9999999343	7353.174845833506
-2699999.9999999343	6759.769646848889
-2695999.9999999343	2317.333787039615
-2691999.9999999343	1478.4817259364236
-2687999.999999935	949.553411887171
-2683999.999999935	886.4970815439782
-2679999.999999935	710.7858932540393
-2675999.999999935	922.508602791533
-2671999.999999935	634.6310480078585
-2667999.9999999353	284.29606976505875
-2663999.9999999353	694.1296772096966
-2659999.9999999353	409.0087943480644
-2655999.9999999353	819.8088598134084
-2651999.9999999353	541.7875969727465
-2647999.9999999357	730.1218220272891
-2643999.9999999357	816.4123190202621
-2639999.9999999357	1134.9954965880634
-2635999.9999999357	1250.3344709594267
-2631999.9999999357	2548.2109419456297
-2627999.999999936	11880.683422429118
-2623999.999999936	3603.42730267773
-2619999.999999936	1458.5299784889237
-2615999.999999936	691.4181557032255
-2611999.9999999367	733.2317637778517
-2607999.9999999367	554.0544391225277
-2603999.9999999367	312.6548672024232
-2599999.9999999367	427.1466854248941
-2595999.9999999367	372.82421775714323
-2591999.999999937	222.89859604396338
-2587999.999999937	611.8041304352668
-2583999.999999937	484.95507822920035
-2579999.999999937	240.17395066742773
-2575999.999999937	184.37902829997427
-2571999.9999999376	339.7619160858677
-2567999.9999999376	671.786085391964
-2563999.9999999376	249.11301220633095
-2559999.9999999376	210.20567237886448
-2555999.9999999376	188.48479851328173
-2551999.999999938	13987.05224451403
-2547999.999999938	186.70028975551233
-2543999.999999938	120.60569791635515
-2539999.999999938	281.52500384238124
-2535999.9999999385	112.68279022397708
-2531999.9999999385	193.1190798456704
-2527999.9999999385	641.2946768871615
-2523999.9999999385	595.8899681679663
-2519999.9999999385	263.86948902679364
-2515999.999999939	400.7304348268671
-2511999.999999939	483.1070089897043
-2507999.999999939	564.2420176299023
-2503999.999999939	6.207199433033043
-2499999.999999939	155.33190271158185
-2495999.9999999395	260.31503011038035
-2491999.9999999395	869.1087277006224
-2487999.9999999395	1051.2614875402014
-2483999.9999999395	1296.6667656700345
-2479999.9999999395	3489.3252417943904
-2475999.99999994	11256.99754607102
-2471999.99999994	1936.0332062831646
-2467999.99999994	1852.718057372078
-2463999.99999994	933.9426617874263
-2459999.99999994	769.361587437661
-2455999.9999999404	842.1932766584481
-2451999.9999999404	654.0612938703841
-2447999.9999999404	721.8953974818206
-2443999.9999999404	384.31916504219345
-2439999.999999941	493.2087275308872
-2435999.999999941	707.4725224859341
-2431999.999999941	760.6692111675183
-2427999.999999941	575.3574795083898
-2423999.999999941	1352.7105956571504
-2419999.9999999413	102.70081727649263
-2415999.9999999413	1172.259168776263
-2411999.9999999413	1709.4914017106018
-2407999.9999999413	2347.3315606254832
-2403999.9999999413	7159.114439644356
-2399999.999999942	7716.437727235435
-2395999.999999942	2489.9670255159876
-2391999.999999942	1414.844076132254
-2387999.999999942	1343.7840953224159
-2383999.999999942	1229.299616455773
-2379999.9999999423	704.3401002395669
-2375999.9999999423	1074.3305830417526
-2371999.9999999423	839.211478635612
-2367999.9999999423	779.8461021626882
-2363999.9999999423	445.70351924393253
-2359999.9999999427	571.4468834021085
-2355999.9999999427	845.1002878484135
-2351999.9999999427	902.9634719768852
-2347999.9999999427	832.5717125972226
-2343999.999999943	453.96576787813444
-2339999.999999943	782.7271432609409
-2335999.999999943	1480.3731098551073
-2331999.999999943	2382.457092317687
-2327999.999999943	10988.25292299756
-2323999.9999999437	4185.0302854178035
-2319999.9999999437	2143.0679840234734
-2315999.9999999437	1106.8701741412394
-2311999.9999999437	604.4819833564529
-2307999.9999999437	753.5944074112706
-2303999.999999944	551.2422147336579
-2299999.999999944	714.8843317384182
-2295999.999999944	509.51920355060423
-2291999.999999944	495.9479589667429
-2287999.999999944	581.2059169084705
-2283999.9999999446	343.4815272634431
-2279999.9999999446	432.92727752030464
-2275999.9999999446	159.2859097496744
-2271999.9999999446	688.7490992315584
-2267999.999999945	316.29823987900716
-2263999.999999945	280.18419921743464
-2259999.999999945	607.8488500422245
-2255999.999999945	786.8704770064289
-2251999.999999945	11895.621685746208
-2247999.9999999455	627.7419629179453
-2243999.9999999455	312.5706140846053
-2239999.9999999455	190.01197300036196
-2235999.9999999455	72.9900273602917
-2231999.9999999455	189.9609380901723
-2227999.999999946	220.9456763024551
-2223999.999999946	395.8103184386279
-2219999.999999946	168.25414703072684
-2215999.999999946	391.22556035125547
-2211999.999999946	476.9792481339704
-2207999.9999999464	349.12513558962985
-2203999.9999999464	82.061247921028
-2199999.9999999464	361.6370744001279
-2195999.9999999464	181.3161700610667
-2191999.9999999464	719.6981662438656
-2187999.999999947	684.0677797422604
-2183999.999999947	813.8469003567462
-2179999.999999947	1574.8023716110033
-2175999.999999947	8904.821188974007
-2171999.9999999474	1255.2175501033462
-2167999.9999999474	936.291116637169
-2163999.9999999474	466.00597307487556
-2159999.9999999474	826.594148084192
-2155999.9999999474	447.5364661940069
-2151999.999999948	316.91683784652344
-2147999.999999948	558.9083314190335
-2143999.999999948	502.2641765576231
-2139999.999999948	230.6632026945841
-2135999.999999948	174.5904289360824
-2131999.9999999483	493.078292214835
-2127999.9999999483	335.76707674686867
-2123999.9999999483	736.9785696643112
-2119999.9999999483	278.97082825054156
-2115999.9999999483	764.921514515438
-2111999.999999949	1301.798942476737
-2107999.999999949	2131.811224754478
-2103999.999999949	5074.376274516987
-2099999.999999949	7697.585815170328
-2095999.999999949	2340.7428152012876
-2091999.999999949	1546.1436506215628
-2087999.9999999492	1306.7941314473264
-2083999.9999999492	1035.505875156249
-2079999.9999999495	569.1752059485499
-2075999.9999999495	803.4000373087032
-2071999.9999999495	688.0895242731516
-2067999.9999999497	409.9607714893724
-2063999.9999999497	505.3519121627428
-2059999.99999995	504.67007011562197
-2055999.99999995	349.1875538556376
-2051999.9999999502	443.95334941649975
-2047999.9999999502	768.5574651229362
-2043999.9999999502	618.6499635512417
-2039999.9999999504	1254.4028389484035
-2035999.9999999504	1776.154420311901
-2031999.9999999506	2813.0612995031447
-2027999.9999999506	9172.582349070368
-2023999.9999999509	5077.769759382668
-2019999.9999999509	1930.7860016688016
-2015999.9999999509	1074.9353454339912
-2011999.999999951	946.1642085441185
-2007999.999999951	967.2835584975443
-2003999.9999999513	641.3139452474958
-1999999.9999999513	740.8928668843445
-1995999.9999999513	506.4824730977578
-1991999.9999999516	334.0238322686155
-1987999.9999999516	296.12149909269993
-1983999.9999999518	121.61584397599749
-1979999.9999999518	762.1242743822996
-1975999.999999952	544.8538094606912
-1971999.999999952	549.5433019872362
-1967999.999999952	152.8736106930794
-1963999.9999999523	382.4664444349767
-1959999.9999999523	420.4305779653358
-1955999.9999999525	1018.657760737904
-1951999.9999999525	8866.449491706211
-1947999.9999999525	811.4261686216886
-1943999.9999999527	359.8564191336488
-1939999.9999999527	349.0203231098325
-1935999.999999953	303.46151302146524
-1931999.999999953	259.85436664075297
-1927999.9999999532	199.74341513472848
-1923999.9999999532	294.67666801368995
-1919999.9999999532	390.774707545652
-1915999.9999999534	113.11919634832273
-1911999.9999999534	387.8921551091041
-1907999.9999999537	209.15514839152345
-1903999.9999999537	281.3991463754228
-1899999.9999999537	32.610105811882065
-1895999.999999954	119.08750647187175
-1891999.999999954	916.3749031566471
-1887999.9999999541	375.52178320411946
-1883999.9999999541	608.4143610816038
-1879999.9999999544	1079.306287275007
-1875999.9999999544	9491.456068353486
-1871999.9999999544	874.3495302710367
-1867999.9999999546	559.0197614213582
-1863999.9999999546	598.3135067345445
-1859999.9999999548	716.1755494946899
-1855999.9999999548	443.24250853073386
-1851999.9999999548	599.9934999691897
-1847999.999999955	519.463408462985
-1843999.999999955	645.1760608901575
-1839999.9999999553	294.08978589861437
-1835999.9999999553	705.1753695153997
-1831999.9999999555	609.9993885064619
-1827999.9999999555	519.750933545883
-1823999.9999999555	293.1019614810048
-1819999.9999999558	533.9602347577272
-1815999.9999999558	1284.566603431448
-1811999.999999956	1733.982523437866
-1807999.999999956	2168.1535191112835
-1803999.999999956	5258.318656604933
-1799999.9999999562	10232.775509398087
-1795999.9999999562	2537.9217006851068
-1791999.9999999565	1541.573522586298
-1787999.9999999565	1360.6875149072612
-1783999.9999999567	1173.6149540421413
-1779999.9999999567	886.0420528850522
-1775999.9999999567	854.4977536727193
-1771999.999999957	469.6208353097314
-1767999.999999957	488.24902255470545
-1763999.9999999572	865.6504757407216
-1759999.9999999572	458.79219405575157
-1755999.9999999574	389.80188055717446
-1751999.9999999574	550.3326355799893
-1747999.9999999574	804.9687855598619
-1743999.9999999576	660.2249357698984
-1739999.9999999576	911.8713851478963
-1735999.9999999579	1261.5542480814356
-1731999.9999999579	1945.2389642395146
-1727999.9999999579	6766.164565235492
-1723999.999999958	4632.7884021848695
-1719999.999999958	1689.530432867746
-1715999.9999999583	1046.0865921011782
-1711999.9999999583	666.490873738516
-1707999.9999999586	989.9562491865746
-1703999.9999999586	728.8635518846901
-1699999.9999999586	570.5484227030738
-1695999.9999999588	504.03965108218017
-1691999.9999999588	762.586497621948
-1687999.999999959	440.1236629044742
-1683999.999999959	460.0890142172892
-1679999.999999959	339.8525823707977
-1675999.9999999593	357.4192346710135
-1671999.9999999593	364.69017159840456
-1667999.9999999595	228.4932978598029
-1663999.9999999595	622.9916151697289
-1659999.9999999597	733.0398587732385
-1655999.9999999597	1324.8236978408656
-1651999.9999999597	8878.733184469318
-1647999.99999996	1635.752081013346
-1643999.99999996	871.8131465756605
-1639999.9999999602	341.60794184381086
-1635999.9999999602	399.9201896686795
-1631999.9999999602	560.2437396185553
-1627999.9999999604	469.5095014911302
-1623999.9999999604	443.029105407716
-1619999.9999999607	54.141353455789826
-1615999.9999999607	224.5552395644101
-1611999.999999961	115.13924304887017
-1607999.999999961	367.6777415548571
-1603999.999999961	288.03321265997977
-1599999.9999999611	128.29012166728063
-1595999.9999999611	179.04603993609604
-1591999.9999999614	550.2002284377259
-1587999.9999999614	209.05423769044057
-1583999.9999999614	475.4333071408628
-1579999.9999999616	467.54273235833193
-1575999.9999999616	12855.461926752578
-1571999.9999999618	1057.1699296095326
-1567999.9999999618	740.4579540718099
-1563999.999999962	470.26452967194876
-1559999.999999962	521.6168137700466
-1555999.999999962	265.2580226928698
-1551999.9999999623	150.42034326573807
-1547999.9999999623	362.16954001646366
-1543999.9999999625	666.9876446001668
-1539999.9999999625	152.5928828761706
-1535999.9999999627	252.92335779429953
-1531999.9999999627	678.9346345953863
-1527999.9999999627	206.9692763683505
-1523999.999999963	723.8440865109076
-1519999.999999963	64.34958701511003
-1515999.9999999632	900.8541070165567
-1511999.9999999632	941.4433498377292
-1507999.9999999632	1735.239155125971
-1503999.9999999634	3736.4172591931915
-1499999.9999999634	9114.283054471982
-1495999.9999999637	2117.5753953538774
-1491999.9999999637	955.5155809347185
-1487999.999999964	1026.6466525925262
-1483999.999999964	1221.035034249238
-1479999.999999964	793.0285868076415
-1475999.9999999641	561.3973808637304
-1471999.9999999641	601.3274823851218
-1467999.9999999644	218.15597977195532
-1463999.9999999644	657.3757613760906
-1459999.9999999644	814.9134873146254
-1455999.9999999646	382.73808265048666
-1451999.9999999646	430.57015213938536
-1447999.9999999648	429.0853709359017
-1443999.9999999648	446.1151592368716
-1439999.999999965	1086.6117574886375
-1435999.999999965	1092.3911781159454
-1431999.999999965	2087.370274980796
-1427999.9999999653	6407.348405683236
-1423999.9999999653	5856.470459805319
-1419999.9999999655	2062.1191132612435
-1415999.9999999655	1234.4316027365244
-1411999.9999999655	1005.9097897072988
-1407999.9999999658	833.7729703278886
-1403999.9999999658	672.6368273499212
-1399999.999999966	690.0135043226065
-1395999.999999966	685.9823776048123
-1391999.9999999662	641.2040107706308
-1387999.9999999662	430.46307470725446
-1383999.9999999662	674.0807997134651
-1379999.9999999665	579.8710592349272
-1375999.9999999665	884.3030648220781
-1371999.9999999667	730.9033178325494
-1367999.9999999667	131.94736140412778
-1363999.9999999667	796.5987792644893
-1359999.999999967	1444.4708351186655
-1355999.999999967	2286.698236661655
-1351999.9999999672	11606.78731131659
-1347999.9999999672	3682.1656497768313
-1343999.9999999674	1481.6301544673524
-1339999.9999999674	819.6323230435888
-1335999.9999999674	439.1475874967424
-1331999.9999999676	778.8288353375323
-1327999.9999999676	679.7881044242351
-1323999.9999999679	684.8637653012848
-1319999.9999999679	428.60165220248456
-1315999.9999999679	285.0123055890311
-1311999.999999968	308.42956103117024
-1307999.999999968	329.41935316104923
-1303999.9999999683	326.26116121220275
-1299999.9999999683	340.41514677078436
-1295999.9999999686	543.3680227717558
-1291999.9999999686	125.48745069811922
-1287999.9999999686	224.01289507028167
-1283999.9999999688	331.0152672886092
-1279999.9999999688	147.2669895029261
-1275999.999999969	13320.079335310313
-1271999.999999969	274.1902134241863
-1267999.9999999693	210.24966351530932
-1263999.9999999693	388.5986862442662
-1259999.9999999693	425.3054137241639
-1255999.9999999695	275.5087581895798
-1251999.9999999695	266.3514197465818
-1247999.9999999697	157.19201162111764
-1243999.9999999697	168.93059667710477
-1239999.9999999697	401.0196826933989
-1235999.99999997	161.49882200069828
-1231999.99999997	275.2103266296263
-1227999.9999999702	258.51566505352247
-1223999.9999999702	243.1010920646152
-1219999.9999999704	280.6125175937884
-1215999.9999999704	1164.1895765534132
-1211999.9999999704	510.1808222292986
-1207999.9999999707	1582.0539606646341
-1203999.9999999707	2993.0791992286468
-1199999.999999971	9981.5956511705
-1195999.999999971	1932.0323257427256
-1191999.999999971	1173.5936050833516
-1187999.9999999711	921.451380165858
-1183999.9999999711	759.2402369877237
-1179999.9999999714	800.0440713251138
-1175999.9999999714	612.7051611449128
-1171999.9999999716	413.9254788698006
-1167999.9999999716	382.7155854923899
-1163999.9999999716	672.0947051674613
-1159999.9999999718	674.7985009881608
-1155999.9999999718	436.4490144759435
-1151999.999999972	337.2502181580864
-1147999.999999972	976.5020226953208
-1143999.999999972	744.6577228474086
-1139999.9999999723	1004.5678597113641
-1135999.9999999723	1433.2123947664247
-1131999.9999999725	2304.488021061504
-1127999.9999999725	6918.028870915709
-1123999.9999999728	8213.498588680532
-1119999.9999999728	2550.4292135998203
-1115999.9999999728	1598.465791751854
-1111999.999999973	876.6662649252555
-1107999.999999973	1691.7138553171312
-1103999.9999999732	1084.686501449216
-1099999.9999999732	926.7038369847536
-1095999.9999999732	796.2818654329811
-1091999.9999999735	755.9733914286196
-1087999.9999999735	1117.882233325025
-1083999.9999999737	616.3186287968871
-1079999.9999999737	953.7813323111558
-1075999.999999974	903.6760033912448
-1071999.999999974	822.2868289636765
-1067999.999999974	979.8062892202198
-1063999.9999999742	1552.6620232788255
-1059999.9999999742	1917.1507629081593
-1055999.9999999744	3771.8948798464858
-1051999.9999999744	14706.003708220149
-1047999.9999999745	5824.10864255005
-1043999.9999999746	2466.45279793983
-1039999.9999999747	1744.6113932898018
-1035999.9999999747	1067.6733168742865
-1031999.9999999749	1107.7362913268469
-1027999.999999975	783.6288575505816
-1023999.9999999751	500.5127716936994
-1019999.9999999752	614.681930079152
-1015999.9999999753	446.37522358477355
-1011999.9999999754	273.5469431612487
-1007999.9999999754	587.5582350542677
-1003999.9999999756	375.3942771981334
-999999.9999999757	554.5909664683995
-995999.9999999758	459.1981529224965
-991999.9999999759	171.43426851558732
-987999.999999976	278.595837482604
-983999.999999976	801.7401602146733
-979999.9999999761	1407.9609394186714
-975999.9999999763	14262.34602600091
-971999.9999999764	663.4075980008264
-967999.9999999765	410.63918870080926
-963999.9999999766	140.16508438799346
-959999.9999999766	298.4256791648403
-955999.9999999767	239.69971366969114
-951999.9999999768	218.27899113027306
-947999.999999977	355.9460699130454
-943999.9999999771	186.037305759102
-939999.9999999772	351.1140703720284
-935999.9999999772	276.48077548681977
-931999.9999999773	219.01921808906002
-927999.9999999774	247.4284965870109
-923999.9999999775	241.3726712013537
-919999.9999999776	279.9575051147254
-915999.9999999778	315.286143891552
-911999.9999999778	640.9938229810622
-907999.9999999779	1364.4171195812303
-903999.999999978	2140.9870523046593
-899999.9999999781	10280.53862484607
-895999.9999999782	1893.623326373667
-891999.9999999783	1124.168200329168
-887999.9999999783	772.4827705665191
-883999.9999999785	1061.9987272232368
-879999.9999999786	634.1375946560553
-875999.9999999787	842.43450833931
-871999.9999999788	738.3759466525954
-867999.9999999789	902.2698990470499
-863999.9999999789	701.3820089918686
-859999.999999979	910.3376326422386
-855999.9999999792	944.2574510139759
-851999.9999999793	950.6039061735854
-847999.9999999794	1085.9999760749995
-843999.9999999795	1083.7753897995829
-839999.9999999795	2038.3309671541435
-835999.9999999796	2938.9807608100937
-831999.9999999797	4222.196781362971
-827999.9999999799	12139.548222362268
-823999.99999998	17627.958794135433
-819999.9999999801	5080.1390158057475
-815999.9999999801	3236.136661871715
-811999.9999999802	2266.257038479877
-807999.9999999803	2063.1884089068217
-803999.9999999804	1838.2517381540429
-799999.9999999806	1552.9502960971802
-795999.9999999807	1324.3455335561514
-791999.9999999807	1321.7415961419583
-787999.9999999808	1074.6196324766865
-783999.9999999809	1357.0929230132583
-779999.999999981	1565.8000518764443
-775999.9999999811	1814.0899408361272
-771999.9999999813	1400.065275422867
-767999.9999999814	1160.0093799113265
-763999.9999999814	2206.7998690051404
-759999.9999999815	2908.079642210095
-755999.9999999816	4901.655120257053
-751999.9999999817	17446.054518330304
-747999.9999999818	9143.677048057485
-743999.999999982	3426.039297551949
-739999.999999982	2243.8665029114472
-735999.9999999821	1612.7557137229285
-731999.9999999822	1201.6944515987132
-727999.9999999823	1149.30592883449
-723999.9999999824	748.7791679167192
-719999.9999999825	704.0990268563678
-715999.9999999825	451.3258946716405
-711999.9999999827	828.4207803956036
-707999.9999999828	527.9593915830642
-703999.9999999829	329.5839451279011
-699999.999999983	264.13711298770335
-695999.9999999831	262.78004096101307
-691999.9999999831	254.52979021309582
-687999.9999999832	27.356047031215734
-683999.9999999834	326.8823755570109
-679999.9999999835	1446.0825998041787
-675999.9999999836	8908.720317950207
-671999.9999999837	1206.666801069481
-667999.9999999837	539.238547653189
-663999.9999999838	197.96366375014767
-659999.9999999839	154.65004829054112
-655999.999999984	95.58794681852697
-651999.9999999842	99.20318393264056
-647999.9999999843	118.26276166098468
-643999.9999999843	146.687052688878
-639999.9999999844	126.59435502187138
-635999.9999999845	136.90536675787644
-631999.9999999846	310.1194879521946
-627999.9999999847	241.52840325678335
-623999.9999999849	431.02395743359085
-619999.9999999849	453.6595258359557
-615999.999999985	783.1918667852354
-611999.9999999851	1233.082666400963
-607999.9999999852	1679.3074711645145
-603999.9999999853	3713.4119500638944
-599999.9999999854	34667.97180868711
-595999.9999999854	4078.290917611186
-591999.9999999856	2501.0053710255443
-587999.9999999857	2010.1538244351057
-583999.9999999858	2094.6997258138877
-579999.9999999859	1434.6637852360172
-575999.999999986	1400.5418710721412
-571999.999999986	1368.2439338033357
-567999.9999999861	1182.3196607219077
-563999.9999999863	1345.6877317471083
-559999.9999999864	1461.350965878633
-555999.9999999865	1359.4717567860146
-551999.9999999866	1290.9724697333997
-547999.9999999866	2050.127155841815
-543999.9999999867	2184.533593211392
-539999.9999999868	3239.0978500772735
-535999.999999987	4064.20208436319
-531999.9999999871	6671.628541807414
-527999.9999999872	15333.14989966047
-523999.99999998725	28403.469936016914
-519999.99999998737	7339.358113906872
-515999.9999999874	3788.4104114462198
-511999.99999998754	3094.0187369296536
-507999.99999998766	2467.4296137935057
-503999.9999999877	1930.202425906044
-499999.99999998783	1289.692424358971
-495999.99999998795	1366.2543024050326
-491999.999999988	1286.484578468065
-487999.9999999881	638.3859872141644
-483999.99999998824	1152.0691332525237
-479999.9999999883	906.0307568138697
-475999.9999999884	795.9184510686715
-471999.99999998853	519.239913864093
-467999.9999999886	478.5321392071126
-463999.9999999887	586.7571117833354
-459999.9999999888	401.30854681809086
-455999.9999999889	754.2343245763944
-451999.999999989	3935.0968478395453
-447999.9999999891	4305.426654695697
-443999.9999999892	1927.1204246665143
-439999.9999999893	1481.7497380413406
-435999.9999999894	1554.9285710964689
-431999.99999998946	1362.8708149571953
-427999.9999999896	1111.6753851160074
-423999.9999999897	1121.3301400848777
-419999.99999998976	1621.2617683316837
-415999.9999999899	1289.2854099370952
-411999.99999999	1390.8663229040642
-407999.99999999005	1383.8835878237874
-403999.99999999016	1713.6095670155585
-399999.9999999903	1759.5470110872443
-395999.99999999034	2499.6048242699762
-391999.99999999045	2474.10727718475
-387999.99999999057	3134.9958025781007
-383999.9999999907	4591.607807334737
-379999.99999999074	8787.136116341413
-375999.99999999086	55829.57471067626
-371999.999999991	12042.04868457198
-367999.99999999104	5420.8946698558475
-363999.99999999115	3220.081851319319
-359999.99999999127	2233.197580454044
-355999.9999999913	1975.124178768263
-351999.99999999144	1412.03570597097
-347999.99999999156	1560.129968357477
-343999.9999999916	1058.223222406293
-339999.99999999173	802.1953104238711
-335999.99999999185	486.3702703408159
-331999.9999999919	654.3120791496609
-327999.999999992	237.60138439230312
-323999.99999999214	107.03227198872615
-319999.9999999922	139.8040203583651
-315999.9999999923	457.02466673030295
-311999.99999999243	997.1611263851458
-307999.9999999925	1567.5085941178233
-303999.9999999926	2988.706775979529
-299999.9999999927	70664.7289553345
-295999.9999999928	4634.069575141933
-291999.9999999929	2739.7194290391026
-287999.999999993	2316.573104417097
-283999.9999999931	1865.3189315179839
-279999.9999999932	1262.4897102827654
-275999.9999999933	1511.6181797946406
-271999.99999999336	1274.987611406883
-267999.9999999935	1273.736964149093
-263999.9999999936	1306.7012050361986
-259999.99999999368	891.3051175280648
-255999.99999999377	1281.7160579872261
-251999.99999999386	1484.9031238346
-247999.99999999398	1007.7924716930611
-243999.99999999406	1193.2855883897937
-239999.99999999415	1530.6947822128914
-235999.99999999427	1451.6053174939204
-231999.99999999435	1525.9892180529885
-227999.99999999444	366.87463400776767
-223999.99999999456	4976.077091453537
-219999.99999999464	2592.2356357667254
-215999.99999999473	2231.4435474923894
-211999.99999999485	2281.304217839674
-207999.99999999494	2600.377382757938
-203999.99999999502	2700.5453008618474
-199999.99999999514	2706.1736870367718
-195999.99999999523	2890.938723177338
-191999.99999999534	3374.5677356900187
-187999.99999999543	3527.812440163977
-183999.99999999552	4139.251651603147
-179999.99999999563	4964.042404054629
-175999.99999999572	5116.530906731438
-171999.9999999958	6975.666979812002
-167999.99999999593	8749.83501573673
-163999.999999996	11643.982794023557
-159999.9999999961	17024.27882396775
-155999.99999999622	30553.35753244009
-151999.9999999963	100530.22489378806
-147999.9999999964	94318.71161887448
-143999.9999999965	34490.63778318905
-139999.9999999966	22197.65203570442
-135999.99999999668	16988.93240333661
-131999.9999999968	14846.229855033394
-127999.99999999689	12739.19316074292
-123999.99999999699	12135.321202702915
-119999.99999999708	11402.736695582564
-115999.99999999718	11338.318091307407
-111999.99999999728	11206.803258725813
-107999.99999999737	12077.064375054302
-103999.99999999747	12373.21457596872
-99999.99999999757	13044.923571638226
-95999.99999999767	15385.747662761649
-91999.99999999776	17831.22119353785
-87999.99999999786	22376.052555852093
-83999.99999999796	31605.250028121547
-79999.99999999805	55206.08313654485
-75999.99999999815	282767.4866481094
-71999.99999999825	84949.4318798874
-67999.99999999834	36408.69019461528
-63999.99999999844	22883.009009207533
-59999.99999999854	16600.047147758865
-55999.99999999864	13187.749921078866
-51999.999999998734	11146.134551233205
-47999.999999998836	9830.77548267192
-43999.99999999893	8282.30765996262
-39999.999999999025	7378.427922197394
-35999.99999999913	6769.234072159859
-31999.99999999922	6322.447850431307
-27999.99999999932	5376.594409637554
-23999.999999999418	5225.521954720536
-19999.999999999513	4926.604180503833
-15999.99999999961	4856.2614277708135
-11999.999999999709	4643.352955612525
-7999.999999999805	4695.692999170389
-3999.9999999999027	4742.7393145292235
