-0.0001226	7.5457e+05
-0.0001225	10269
-0.0001224	10505
-0.0001223	10775
-0.0001222	11689
-0.0001221	12166
-0.000122	13755
-0.0001219	15445
-0.0001218	18948
-0.0001217	23360
-0.0001216	32107
-0.0001215	51669
-0.0001214	1.473e+05
-0.0001213	1.621e+05
-0.0001212	52130
-0.0001211	31177
-0.000121	22293
-0.0001209	17450
-0.0001208	14555
-0.0001207	12647
-0.0001206	11174
-0.0001205	10927
-0.0001204	10524
-0.0001203	11558
-0.0001202	14952
-0.0001201	1.7015e+05
-0.00012	2267.5
-0.0001199	2591.8
-0.0001198	3454.9
-0.0001197	4146.6
-0.0001196	5046.6
-0.0001195	6066.1
-0.0001194	7164.9
-0.0001193	7807.4
-0.0001192	9768.4
-0.0001191	13236
-0.000119	20216
-0.0001189	54349
-0.0001188	70891
-0.0001187	20489
-0.0001186	12057
-0.0001185	8348.6
-0.0001184	6272.8
-0.0001183	5296.5
-0.0001182	4563.9
-0.0001181	3980.1
-0.000118	3750.9
-0.0001179	3301.9
-0.0001178	3436.6
-0.0001177	4375.3
-0.0001176	30006
-0.0001175	600.4
-0.0001174	676.59
-0.0001173	835.03
-0.0001172	833.43
-0.0001171	887.83
-0.000117	213.11
-0.0001169	630.98
-0.0001168	228.37
-0.0001167	1170.7
-0.0001166	1520.8
-0.0001165	2267.5
-0.0001164	8833.7
-0.0001163	18188
-0.0001162	5999
-0.0001161	4200.1
-0.000116	3407.1
-0.0001159	3001.1
-0.0001158	2569
-0.0001157	3066.2
-0.0001156	3070
-0.0001155	3509.3
-0.0001154	3708.4
-0.0001153	4938.1
-0.0001152	7759.1
-0.0001151	46517
-0.000115	7159.2
-0.0001149	2434
-0.0001148	596.27
-0.0001147	267.13
-0.0001146	964.99
-0.0001145	1023.7
-0.0001144	1561.6
-0.0001143	2263.9
-0.0001142	3129.1
-0.0001141	3983.8
-0.000114	6940.8
-0.0001139	16887
-0.0001138	38001
-0.0001137	9347.9
-0.0001136	5603.9
-0.0001135	4217.3
-0.0001134	3343.8
-0.0001133	3232.6
-0.0001132	2450
-0.0001131	2525.5
-0.000113	2745.5
-0.0001129	3028.9
-0.0001128	3458.9
-0.0001127	5115.2
-0.0001126	24819
-0.0001125	5232.9
-0.0001124	2030.9
-0.0001123	782.27
-0.0001122	475.11
-0.0001121	435.96
-0.000112	285.45
-0.0001119	100.31
-0.0001118	332.62
-0.0001117	496.75
-0.0001116	510.42
-0.0001115	383.38
-0.0001114	1115.8
-0.0001113	1569.6
-0.0001112	177.67
-0.0001111	200.76
-0.000111	518.02
-0.0001109	726.12
-0.0001108	609.25
-0.0001107	499.61
-0.0001106	484.41
-0.0001105	845.77
-0.0001104	1070.4
-0.0001103	1732.1
-0.0001102	3341.1
-0.0001101	16457
-0.00011	6105
-0.0001099	2622.5
-0.0001098	1121.1
-0.0001097	769.28
-0.0001096	242.71
-0.0001095	624.45
-0.0001094	567.6
-0.0001093	610.84
-0.0001092	586.53
-0.0001091	814.65
-0.000109	1737.9
-0.0001089	5820.6
-0.0001088	23293
-0.0001087	4586
-0.0001086	3241.6
-0.0001085	2284.6
-0.0001084	2228.8
-0.0001083	2257.2
-0.0001082	2103.8
-0.0001081	2121.5
-0.000108	2694.5
-0.0001079	2714.5
-0.0001078	2997.2
-0.0001077	5138.4
-0.0001076	18856
-0.0001075	7182.7
-0.0001074	2169.5
-0.0001073	1216.5
-0.0001072	586.26
-0.0001071	66.826
-0.000107	291.95
-0.0001069	136.11
-0.0001068	538.38
-0.0001067	260.49
-0.0001066	273.28
-0.0001065	801.7
-0.0001064	1774.5
-0.0001063	9241.6
-0.0001062	1434.3
-0.0001061	815.69
-0.000106	658.28
-0.0001059	560.18
-0.0001058	753.24
-0.0001057	490.9
-0.0001056	207.48
-0.0001055	779.33
-0.0001054	321.21
-0.0001053	1131.1
-0.0001052	1293.9
-0.0001051	5076.5
-0.000105	2609.8
-0.0001049	1188.6
-0.0001048	762.94
-0.0001047	514.02
-0.0001046	439.45
-0.0001045	459.31
-0.0001044	236.07
-0.0001043	343.24
-0.0001042	168.81
-0.0001041	452.49
-0.000104	498.74
-0.0001039	1453.3
-0.0001038	13093
-0.0001037	1956
-0.0001036	1318.4
-0.0001035	1074
-0.0001034	752.6
-0.0001033	630.09
-0.0001032	1126.7
-0.0001031	683.56
-0.000103	1273.8
-0.0001029	1448.9
-0.0001028	2090
-0.0001027	3316.1
-0.0001026	11225
-0.0001025	7422.2
-0.0001024	2801.7
-0.0001023	1967.8
-0.0001022	1223.2
-0.0001021	896.01
-0.000102	879.17
-0.0001019	640.43
-0.0001018	495.48
-0.0001017	221.77
-0.0001016	145.47
-0.0001015	429.06
-0.0001014	523.7
-0.0001013	11961
-0.0001012	1284.5
-0.0001011	747.47
-0.000101	566
-0.0001009	532.12
-0.0001008	892.73
-0.0001007	621.89
-0.0001006	521.28
-0.0001005	734.42
-0.0001004	848.97
-0.0001003	1083.3
-0.0001002	1605.8
-0.0001001	5040.7
-0.0001	3442
-9.99e-05	1246.4
-9.98e-05	1029.2
-9.97e-05	602.24
-9.96e-05	405.32
-9.95e-05	465.36
-9.94e-05	518.79
-9.93e-05	231.01
-9.92e-05	260.17
-9.91e-05	212.63
-9.9e-05	592.11
-9.89e-05	332.23
-9.88e-05	7437.5
-9.87e-05	462.09
-9.86e-05	612.47
-9.85e-05	462.54
-9.84e-05	178.19
-9.83e-05	425.04
-9.82e-05	746.74
-9.81e-05	455.9
-9.8e-05	974.96
-9.79e-05	1023.9
-9.78e-05	1371.8
-9.77e-05	2334.3
-9.76e-05	5900.1
-9.75e-05	5832.7
-9.74e-05	1902.8
-9.73e-05	1484.8
-9.72e-05	858.05
-9.71e-05	689.23
-9.7e-05	682.43
-9.69e-05	567.94
-9.68e-05	150.99
-9.67e-05	467.07
-9.66e-05	730.75
-9.65e-05	372.8
-9.64e-05	487.15
-9.63e-05	10381
-9.62e-05	277.69
-9.61e-05	442.9
-9.6e-05	322.97
-9.59e-05	371.09
-9.58e-05	476.2
-9.57e-05	129.65
-9.56e-05	210.1
-9.55e-05	973.93
-9.54e-05	855.77
-9.53e-05	875.16
-9.52e-05	1474.6
-9.51e-05	4819.1
-9.5e-05	6727.3
-9.49e-05	2037.9
-9.48e-05	840.33
-9.47e-05	874.2
-9.46e-05	252.85
-9.45e-05	516.18
-9.44e-05	698.49
-9.43e-05	372.36
-9.42e-05	600.16
-9.41e-05	531.54
-9.4e-05	740.9
-9.39e-05	824.87
-9.38e-05	6915.8
-9.37e-05	170.93
-9.36e-05	352.38
-9.35e-05	127.98
-9.34e-05	207.91
-9.33e-05	328.98
-9.32e-05	212.82
-9.31e-05	160.03
-9.3e-05	792.64
-9.29e-05	672
-9.28e-05	858.19
-9.27e-05	1135.1
-9.26e-05	2984.1
-9.25e-05	4705
-9.24e-05	1578.6
-9.23e-05	383.76
-9.22e-05	391.61
-9.21e-05	533.47
-9.2e-05	568.38
-9.19e-05	454.46
-9.18e-05	162.46
-9.17e-05	462.79
-9.16e-05	810.09
-9.15e-05	731.54
-9.14e-05	1082.9
-9.13e-05	7656.7
-9.12e-05	996.3
-9.11e-05	252.11
-9.1e-05	403.76
-9.09e-05	227.92
-9.08e-05	159.94
-9.07e-05	168.23
-9.06e-05	307.7
-9.05e-05	695.71
-9.04e-05	563.55
-9.03e-05	855.97
-9.02e-05	1443.7
-9.01e-05	3862.1
-9e-05	7275.6
-8.99e-05	1707.9
-8.98e-05	923.35
-8.97e-05	940.91
-8.96e-05	630.13
-8.95e-05	729.34
-8.94e-05	685.57
-8.93e-05	343.71
-8.92e-05	780.6
-8.91e-05	860.33
-8.9e-05	865.44
-8.89e-05	1378.9
-8.88e-05	7712.6
-8.87e-05	1648.9
-8.86e-05	567.92
-8.85e-05	57.051
-8.84e-05	272.48
-8.83e-05	54.94
-8.82e-05	94.617
-8.81e-05	487.11
-8.8e-05	594.14
-8.79e-05	581.44
-8.78e-05	379.96
-8.77e-05	979.52
-8.76e-05	2071.8
-8.75e-05	5096.1
-8.74e-05	1015.1
-8.73e-05	570.49
-8.72e-05	924.34
-8.71e-05	591.2
-8.7e-05	353.5
-8.69e-05	602.17
-8.68e-05	507.7
-8.67e-05	703.4
-8.66e-05	935.62
-8.65e-05	540.05
-8.64e-05	1162.5
-8.63e-05	4742.5
-8.62e-05	1275.4
-8.61e-05	477.74
-8.6e-05	192.54
-8.59e-05	208.34
-8.58e-05	352.83
-8.57e-05	243.78
-8.56e-05	285.19
-8.55e-05	500.31
-8.54e-05	173.41
-8.53e-05	515.4
-8.52e-05	641.9
-8.51e-05	1831.3
-8.5e-05	6941.8
-8.49e-05	1238
-8.48e-05	1001.7
-8.47e-05	1209.8
-8.46e-05	407.07
-8.45e-05	852.93
-8.44e-05	720.71
-8.43e-05	370
-8.42e-05	874.19
-8.41e-05	814.81
-8.4e-05	1089.7
-8.39e-05	1738.9
-8.38e-05	7225.3
-8.37e-05	2395.2
-8.36e-05	1130.6
-8.35e-05	803.28
-8.34e-05	470.16
-8.33e-05	307.14
-8.32e-05	259.46
-8.31e-05	98.948
-8.3e-05	503.38
-8.29e-05	171.7
-8.28e-05	498.97
-8.27e-05	751.55
-8.26e-05	1497.7
-8.25e-05	6522.9
-8.24e-05	1254.8
-8.23e-05	754.12
-8.22e-05	955.83
-8.21e-05	504.04
-8.2e-05	738.37
-8.19e-05	421.89
-8.18e-05	350.82
-8.17e-05	412.46
-8.16e-05	554.36
-8.15e-05	323.13
-8.14e-05	1187.9
-8.13e-05	4460.6
-8.12e-05	1752.9
-8.11e-05	857.8
-8.1e-05	558.63
-8.09e-05	473.31
-8.08e-05	352.32
-8.07e-05	595.57
-8.06e-05	105.1
-8.05e-05	248.98
-8.04e-05	73.453
-8.03e-05	348.64
-8.02e-05	396.25
-8.01e-05	517.04
-8e-05	5350.7
-7.99e-05	1060.1
-7.98e-05	682.58
-7.97e-05	597.68
-7.96e-05	237.33
-7.95e-05	333.84
-7.94e-05	425.15
-7.93e-05	631.9
-7.92e-05	890.62
-7.91e-05	891.51
-7.9e-05	819.23
-7.89e-05	1318.1
-7.88e-05	5571.6
-7.87e-05	3197.9
-7.86e-05	1019.9
-7.85e-05	679.41
-7.84e-05	651.87
-7.83e-05	493.48
-7.82e-05	678.17
-7.81e-05	286.21
-7.8e-05	371.25
-7.79e-05	489.11
-7.78e-05	405.8
-7.77e-05	252.8
-7.76e-05	310.08
-7.75e-05	7392.9
-7.74e-05	793.6
-7.73e-05	850.99
-7.72e-05	645.9
-7.71e-05	532.99
-7.7e-05	650.96
-7.69e-05	411.88
-7.68e-05	455.22
-7.67e-05	592.59
-7.66e-05	586.67
-7.65e-05	681.14
-7.64e-05	1636.7
-7.63e-05	4421.9
-7.62e-05	3193.7
-7.61e-05	1271.4
-7.6e-05	529.62
-7.59e-05	522.47
-7.58e-05	467.36
-7.57e-05	537.06
-7.56e-05	220.02
-7.55e-05	257.17
-7.54e-05	325.02
-7.53e-05	427.67
-7.52e-05	41.327
-7.51e-05	120.98
-7.5e-05	5749.5
-7.49e-05	363.69
-7.48e-05	409.56
-7.47e-05	171.93
-7.46e-05	463.66
-7.45e-05	622.25
-7.44e-05	482.09
-7.43e-05	69.444
-7.42e-05	677.95
-7.41e-05	725.6
-7.4e-05	846.2
-7.39e-05	1335.6
-7.38e-05	3467.3
-7.37e-05	3293.6
-7.36e-05	1080.1
-7.35e-05	878.95
-7.34e-05	525.64
-7.33e-05	326.99
-7.32e-05	514.09
-7.31e-05	537.03
-7.3e-05	284.93
-7.29e-05	203.67
-7.28e-05	451.58
-7.27e-05	221.42
-7.26e-05	546.05
-7.25e-05	6664.5
-7.24e-05	106.79
-7.23e-05	317.63
-7.22e-05	160.72
-7.21e-05	220.72
-7.2e-05	392.33
-7.19e-05	393.43
-7.18e-05	108.66
-7.17e-05	1005.9
-7.16e-05	757.24
-7.15e-05	723.79
-7.14e-05	1591.5
-7.13e-05	3881.8
-7.12e-05	4899.2
-7.11e-05	1469.2
-7.1e-05	1376.7
-7.09e-05	868.95
-7.08e-05	279.57
-7.07e-05	270.71
-7.06e-05	716.39
-7.05e-05	125.28
-7.04e-05	210.07
-7.03e-05	495.08
-7.02e-05	664.19
-7.01e-05	336.16
-7e-05	6396.3
-6.99e-05	395.28
-6.98e-05	46
-6.97e-05	186.35
-6.96e-05	203.47
-6.95e-05	734.63
-6.94e-05	442.55
-6.93e-05	160.15
-6.92e-05	408.98
-6.91e-05	559.52
-6.9e-05	772.54
-6.89e-05	1243.6
-6.88e-05	2663.8
-6.87e-05	3965.1
-6.86e-05	1133.5
-6.85e-05	771.04
-6.84e-05	301.27
-6.83e-05	817.29
-6.82e-05	715.81
-6.81e-05	494.98
-6.8e-05	193.63
-6.79e-05	159.1
-6.78e-05	491.53
-6.77e-05	249.84
-6.76e-05	991.4
-6.75e-05	5590.2
-6.74e-05	473.41
-6.73e-05	626.37
-6.72e-05	155.62
-6.71e-05	298.45
-6.7e-05	170.61
-6.69e-05	623.26
-6.68e-05	304.93
-6.67e-05	603.15
-6.66e-05	601.04
-6.65e-05	530.2
-6.64e-05	1463.5
-6.63e-05	2902
-6.62e-05	5701.8
-6.61e-05	1713.5
-6.6e-05	892.62
-6.59e-05	632.34
-6.58e-05	838.24
-6.57e-05	550.54
-6.56e-05	707.53
-6.55e-05	603.1
-6.54e-05	510.2
-6.53e-05	905.92
-6.52e-05	915.18
-6.51e-05	1026.9
-6.5e-05	7555.5
-6.49e-05	1718.7
-6.48e-05	733.65
-6.47e-05	540.22
-6.46e-05	73.397
-6.45e-05	607.32
-6.44e-05	377.36
-6.43e-05	68.652
-6.42e-05	692.1
-6.41e-05	188.05
-6.4e-05	800.27
-6.39e-05	1039
-6.38e-05	2681.4
-6.37e-05	6690.8
-6.36e-05	1634.9
-6.35e-05	1030.4
-6.34e-05	972.03
-6.33e-05	606.16
-6.32e-05	491.19
-6.31e-05	447.05
-6.3e-05	500.31
-6.29e-05	710.88
-6.28e-05	919.82
-6.27e-05	1015
-6.26e-05	1521.6
-6.25e-05	6351
-6.24e-05	1260.3
-6.23e-05	467.69
-6.22e-05	233.07
-6.21e-05	357.02
-6.2e-05	504.54
-6.19e-05	189.38
-6.18e-05	302.62
-6.17e-05	485.18
-6.16e-05	305.45
-6.15e-05	847.17
-6.14e-05	710.3
-6.13e-05	1930
-6.12e-05	6740.8
-6.11e-05	1675.6
-6.1e-05	645.03
-6.09e-05	966.6
-6.08e-05	461.32
-6.07e-05	731.69
-6.06e-05	276.25
-6.05e-05	558.97
-6.04e-05	950.75
-6.03e-05	1041.9
-6.02e-05	982.92
-6.01e-05	2041.6
-6e-05	7273.4
-5.99e-05	2749.3
-5.98e-05	1384.1
-5.97e-05	963.99
-5.96e-05	363.64
-5.95e-05	934.75
-5.94e-05	88.674
-5.93e-05	202.08
-5.92e-05	443.71
-5.91e-05	339.47
-5.9e-05	324.35
-5.89e-05	694.26
-5.88e-05	1889.1
-5.87e-05	8448.3
-5.86e-05	1544.7
-5.85e-05	805.07
-5.84e-05	491.53
-5.83e-05	624.08
-5.82e-05	1053.2
-5.81e-05	878.31
-5.8e-05	616.81
-5.79e-05	967.8
-5.78e-05	928.27
-5.77e-05	1267.6
-5.76e-05	1665.3
-5.75e-05	7413.5
-5.74e-05	3080.7
-5.73e-05	1254.3
-5.72e-05	692.64
-5.71e-05	384.99
-5.7e-05	412.29
-5.69e-05	398.59
-5.68e-05	265.82
-5.67e-05	374.55
-5.66e-05	211.37
-5.65e-05	170.07
-5.64e-05	272.55
-5.63e-05	1064.1
-5.62e-05	7102.7
-5.61e-05	1313.1
-5.6e-05	567.35
-5.59e-05	487.71
-5.58e-05	552.13
-5.57e-05	732.41
-5.56e-05	449.4
-5.55e-05	870.35
-5.54e-05	683.88
-5.53e-05	968.7
-5.52e-05	1148.5
-5.51e-05	1988.2
-5.5e-05	6149.9
-5.49e-05	3287.9
-5.48e-05	1533
-5.47e-05	648.99
-5.46e-05	252.5
-5.45e-05	400.78
-5.44e-05	560.53
-5.43e-05	126.23
-5.42e-05	359.58
-5.41e-05	76.542
-5.4e-05	466.83
-5.39e-05	309.74
-5.38e-05	660.65
-5.37e-05	8439.7
-5.36e-05	971.11
-5.35e-05	414.18
-5.34e-05	843.46
-5.33e-05	530.72
-5.32e-05	660.84
-5.31e-05	455.01
-5.3e-05	569.88
-5.29e-05	865.51
-5.28e-05	604
-5.27e-05	1053.6
-5.26e-05	2252.3
-5.25e-05	6315.4
-5.24e-05	4397.8
-5.23e-05	1622.3
-5.22e-05	859.18
-5.21e-05	936.51
-5.2e-05	322.12
-5.19e-05	1036.4
-5.18e-05	444.71
-5.17e-05	593.66
-5.16e-05	209.4
-5.15e-05	417.21
-5.14e-05	38.923
-5.13e-05	359
-5.12e-05	7678.8
-5.11e-05	392.08
-5.1e-05	802.76
-5.09e-05	448.72
-5.08e-05	559.4
-5.07e-05	652.72
-5.06e-05	518.72
-5.05e-05	1045.3
-5.04e-05	508.95
-5.03e-05	1074.3
-5.02e-05	898.21
-5.01e-05	1719.6
-5e-05	4408.4
-4.99e-05	3707.2
-4.98e-05	1540.4
-4.97e-05	805.91
-4.96e-05	620.63
-4.95e-05	261.7
-4.94e-05	832.65
-4.93e-05	263.73
-4.92e-05	919.97
-4.91e-05	339.38
-4.9e-05	374.26
-4.89e-05	414.29
-4.88e-05	219.94
-4.87e-05	6617.4
-4.86e-05	406.8
-4.85e-05	172.09
-4.84e-05	204.8
-4.83e-05	366.93
-4.82e-05	272.71
-4.81e-05	623.04
-4.8e-05	676.3
-4.79e-05	711.61
-4.78e-05	878.26
-4.77e-05	924.45
-4.76e-05	1382.4
-4.75e-05	4200.8
-4.74e-05	4479.6
-4.73e-05	1676.6
-4.72e-05	739.89
-4.71e-05	639
-4.7e-05	232.15
-4.69e-05	581.68
-4.68e-05	558.82
-4.67e-05	478.07
-4.66e-05	631.49
-4.65e-05	720.04
-4.64e-05	392.79
-4.63e-05	654.52
-4.62e-05	7243.8
-4.61e-05	332.61
-4.6e-05	315.91
-4.59e-05	232.96
-4.58e-05	394.99
-4.57e-05	208.55
-4.56e-05	648.68
-4.55e-05	481.56
-4.54e-05	515.47
-4.53e-05	664.16
-4.52e-05	805.63
-4.51e-05	1075.1
-4.5e-05	3225.6
-4.49e-05	4677.7
-4.48e-05	1554.6
-4.47e-05	924.15
-4.46e-05	637.35
-4.45e-05	739.62
-4.44e-05	409.91
-4.43e-05	635.55
-4.42e-05	1090.9
-4.41e-05	420.89
-4.4e-05	694.91
-4.39e-05	290.54
-4.38e-05	769.12
-4.37e-05	5383.3
-4.36e-05	274.82
-4.35e-05	349.67
-4.34e-05	107.54
-4.33e-05	269.51
-4.32e-05	460.61
-4.31e-05	77.521
-4.3e-05	946.23
-4.29e-05	424.49
-4.28e-05	560.63
-4.27e-05	809.97
-4.26e-05	760.64
-4.25e-05	2516.2
-4.24e-05	4263.8
-4.23e-05	1243.4
-4.22e-05	864.43
-4.21e-05	359.34
-4.2e-05	650.19
-4.19e-05	449.69
-4.18e-05	695.17
-4.17e-05	823.33
-4.16e-05	636.07
-4.15e-05	612.07
-4.14e-05	876.7
-4.13e-05	1317.1
-4.12e-05	5907.7
-4.11e-05	910.19
-4.1e-05	188.92
-4.09e-05	180.48
-4.08e-05	104.11
-4.07e-05	258.03
-4.06e-05	147.43
-4.05e-05	765.09
-4.04e-05	417.43
-4.03e-05	453.78
-4.02e-05	688.78
-4.01e-05	632.54
-4e-05	2229.5
-3.99e-05	5083.7
-3.98e-05	1178.7
-3.97e-05	779.36
-3.96e-05	758.28
-3.95e-05	548.42
-3.94e-05	344.7
-3.93e-05	1113.2
-3.92e-05	1211
-3.91e-05	235.08
-3.9e-05	690.11
-3.89e-05	706.5
-3.88e-05	1107.2
-3.87e-05	5205.6
-3.86e-05	1135.7
-3.85e-05	153.55
-3.84e-05	496.24
-3.83e-05	203.58
-3.82e-05	173.05
-3.81e-05	170.49
-3.8e-05	562.92
-3.79e-05	427.12
-3.78e-05	326.45
-3.77e-05	240.01
-3.76e-05	429.1
-3.75e-05	1317.4
-3.74e-05	3674.4
-3.73e-05	1032.8
-3.72e-05	811.42
-3.71e-05	385.14
-3.7e-05	629.66
-3.69e-05	710.36
-3.68e-05	788.61
-3.67e-05	1050.8
-3.66e-05	470.2
-3.65e-05	528.46
-3.64e-05	675.26
-3.63e-05	688.89
-3.62e-05	3705.7
-3.61e-05	1011.1
-3.6e-05	479.84
-3.59e-05	105.4
-3.58e-05	428.35
-3.57e-05	32.474
-3.56e-05	76.009
-3.55e-05	476.9
-3.54e-05	671.12
-3.53e-05	229.42
-3.52e-05	217.82
-3.51e-05	433.35
-3.5e-05	856.58
-3.49e-05	4908.9
-3.48e-05	1242.5
-3.47e-05	674.32
-3.46e-05	505.53
-3.45e-05	470.77
-3.44e-05	377.39
-3.43e-05	424.55
-3.42e-05	559.19
-3.41e-05	309.99
-3.4e-05	790.86
-3.39e-05	657.1
-3.38e-05	1116.2
-3.37e-05	4401.4
-3.36e-05	1647.6
-3.35e-05	1090.7
-3.34e-05	406.08
-3.33e-05	445.65
-3.32e-05	284.74
-3.31e-05	363.04
-3.3e-05	365.44
-3.29e-05	818.2
-3.28e-05	379.71
-3.27e-05	75.701
-3.26e-05	104.1
-3.25e-05	858.23
-3.24e-05	3958.4
-3.23e-05	494.46
-3.22e-05	367.66
-3.21e-05	429.3
-3.2e-05	281.1
-3.19e-05	213.75
-3.18e-05	139.58
-3.17e-05	911.85
-3.16e-05	277.12
-3.15e-05	248.27
-3.14e-05	348
-3.13e-05	455.52
-3.12e-05	2559.4
-3.11e-05	1583.7
-3.1e-05	314.75
-3.09e-05	375.18
-3.08e-05	430.89
-3.07e-05	388.07
-3.06e-05	238.53
-3.05e-05	487.45
-3.04e-05	964.5
-3.03e-05	100.95
-3.02e-05	151.7
-3.01e-05	332.8
-3e-05	649.29
-2.99e-05	3499.2
-2.98e-05	459.75
-2.97e-05	261.65
-2.96e-05	351.06
-2.95e-05	180.71
-2.94e-05	248.22
-2.93e-05	609.03
-2.92e-05	499.21
-2.91e-05	540.22
-2.9e-05	497.3
-2.89e-05	540.43
-2.88e-05	1608.5
-2.87e-05	2799.1
-2.86e-05	1764.6
-2.85e-05	913.43
-2.84e-05	466.64
-2.83e-05	367.64
-2.82e-05	316.67
-2.81e-05	462.2
-2.8e-05	345.78
-2.79e-05	779.34
-2.78e-05	274.13
-2.77e-05	379.41
-2.76e-05	174.2
-2.75e-05	19.58
-2.74e-05	3899.5
-2.73e-05	351.75
-2.72e-05	343.78
-2.71e-05	77.162
-2.7e-05	156.67
-2.69e-05	407.05
-2.68e-05	483.29
-2.67e-05	1064.1
-2.66e-05	510.48
-2.65e-05	404.01
-2.64e-05	377.83
-2.63e-05	947.05
-2.62e-05	1849.4
-2.61e-05	1529.9
-2.6e-05	377.58
-2.59e-05	270.09
-2.58e-05	238.57
-2.57e-05	147.53
-2.56e-05	307.84
-2.55e-05	456.71
-2.54e-05	937.61
-2.53e-05	125.84
-2.52e-05	402.83
-2.51e-05	108.06
-2.5e-05	96.237
-2.49e-05	2669.9
-2.48e-05	229.91
-2.47e-05	358.58
-2.46e-05	176.92
-2.45e-05	210.79
-2.44e-05	159.27
-2.43e-05	123.41
-2.42e-05	658.72
-2.41e-05	679
-2.4e-05	169.24
-2.39e-05	273.5
-2.38e-05	823.2
-2.37e-05	1734.5
-2.36e-05	1927.5
-2.35e-05	721.24
-2.34e-05	218.92
-2.33e-05	472.75
-2.32e-05	362.3
-2.31e-05	302.83
-2.3e-05	164.28
-2.29e-05	1149.2
-2.28e-05	395.89
-2.27e-05	485.35
-2.26e-05	192.35
-2.25e-05	445.84
-2.24e-05	3460.9
-2.23e-05	315.29
-2.22e-05	146.85
-2.21e-05	243.69
-2.2e-05	382.88
-2.19e-05	123.57
-2.18e-05	480.52
-2.17e-05	950.72
-2.16e-05	176.5
-2.15e-05	563.52
-2.14e-05	347.86
-2.13e-05	567.49
-2.12e-05	1717.8
-2.11e-05	2243.9
-2.1e-05	783.54
-2.09e-05	416.4
-2.08e-05	266.71
-2.07e-05	391.9
-2.06e-05	291.48
-2.05e-05	287.07
-2.04e-05	1033.9
-2.03e-05	248.16
-2.02e-05	743.15
-2.01e-05	342.51
-2e-05	59.394
-1.99e-05	2369.1
-1.98e-05	329.34
-1.97e-05	295.38
-1.96e-05	131.85
-1.95e-05	137.14
-1.94e-05	278.55
-1.93e-05	350.79
-1.92e-05	494.03
-1.91e-05	335.9
-1.9e-05	474.34
-1.89e-05	347.22
-1.88e-05	544.1
-1.87e-05	892.82
-1.86e-05	1955.6
-1.85e-05	224.85
-1.84e-05	659.25
-1.83e-05	361.14
-1.82e-05	92.158
-1.81e-05	279.13
-1.8e-05	427
-1.79e-05	1180
-1.78e-05	221.55
-1.77e-05	534.97
-1.76e-05	135.93
-1.75e-05	146.39
-1.74e-05	2564.2
-1.73e-05	428.91
-1.72e-05	29.596
-1.71e-05	199.45
-1.7e-05	151.99
-1.69e-05	116.13
-1.68e-05	122.86
-1.67e-05	420.54
-1.66e-05	1004.9
-1.65e-05	72.407
-1.64e-05	379.42
-1.63e-05	290.23
-1.62e-05	989.09
-1.61e-05	1847.1
-1.6e-05	420.39
-1.59e-05	467.98
-1.58e-05	379.37
-1.57e-05	327.19
-1.56e-05	323.99
-1.55e-05	666.52
-1.54e-05	1236
-1.53e-05	355.19
-1.52e-05	238.5
-1.51e-05	190.35
-1.5e-05	455.68
-1.49e-05	2576
-1.48e-05	461.69
-1.47e-05	307.87
-1.46e-05	81.781
-1.45e-05	221.88
-1.44e-05	190.78
-1.43e-05	431.21
-1.42e-05	843.71
-1.41e-05	318.73
-1.4e-05	711.06
-1.39e-05	317.75
-1.38e-05	597.59
-1.37e-05	516.47
-1.36e-05	1538.2
-1.35e-05	283.01
-1.34e-05	623.57
-1.33e-05	37.618
-1.32e-05	438.81
-1.31e-05	242.25
-1.3e-05	650.89
-1.29e-05	886.16
-1.28e-05	293.51
-1.27e-05	145.86
-1.26e-05	370
-1.25e-05	594.57
-1.24e-05	1592
-1.23e-05	519.99
-1.22e-05	357.93
-1.21e-05	237.42
-1.2e-05	84.65
-1.19e-05	171.38
-1.18e-05	342.02
-1.17e-05	185.33
-1.16e-05	649.47
-1.15e-05	434.76
-1.14e-05	527.36
-1.13e-05	295.5
-1.12e-05	402.83
-1.11e-05	1813.4
-1.1e-05	282.45
-1.09e-05	113.13
-1.08e-05	384.98
-1.07e-05	112.76
-1.06e-05	440.27
-1.05e-05	75.402
-1.04e-05	726.34
-1.03e-05	316.89
-1.02e-05	109.72
-1.01e-05	217.03
-1e-05	295.18
-9.9e-06	1837.9
-9.8e-06	318.68
-9.7e-06	424.2
-9.6e-06	406.55
-9.5e-06	176.27
-9.4e-06	391.55
-9.3e-06	564.08
-9.2e-06	105.21
-9.1e-06	749.06
-9e-06	196.35
-8.9e-06	211.27
-8.8e-06	261.29
-8.7e-06	245.1
-8.6e-06	1499.3
-8.5e-06	415.32
-8.4e-06	277.09
-8.3e-06	220.54
-8.2e-06	224.7
-8.1e-06	307.26
-8e-06	375.74
-7.9e-06	720.1
-7.8e-06	145.43
-7.7e-06	378.33
-7.6e-06	75.551
-7.5e-06	665.17
-7.4e-06	1144.2
-7.3e-06	694.51
-7.2e-06	127.37
-7.1e-06	237.11
-7e-06	298.33
-6.9e-06	83.715
-6.8e-06	89.494
-6.7e-06	534.05
-6.6e-06	1009.7
-6.5e-06	428.83
-6.4e-06	290.35
-6.3e-06	69.119
-6.2e-06	232.61
-6.1e-06	1746.7
-6e-06	210.83
-5.9e-06	329.49
-5.8e-06	376.21
-5.7e-06	348.05
-5.6e-06	582.06
-5.5e-06	268.33
-5.4e-06	597.7
-5.3e-06	338.97
-5.2e-06	185.69
-5.1e-06	331.87
-5e-06	202.64
-4.9e-06	995.61
-4.8e-06	444.33
-4.7e-06	282.7
-4.6e-06	494.88
-4.5e-06	352.99
-4.4e-06	261.23
-4.3e-06	176.42
-4.2e-06	416.58
-4.1e-06	695.87
-4e-06	420.95
-3.9e-06	371.6
-3.8e-06	191.64
-3.7e-06	368.63
-3.6e-06	1296.1
-3.5e-06	280.97
-3.4e-06	171.82
-3.3e-06	460.3
-3.2e-06	264.48
-3.1e-06	565.42
-3e-06	100.86
-2.9e-06	517.57
-2.8e-06	27.454
-2.7e-06	211.18
-2.6e-06	248.99
-2.5e-06	505.3
-2.4e-06	1280.2
-2.3e-06	798.2
-2.2e-06	253.63
-2.1e-06	275.77
-2e-06	210.21
-1.9e-06	452.27
-1.8e-06	325.76
-1.7e-06	121.9
-1.6e-06	1218.3
-1.5e-06	416.12
-1.4e-06	343.82
-1.3e-06	175.34
-1.2e-06	214.7
-1.1e-06	1285.1
-1e-06	406.1
-9e-07	300.04
-8e-07	10.653
-7e-07	266.41
-6e-07	300.51
-5e-07	608.37
-4e-07	797.27
-3e-07	383.53
-2e-07	317.33
-1e-07	361.77
0	45.513
1e-07	391.36
2e-07	835.13
3e-07	246.44
4e-07	375.06
5e-07	407.39
6e-07	159.63
7e-07	188.4
8e-07	134.4
9e-07	1035.6
1e-06	245.15
1.1e-06	864.4
1.2e-06	264.76
1.3e-06	101.42
1.4e-06	1078
1.5e-06	192.14
1.6e-06	643.03
1.7e-06	263.44
1.8e-06	231.67
1.9e-06	282.67
2e-06	275
2.1e-06	900.45
2.2e-06	524.68
2.3e-06	315.5
2.4e-06	792
2.5e-06	315.5
2.6e-06	524.68
2.7e-06	900.45
2.8e-06	275
2.9e-06	282.67
3e-06	231.67
3.1e-06	263.44
3.2e-06	643.03
3.3e-06	192.14
3.4e-06	1078
3.5e-06	101.42
3.6e-06	264.76
3.7e-06	864.4
3.8e-06	245.15
3.9e-06	1035.6
4e-06	134.4
4.1e-06	188.4
4.2e-06	159.63
4.3e-06	407.39
4.4e-06	375.06
4.5e-06	246.44
4.6e-06	835.13
4.7e-06	391.36
4.8e-06	45.513
4.9e-06	361.77
5e-06	317.33
5.1e-06	383.53
5.2e-06	797.27
5.3e-06	608.37
5.4e-06	300.51
5.5e-06	266.41
5.6e-06	10.653
5.7e-06	300.04
5.8e-06	406.1
5.9e-06	1285.1
6e-06	214.7
6.1e-06	175.34
6.2e-06	343.82
6.3e-06	416.12
6.4e-06	1218.3
6.5e-06	121.9
6.6e-06	325.76
6.7e-06	452.27
6.8e-06	210.21
6.9e-06	275.77
7e-06	253.63
7.1e-06	798.2
7.2e-06	1280.2
7.3e-06	505.3
7.4e-06	248.99
7.5e-06	211.18
7.6e-06	27.454
7.7e-06	517.57
7.8e-06	100.86
7.9e-06	565.42
8e-06	264.48
8.1e-06	460.3
8.2e-06	171.82
8.3e-06	280.97
8.4e-06	1296.1
8.5e-06	368.63
8.6e-06	191.64
8.7e-06	371.6
8.8e-06	420.95
8.9e-06	695.87
9e-06	416.58
9.1e-06	176.42
9.2e-06	261.23
9.3e-06	352.99
9.4e-06	494.88
9.5e-06	282.7
9.6e-06	444.33
9.7e-06	995.61
9.8e-06	202.64
9.9e-06	331.87
1e-05	185.69
1.01e-05	338.97
1.02e-05	597.7
1.03e-05	268.33
1.04e-05	582.06
1.05e-05	348.05
1.06e-05	376.21
1.07e-05	329.49
1.08e-05	210.83
1.09e-05	1746.7
1.1e-05	232.61
1.11e-05	69.119
1.12e-05	290.35
1.13e-05	428.83
1.14e-05	1009.7
1.15e-05	534.05
1.16e-05	89.494
1.17e-05	83.715
1.18e-05	298.33
1.19e-05	237.11
1.2e-05	127.37
1.21e-05	694.51
1.22e-05	1144.2
1.23e-05	665.17
1.24e-05	75.551
1.25e-05	378.33
1.26e-05	145.43
1.27e-05	720.1
1.28e-05	375.74
1.29e-05	307.26
1.3e-05	224.7
1.31e-05	220.54
1.32e-05	277.09
1.33e-05	415.32
1.34e-05	1499.3
1.35e-05	245.1
1.36e-05	261.29
1.37e-05	211.27
1.38e-05	196.35
1.39e-05	749.06
1.4e-05	105.21
1.41e-05	564.08
1.42e-05	391.55
1.43e-05	176.27
1.44e-05	406.55
1.45e-05	424.2
1.46e-05	318.68
1.47e-05	1837.9
1.48e-05	295.18
1.49e-05	217.03
1.5e-05	109.72
1.51e-05	316.89
1.52e-05	726.34
1.53e-05	75.402
1.54e-05	440.27
1.55e-05	112.76
1.56e-05	384.98
1.57e-05	113.13
1.58e-05	282.45
1.59e-05	1813.4
1.6e-05	402.83
1.61e-05	295.5
1.62e-05	527.36
1.63e-05	434.76
1.64e-05	649.47
1.65e-05	185.33
1.66e-05	342.02
1.67e-05	171.38
1.68e-05	84.65
1.69e-05	237.42
1.7e-05	357.93
1.71e-05	519.99
1.72e-05	1592
1.73e-05	594.57
1.74e-05	370
1.75e-05	145.86
1.76e-05	293.51
1.77e-05	886.16
1.78e-05	650.89
1.79e-05	242.25
1.8e-05	438.81
1.81e-05	37.618
1.82e-05	623.57
1.83e-05	283.01
1.84e-05	1538.2
1.85e-05	516.47
1.86e-05	597.59
1.87e-05	317.75
1.88e-05	711.06
1.89e-05	318.73
1.9e-05	843.71
1.91e-05	431.21
1.92e-05	190.78
1.93e-05	221.88
1.94e-05	81.781
1.95e-05	307.87
1.96e-05	461.69
1.97e-05	2576
1.98e-05	455.68
1.99e-05	190.35
2e-05	238.5
2.01e-05	355.19
2.02e-05	1236
2.03e-05	666.52
2.04e-05	323.99
2.05e-05	327.19
2.06e-05	379.37
2.07e-05	467.98
2.08e-05	420.39
2.09e-05	1847.1
2.1e-05	989.09
2.11e-05	290.23
2.12e-05	379.42
2.13e-05	72.407
2.14e-05	1004.9
2.15e-05	420.54
2.16e-05	122.86
2.17e-05	116.13
2.18e-05	151.99
2.19e-05	199.45
2.2e-05	29.596
2.21e-05	428.91
2.22e-05	2564.2
2.23e-05	146.39
2.24e-05	135.93
2.25e-05	534.97
2.26e-05	221.55
2.27e-05	1180
2.28e-05	427
2.29e-05	279.13
2.3e-05	92.158
2.31e-05	361.14
2.32e-05	659.25
2.33e-05	224.85
2.34e-05	1955.6
2.35e-05	892.82
2.36e-05	544.1
2.37e-05	347.22
2.38e-05	474.34
2.39e-05	335.9
2.4e-05	494.03
2.41e-05	350.79
2.42e-05	278.55
2.43e-05	137.14
2.44e-05	131.85
2.45e-05	295.38
2.46e-05	329.34
2.47e-05	2369.1
2.48e-05	59.394
2.49e-05	342.51
2.5e-05	743.15
2.51e-05	248.16
2.52e-05	1033.9
2.53e-05	287.07
2.54e-05	291.48
2.55e-05	391.9
2.56e-05	266.71
2.57e-05	416.4
2.58e-05	783.54
2.59e-05	2243.9
2.6e-05	1717.8
2.61e-05	567.49
2.62e-05	347.86
2.63e-05	563.52
2.64e-05	176.5
2.65e-05	950.72
2.66e-05	480.52
2.67e-05	123.57
2.68e-05	382.88
2.69e-05	243.69
2.7e-05	146.85
2.71e-05	315.29
2.72e-05	3460.9
2.73e-05	445.84
2.74e-05	192.35
2.75e-05	485.35
2.76e-05	395.89
2.77e-05	1149.2
2.78e-05	164.28
2.79e-05	302.83
2.8e-05	362.3
2.81e-05	472.75
2.82e-05	218.92
2.83e-05	721.24
2.84e-05	1927.5
2.85e-05	1734.5
2.86e-05	823.2
2.87e-05	273.5
2.88e-05	169.24
2.89e-05	679
2.9e-05	658.72
2.91e-05	123.41
2.92e-05	159.27
2.93e-05	210.79
2.94e-05	176.92
2.95e-05	358.58
2.96e-05	229.91
2.97e-05	2669.9
2.98e-05	96.237
2.99e-05	108.06
3e-05	402.83
3.01e-05	125.84
3.02e-05	937.61
3.03e-05	456.71
3.04e-05	307.84
3.05e-05	147.53
3.06e-05	238.57
3.07e-05	270.09
3.08e-05	377.58
3.09e-05	1529.9
3.1e-05	1849.4
3.11e-05	947.05
3.12e-05	377.83
3.13e-05	404.01
3.14e-05	510.48
3.15e-05	1064.1
3.16e-05	483.29
3.17e-05	407.05
3.18e-05	156.67
3.19e-05	77.162
3.2e-05	343.78
3.21e-05	351.75
3.22e-05	3899.5
3.23e-05	19.58
3.24e-05	174.2
3.25e-05	379.41
3.26e-05	274.13
3.27e-05	779.34
3.28e-05	345.78
3.29e-05	462.2
3.3e-05	316.67
3.31e-05	367.64
3.32e-05	466.64
3.33e-05	913.43
3.34e-05	1764.6
3.35e-05	2799.1
3.36e-05	1608.5
3.37e-05	540.43
3.38e-05	497.3
3.39e-05	540.22
3.4e-05	499.21
3.41e-05	609.03
3.42e-05	248.22
3.43e-05	180.71
3.44e-05	351.06
3.45e-05	261.65
3.46e-05	459.75
3.47e-05	3499.2
3.48e-05	649.29
3.49e-05	332.8
3.5e-05	151.7
3.51e-05	100.95
3.52e-05	964.5
3.53e-05	487.45
3.54e-05	238.53
3.55e-05	388.07
3.56e-05	430.89
3.57e-05	375.18
3.58e-05	314.75
3.59e-05	1583.7
3.6e-05	2559.4
3.61e-05	455.52
3.62e-05	348
3.63e-05	248.27
3.64e-05	277.12
3.65e-05	911.85
3.66e-05	139.58
3.67e-05	213.75
3.68e-05	281.1
3.69e-05	429.3
3.7e-05	367.66
3.71e-05	494.46
3.72e-05	3958.4
3.73e-05	858.23
3.74e-05	104.1
3.75e-05	75.701
3.76e-05	379.71
3.77e-05	818.2
3.78e-05	365.44
3.79e-05	363.04
3.8e-05	284.74
3.81e-05	445.65
3.82e-05	406.08
3.83e-05	1090.7
3.84e-05	1647.6
3.85e-05	4401.4
3.86e-05	1116.2
3.87e-05	657.1
3.88e-05	790.86
3.89e-05	309.99
3.9e-05	559.19
3.91e-05	424.55
3.92e-05	377.39
3.93e-05	470.77
3.94e-05	505.53
3.95e-05	674.32
3.96e-05	1242.5
3.97e-05	4908.9
3.98e-05	856.58
3.99e-05	433.35
4e-05	217.82
4.01e-05	229.42
4.02e-05	671.12
4.03e-05	476.9
4.04e-05	76.009
4.05e-05	32.474
4.06e-05	428.35
4.07e-05	105.4
4.08e-05	479.84
4.09e-05	1011.1
4.1e-05	3705.7
4.11e-05	688.89
4.12e-05	675.26
4.13e-05	528.46
4.14e-05	470.2
4.15e-05	1050.8
4.16e-05	788.61
4.17e-05	710.36
4.18e-05	629.66
4.19e-05	385.14
4.2e-05	811.42
4.21e-05	1032.8
4.22e-05	3674.4
4.23e-05	1317.4
4.24e-05	429.1
4.25e-05	240.01
4.26e-05	326.45
4.27e-05	427.12
4.28e-05	562.92
4.29e-05	170.49
4.3e-05	173.05
4.31e-05	203.58
4.32e-05	496.24
4.33e-05	153.55
4.34e-05	1135.7
4.35e-05	5205.6
4.36e-05	1107.2
4.37e-05	706.5
4.38e-05	690.11
4.39e-05	235.08
4.4e-05	1211
4.41e-05	1113.2
4.42e-05	344.7
4.43e-05	548.42
4.44e-05	758.28
4.45e-05	779.36
4.46e-05	1178.7
4.47e-05	5083.7
4.48e-05	2229.5
4.49e-05	632.54
4.5e-05	688.78
4.51e-05	453.78
4.52e-05	417.43
4.53e-05	765.09
4.54e-05	147.43
4.55e-05	258.03
4.56e-05	104.11
4.57e-05	180.48
4.58e-05	188.92
4.59e-05	910.19
4.6e-05	5907.7
4.61e-05	1317.1
4.62e-05	876.7
4.63e-05	612.07
4.64e-05	636.07
4.65e-05	823.33
4.66e-05	695.17
4.67e-05	449.69
4.68e-05	650.19
4.69e-05	359.34
4.7e-05	864.43
4.71e-05	1243.4
4.72e-05	4263.8
4.73e-05	2516.2
4.74e-05	760.64
4.75e-05	809.97
4.76e-05	560.63
4.77e-05	424.49
4.78e-05	946.23
4.79e-05	77.521
4.8e-05	460.61
4.81e-05	269.51
4.82e-05	107.54
4.83e-05	349.67
4.84e-05	274.82
4.85e-05	5383.3
4.86e-05	769.12
4.87e-05	290.54
4.88e-05	694.91
4.89e-05	420.89
4.9e-05	1090.9
4.91e-05	635.55
4.92e-05	409.91
4.93e-05	739.62
4.94e-05	637.35
4.95e-05	924.15
4.96e-05	1554.6
4.97e-05	4677.7
4.98e-05	3225.6
4.99e-05	1075.1
5e-05	805.63
5.01e-05	664.16
5.02e-05	515.47
5.03e-05	481.56
5.04e-05	648.68
5.05e-05	208.55
5.06e-05	394.99
5.07e-05	232.96
5.08e-05	315.91
5.09e-05	332.61
5.1e-05	7243.8
5.11e-05	654.52
5.12e-05	392.79
5.13e-05	720.04
5.14e-05	631.49
5.15e-05	478.07
5.16e-05	558.82
5.17e-05	581.68
5.18e-05	232.15
5.19e-05	639
5.2e-05	739.89
5.21e-05	1676.6
5.22e-05	4479.6
5.23e-05	4200.8
5.24e-05	1382.4
5.25e-05	924.45
5.26e-05	878.26
5.27e-05	711.61
5.28e-05	676.3
5.29e-05	623.04
5.3e-05	272.71
5.31e-05	366.93
5.32e-05	204.8
5.33e-05	172.09
5.34e-05	406.8
5.35e-05	6617.4
5.36e-05	219.94
5.37e-05	414.29
5.38e-05	374.26
5.39e-05	339.38
5.4e-05	919.97
5.41e-05	263.73
5.42e-05	832.65
5.43e-05	261.7
5.44e-05	620.63
5.45e-05	805.91
5.46e-05	1540.4
5.47e-05	3707.2
5.48e-05	4408.4
5.49e-05	1719.6
5.5e-05	898.21
5.51e-05	1074.3
5.52e-05	508.95
5.53e-05	1045.3
5.54e-05	518.72
5.55e-05	652.72
5.56e-05	559.4
5.57e-05	448.72
5.58e-05	802.76
5.59e-05	392.08
5.6e-05	7678.8
5.61e-05	359
5.62e-05	38.923
5.63e-05	417.21
5.64e-05	209.4
5.65e-05	593.66
5.66e-05	444.71
5.67e-05	1036.4
5.68e-05	322.12
5.69e-05	936.51
5.7e-05	859.18
5.71e-05	1622.3
5.72e-05	4397.8
5.73e-05	6315.4
5.74e-05	2252.3
5.75e-05	1053.6
5.76e-05	604
5.77e-05	865.51
5.78e-05	569.88
5.79e-05	455.01
5.8e-05	660.84
5.81e-05	530.72
5.82e-05	843.46
5.83e-05	414.18
5.84e-05	971.11
5.85e-05	8439.7
5.86e-05	660.65
5.87e-05	309.74
5.88e-05	466.83
5.89e-05	76.542
5.9e-05	359.58
5.91e-05	126.23
5.92e-05	560.53
5.93e-05	400.78
5.94e-05	252.5
5.95e-05	648.99
5.96e-05	1533
5.97e-05	3287.9
5.98e-05	6149.9
5.99e-05	1988.2
6e-05	1148.5
6.01e-05	968.7
6.02e-05	683.88
6.03e-05	870.35
6.04e-05	449.4
6.05e-05	732.41
6.06e-05	552.13
6.07e-05	487.71
6.08e-05	567.35
6.09e-05	1313.1
6.1e-05	7102.7
6.11e-05	1064.1
6.12e-05	272.55
6.13e-05	170.07
6.14e-05	211.37
6.15e-05	374.55
6.16e-05	265.82
6.17e-05	398.59
6.18e-05	412.29
6.19e-05	384.99
6.2e-05	692.64
6.21e-05	1254.3
6.22e-05	3080.7
6.23e-05	7413.5
6.24e-05	1665.3
6.25e-05	1267.6
6.26e-05	928.27
6.27e-05	967.8
6.28e-05	616.81
6.29e-05	878.31
6.3e-05	1053.2
6.31e-05	624.08
6.32e-05	491.53
6.33e-05	805.07
6.34e-05	1544.7
6.35e-05	8448.3
6.36e-05	1889.1
6.37e-05	694.26
6.38e-05	324.35
6.39e-05	339.47
6.4e-05	443.71
6.41e-05	202.08
6.42e-05	88.674
6.43e-05	934.75
6.44e-05	363.64
6.45e-05	963.99
6.46e-05	1384.1
6.47e-05	2749.3
6.48e-05	7273.4
6.49e-05	2041.6
6.5e-05	982.92
6.51e-05	1041.9
6.52e-05	950.75
6.53e-05	558.97
6.54e-05	276.25
6.55e-05	731.69
6.56e-05	461.32
6.57e-05	966.6
6.58e-05	645.03
6.59e-05	1675.6
6.6e-05	6740.8
6.61e-05	1930
6.62e-05	710.3
6.63e-05	847.17
6.64e-05	305.45
6.65e-05	485.18
6.66e-05	302.62
6.67e-05	189.38
6.68e-05	504.54
6.69e-05	357.02
6.7e-05	233.07
6.71e-05	467.69
6.72e-05	1260.3
6.73e-05	6351
6.74e-05	1521.6
6.75e-05	1015
6.76e-05	919.82
6.77e-05	710.88
6.78e-05	500.31
6.79e-05	447.05
6.8e-05	491.19
6.81e-05	606.16
6.82e-05	972.03
6.83e-05	1030.4
6.84e-05	1634.9
6.85e-05	6690.8
6.86e-05	2681.4
6.87e-05	1039
6.88e-05	800.27
6.89e-05	188.05
6.9e-05	692.1
6.91e-05	68.652
6.92e-05	377.36
6.93e-05	607.32
6.94e-05	73.397
6.95e-05	540.22
6.96e-05	733.65
6.97e-05	1718.7
6.98e-05	7555.5
6.99e-05	1026.9
7e-05	915.18
7.01e-05	905.92
7.02e-05	510.2
7.03e-05	603.1
7.04e-05	707.53
7.05e-05	550.54
7.06e-05	838.24
7.07e-05	632.34
7.08e-05	892.62
7.09e-05	1713.5
7.1e-05	5701.8
7.11e-05	2902
7.12e-05	1463.5
7.13e-05	530.2
7.14e-05	601.04
7.15e-05	603.15
7.16e-05	304.93
7.17e-05	623.26
7.18e-05	170.61
7.19e-05	298.45
7.2e-05	155.62
7.21e-05	626.37
7.22e-05	473.41
7.23e-05	5590.2
7.24e-05	991.4
7.25e-05	249.84
7.26e-05	491.53
7.27e-05	159.1
7.28e-05	193.63
7.29e-05	494.98
7.3e-05	715.81
7.31e-05	817.29
7.32e-05	301.27
7.33e-05	771.04
7.34e-05	1133.5
7.35e-05	3965.1
7.36e-05	2663.8
7.37e-05	1243.6
7.38e-05	772.54
7.39e-05	559.52
7.4e-05	408.98
7.41e-05	160.15
7.42e-05	442.55
7.43e-05	734.63
7.44e-05	203.47
7.45e-05	186.35
7.46e-05	46
7.47e-05	395.28
7.48e-05	6396.3
7.49e-05	336.16
7.5e-05	664.19
7.51e-05	495.08
7.52e-05	210.07
7.53e-05	125.28
7.54e-05	716.39
7.55e-05	270.71
7.56e-05	279.57
7.57e-05	868.95
7.58e-05	1376.7
7.59e-05	1469.2
7.6e-05	4899.2
7.61e-05	3881.8
7.62e-05	1591.5
7.63e-05	723.79
7.64e-05	757.24
7.65e-05	1005.9
7.66e-05	108.66
7.67e-05	393.43
7.68e-05	392.33
7.69e-05	220.72
7.7e-05	160.72
7.71e-05	317.63
7.72e-05	106.79
7.73e-05	6664.5
7.74e-05	546.05
7.75e-05	221.42
7.76e-05	451.58
7.77e-05	203.67
7.78e-05	284.93
7.79e-05	537.03
7.8e-05	514.09
7.81e-05	326.99
7.82e-05	525.64
7.83e-05	878.95
7.84e-05	1080.1
7.85e-05	3293.6
7.86e-05	3467.3
7.87e-05	1335.6
7.88e-05	846.2
7.89e-05	725.6
7.9e-05	677.95
7.91e-05	69.444
7.92e-05	482.09
7.93e-05	622.25
7.94e-05	463.66
7.95e-05	171.93
7.96e-05	409.56
7.97e-05	363.69
7.98e-05	5749.5
7.99e-05	120.98
8e-05	41.327
8.01e-05	427.67
8.02e-05	325.02
8.03e-05	257.17
8.04e-05	220.02
8.05e-05	537.06
8.06e-05	467.36
8.07e-05	522.47
8.08e-05	529.62
8.09e-05	1271.4
8.1e-05	3193.7
8.11e-05	4421.9
8.12e-05	1636.7
8.13e-05	681.14
8.14e-05	586.67
8.15e-05	592.59
8.16e-05	455.22
8.17e-05	411.88
8.18e-05	650.96
8.19e-05	532.99
8.2e-05	645.9
8.21e-05	850.99
8.22e-05	793.6
8.23e-05	7392.9
8.24e-05	310.08
8.25e-05	252.8
8.26e-05	405.8
8.27e-05	489.11
8.28e-05	371.25
8.29e-05	286.21
8.3e-05	678.17
8.31e-05	493.48
8.32e-05	651.87
8.33e-05	679.41
8.34e-05	1019.9
8.35e-05	3197.9
8.36e-05	5571.6
8.37e-05	1318.1
8.38e-05	819.23
8.39e-05	891.51
8.4e-05	890.62
8.41e-05	631.9
8.42e-05	425.15
8.43e-05	333.84
8.44e-05	237.33
8.45e-05	597.68
8.46e-05	682.58
8.47e-05	1060.1
8.48e-05	5350.7
8.49e-05	517.04
8.5e-05	396.25
8.51e-05	348.64
8.52e-05	73.453
8.53e-05	248.98
8.54e-05	105.1
8.55e-05	595.57
8.56e-05	352.32
8.57e-05	473.31
8.58e-05	558.63
8.59e-05	857.8
8.6e-05	1752.9
8.61e-05	4460.6
8.62e-05	1187.9
8.63e-05	323.13
8.64e-05	554.36
8.65e-05	412.46
8.66e-05	350.82
8.67e-05	421.89
8.68e-05	738.37
8.69e-05	504.04
8.7e-05	955.83
8.71e-05	754.12
8.72e-05	1254.8
8.73e-05	6522.9
8.74e-05	1497.7
8.75e-05	751.55
8.76e-05	498.97
8.77e-05	171.7
8.78e-05	503.38
8.79e-05	98.948
8.8e-05	259.46
8.81e-05	307.14
8.82e-05	470.16
8.83e-05	803.28
8.84e-05	1130.6
8.85e-05	2395.2
8.86e-05	7225.3
8.87e-05	1738.9
8.88e-05	1089.7
8.89e-05	814.81
8.9e-05	874.19
8.91e-05	370
8.92e-05	720.71
8.93e-05	852.93
8.94e-05	407.07
8.95e-05	1209.8
8.96e-05	1001.7
8.97e-05	1238
8.98e-05	6941.8
8.99e-05	1831.3
9e-05	641.9
9.01e-05	515.4
9.02e-05	173.41
9.03e-05	500.31
9.04e-05	285.19
9.05e-05	243.78
9.06e-05	352.83
9.07e-05	208.34
9.08e-05	192.54
9.09e-05	477.74
9.1e-05	1275.4
9.11e-05	4742.5
9.12e-05	1162.5
9.13e-05	540.05
9.14e-05	935.62
9.15e-05	703.4
9.16e-05	507.7
9.17e-05	602.17
9.18e-05	353.5
9.19e-05	591.2
9.2e-05	924.34
9.21e-05	570.49
9.22e-05	1015.1
9.23e-05	5096.1
9.24e-05	2071.8
9.25e-05	979.52
9.26e-05	379.96
9.27e-05	581.44
9.28e-05	594.14
9.29e-05	487.11
9.3e-05	94.617
9.31e-05	54.94
9.32e-05	272.48
9.33e-05	57.051
9.34e-05	567.92
9.35e-05	1648.9
9.36e-05	7712.6
9.37e-05	1378.9
9.38e-05	865.44
9.39e-05	860.33
9.4e-05	780.6
9.41e-05	343.71
9.42e-05	685.57
9.43e-05	729.34
9.44e-05	630.13
9.45e-05	940.91
9.46e-05	923.35
9.47e-05	1707.9
9.48e-05	7275.6
9.49e-05	3862.1
9.5e-05	1443.7
9.51e-05	855.97
9.52e-05	563.55
9.53e-05	695.71
9.54e-05	307.7
9.55e-05	168.23
9.56e-05	159.94
9.57e-05	227.92
9.58e-05	403.76
9.59e-05	252.11
9.6e-05	996.3
9.61e-05	7656.7
9.62e-05	1082.9
9.63e-05	731.54
9.64e-05	810.09
9.65e-05	462.79
9.66e-05	162.46
9.67e-05	454.46
9.68e-05	568.38
9.69e-05	533.47
9.7e-05	391.61
9.71e-05	383.76
9.72e-05	1578.6
9.73e-05	4705
9.74e-05	2984.1
9.75e-05	1135.1
9.76e-05	858.19
9.77e-05	672
9.78e-05	792.64
9.79e-05	160.03
9.8e-05	212.82
9.81e-05	328.98
9.82e-05	207.91
9.83e-05	127.98
9.84e-05	352.38
9.85e-05	170.93
9.86e-05	6915.8
9.87e-05	824.87
9.88e-05	740.9
9.89e-05	531.54
9.9e-05	600.16
9.91e-05	372.36
9.92e-05	698.49
9.93e-05	516.18
9.94e-05	252.85
9.95e-05	874.2
9.96e-05	840.33
9.97e-05	2037.9
9.98e-05	6727.3
9.99e-05	4819.1
0.0001	1474.6
0.0001001	875.16
0.0001002	855.77
0.0001003	973.93
0.0001004	210.1
0.0001005	129.65
0.0001006	476.2
0.0001007	371.09
0.0001008	322.97
0.0001009	442.9
0.000101	277.69
0.0001011	10381
0.0001012	487.15
0.0001013	372.8
0.0001014	730.75
0.0001015	467.07
0.0001016	150.99
0.0001017	567.94
0.0001018	682.43
0.0001019	689.23
0.000102	858.05
0.0001021	1484.8
0.0001022	1902.8
0.0001023	5832.7
0.0001024	5900.1
0.0001025	2334.3
0.0001026	1371.8
0.0001027	1023.9
0.0001028	974.96
0.0001029	455.9
0.000103	746.74
0.0001031	425.04
0.0001032	178.19
0.0001033	462.54
0.0001034	612.47
0.0001035	462.09
0.0001036	7437.5
0.0001037	332.23
0.0001038	592.11
0.0001039	212.63
0.000104	260.17
0.0001041	231.01
0.0001042	518.79
0.0001043	465.36
0.0001044	405.32
0.0001045	602.24
0.0001046	1029.2
0.0001047	1246.4
0.0001048	3442
0.0001049	5040.7
0.000105	1605.8
0.0001051	1083.3
0.0001052	848.97
0.0001053	734.42
0.0001054	521.28
0.0001055	621.89
0.0001056	892.73
0.0001057	532.12
0.0001058	566
0.0001059	747.47
0.000106	1284.5
0.0001061	11961
0.0001062	523.7
0.0001063	429.06
0.0001064	145.47
0.0001065	221.77
0.0001066	495.48
0.0001067	640.43
0.0001068	879.17
0.0001069	896.01
0.000107	1223.2
0.0001071	1967.8
0.0001072	2801.7
0.0001073	7422.2
0.0001074	11225
0.0001075	3316.1
0.0001076	2090
0.0001077	1448.9
0.0001078	1273.8
0.0001079	683.56
0.000108	1126.7
0.0001081	630.09
0.0001082	752.6
0.0001083	1074
0.0001084	1318.4
0.0001085	1956
0.0001086	13093
0.0001087	1453.3
0.0001088	498.74
0.0001089	452.49
0.000109	168.81
0.0001091	343.24
0.0001092	236.07
0.0001093	459.31
0.0001094	439.45
0.0001095	514.02
0.0001096	762.94
0.0001097	1188.6
0.0001098	2609.8
0.0001099	5076.5
0.00011	1293.9
0.0001101	1131.1
0.0001102	321.21
0.0001103	779.33
0.0001104	207.48
0.0001105	490.9
0.0001106	753.24
0.0001107	560.18
0.0001108	658.28
0.0001109	815.69
0.000111	1434.3
0.0001111	9241.6
0.0001112	1774.5
0.0001113	801.7
0.0001114	273.28
0.0001115	260.49
0.0001116	538.38
0.0001117	136.11
0.0001118	291.95
0.0001119	66.826
0.000112	586.26
0.0001121	1216.5
0.0001122	2169.5
0.0001123	7182.7
0.0001124	18856
0.0001125	5138.4
0.0001126	2997.2
0.0001127	2714.5
0.0001128	2694.5
0.0001129	2121.5
0.000113	2103.8
0.0001131	2257.2
0.0001132	2228.8
0.0001133	2284.6
0.0001134	3241.6
0.0001135	4586
0.0001136	23293
0.0001137	5820.6
0.0001138	1737.9
0.0001139	814.65
0.000114	586.53
0.0001141	610.84
0.0001142	567.6
0.0001143	624.45
0.0001144	242.71
0.0001145	769.28
0.0001146	1121.1
0.0001147	2622.5
0.0001148	6105
0.0001149	16457
0.000115	3341.1
0.0001151	1732.1
0.0001152	1070.4
0.0001153	845.77
0.0001154	484.41
0.0001155	499.61
0.0001156	609.25
0.0001157	726.12
0.0001158	518.02
0.0001159	200.76
0.000116	177.67
0.0001161	1569.6
0.0001162	1115.8
0.0001163	383.38
0.0001164	510.42
0.0001165	496.75
0.0001166	332.62
0.0001167	100.31
0.0001168	285.45
0.0001169	435.96
0.000117	475.11
0.0001171	782.27
0.0001172	2030.9
0.0001173	5232.9
0.0001174	24819
0.0001175	5115.2
0.0001176	3458.9
0.0001177	3028.9
0.0001178	2745.5
0.0001179	2525.5
0.000118	2450
0.0001181	3232.6
0.0001182	3343.8
0.0001183	4217.3
0.0001184	5603.9
0.0001185	9347.9
0.0001186	38001
0.0001187	16887
0.0001188	6940.8
0.0001189	3983.8
0.000119	3129.1
0.0001191	2263.9
0.0001192	1561.6
0.0001193	1023.7
0.0001194	964.99
0.0001195	267.13
0.0001196	596.27
0.0001197	2434
0.0001198	7159.2
0.0001199	46517
0.00012	7759.1
0.0001201	4938.1
0.0001202	3708.4
0.0001203	3509.3
0.0001204	3070
0.0001205	3066.2
0.0001206	2569
0.0001207	3001.1
0.0001208	3407.1
0.0001209	4200.1
0.000121	5999
0.0001211	18188
0.0001212	8833.7
0.0001213	2267.5
0.0001214	1520.8
0.0001215	1170.7
0.0001216	228.37
0.0001217	630.98
0.0001218	213.11
0.0001219	887.83
0.000122	833.43
0.0001221	835.03
0.0001222	676.59
0.0001223	600.4
0.0001224	30006
0.0001225	4375.3
0.0001226	3436.6
0.0001227	3301.9
0.0001228	3750.9
0.0001229	3980.1
0.000123	4563.9
0.0001231	5296.5
0.0001232	6272.8
0.0001233	8348.6
0.0001234	12057
0.0001235	20489
0.0001236	70891
0.0001237	54349
0.0001238	20216
0.0001239	13236
0.000124	9768.4
0.0001241	7807.4
0.0001242	7164.9
0.0001243	6066.1
0.0001244	5046.6
0.0001245	4146.6
0.0001246	3454.9
0.0001247	2591.8
0.0001248	2267.5
0.0001249	1.7015e+05
0.000125	14952
0.0001251	11558
0.0001252	10524
0.0001253	10927
0.0001254	11174
0.0001255	12647
0.0001256	14555
0.0001257	17450
0.0001258	22293
0.0001259	31177
0.000126	52130
0.0001261	1.621e+05
0.0001262	1.473e+05
0.0001263	51669
0.0001264	32107
0.0001265	23360
0.0001266	18948
0.0001267	15445
0.0001268	13755
0.0001269	12166
0.000127	11689
0.0001271	10775
0.0001272	10505
0.0001273	10269
