-0.0001226	-376
-0.0001225	-368
-0.0001224	-376
-0.0001223	-360
-0.0001222	-368
-0.0001221	-376
-0.000122	-376
-0.0001219	-368
-0.0001218	-360
-0.0001217	-368
-0.0001216	-376
-0.0001215	-368
-0.0001214	-376
-0.0001213	-360
-0.0001212	-360
-0.0001211	-368
-0.000121	-360
-0.0001209	-360
-0.0001208	-368
-0.0001207	-352
-0.0001206	-360
-0.0001205	-360
-0.0001204	-368
-0.0001203	-352
-0.0001202	-360
-0.0001201	-352
-0.00012	-352
-0.0001199	-352
-0.0001198	-352
-0.0001197	-352
-0.0001196	-352
-0.0001195	-344
-0.0001194	-344
-0.0001193	-352
-0.0001192	-176
-0.0001191	256
-0.000119	40
-0.0001189	-80
-0.0001188	88
-0.0001187	72
-0.0001186	16
-0.0001185	32
-0.0001184	64
-0.0001183	40
-0.0001182	32
-0.0001181	40
-0.000118	40
-0.0001179	48
-0.0001178	48
-0.0001177	40
-0.0001176	56
-0.0001175	40
-0.0001174	40
-0.0001173	48
-0.0001172	40
-0.0001171	56
-0.000117	48
-0.0001169	40
-0.0001168	40
-0.0001167	40
-0.0001166	40
-0.0001165	40
-0.0001164	40
-0.0001163	40
-0.0001162	40
-0.0001161	40
-0.000116	40
-0.0001159	48
-0.0001158	48
-0.0001157	40
-0.0001156	40
-0.0001155	40
-0.0001154	56
-0.0001153	40
-0.0001152	40
-0.0001151	-24
-0.000115	-128
-0.0001149	-160
-0.0001148	-224
-0.0001147	-288
-0.0001146	-320
-0.0001145	-360
-0.0001144	-392
-0.0001143	-424
-0.0001142	-424
-0.0001141	-432
-0.000114	-432
-0.0001139	-440
-0.0001138	-424
-0.0001137	-432
-0.0001136	-432
-0.0001135	-424
-0.0001134	-440
-0.0001133	-432
-0.0001132	-440
-0.0001131	-432
-0.000113	-432
-0.0001129	-424
-0.0001128	-424
-0.0001127	-424
-0.0001126	-424
-0.0001125	-424
-0.0001124	-432
-0.0001123	-424
-0.0001122	-424
-0.0001121	-424
-0.000112	-432
-0.0001119	-432
-0.0001118	-432
-0.0001117	-432
-0.0001116	-432
-0.0001115	-440
-0.0001114	-432
-0.0001113	-440
-0.0001112	-432
-0.0001111	-432
-0.000111	-440
-0.0001109	-432
-0.0001108	-432
-0.0001107	-432
-0.0001106	-432
-0.0001105	-432
-0.0001104	-432
-0.0001103	-432
-0.0001102	-432
-0.0001101	-432
-0.00011	-440
-0.0001099	-440
-0.0001098	-432
-0.0001097	-440
-0.0001096	-440
-0.0001095	-432
-0.0001094	-432
-0.0001093	-440
-0.0001092	-440
-0.0001091	-440
-0.000109	-440
-0.0001089	-440
-0.0001088	-432
-0.0001087	-432
-0.0001086	-424
-0.0001085	-424
-0.0001084	-424
-0.0001083	-432
-0.0001082	-440
-0.0001081	-432
-0.000108	-432
-0.0001079	-432
-0.0001078	-432
-0.0001077	-440
-0.0001076	-432
-0.0001075	-440
-0.0001074	-424
-0.0001073	-432
-0.0001072	-432
-0.0001071	-416
-0.000107	-424
-0.0001069	-424
-0.0001068	-416
-0.0001067	-416
-0.0001066	-424
-0.0001065	-416
-0.0001064	-416
-0.0001063	-416
-0.0001062	-416
-0.0001061	-416
-0.000106	-408
-0.0001059	-400
-0.0001058	-408
-0.0001057	-416
-0.0001056	-400
-0.0001055	-408
-0.0001054	-392
-0.0001053	-400
-0.0001052	-408
-0.0001051	-400
-0.000105	-384
-0.0001049	-392
-0.0001048	-392
-0.0001047	-392
-0.0001046	-392
-0.0001045	-392
-0.0001044	-400
-0.0001043	-384
-0.0001042	-384
-0.0001041	-392
-0.000104	-384
-0.0001039	-376
-0.0001038	-384
-0.0001037	-384
-0.0001036	-376
-0.0001035	-384
-0.0001034	-376
-0.0001033	-376
-0.0001032	-376
-0.0001031	-368
-0.000103	-376
-0.0001029	-376
-0.0001028	-376
-0.0001027	-376
-0.0001026	-384
-0.0001025	-368
-0.0001024	-368
-0.0001023	-368
-0.0001022	-376
-0.0001021	-376
-0.000102	-368
-0.0001019	-376
-0.0001018	-376
-0.0001017	-368
-0.0001016	-360
-0.0001015	-360
-0.0001014	-352
-0.0001013	-368
-0.0001012	-368
-0.0001011	-360
-0.000101	-360
-0.0001009	-360
-0.0001008	-368
-0.0001007	-360
-0.0001006	-352
-0.0001005	-360
-0.0001004	-352
-0.0001003	-352
-0.0001002	-360
-0.0001001	-360
-0.0001	-352
-9.99e-05	-344
-9.98e-05	-360
-9.97e-05	-360
-9.96e-05	-352
-9.95e-05	-360
-9.94e-05	-352
-9.93e-05	-360
-9.92e-05	104
-9.91e-05	208
-9.9e-05	-56
-9.89e-05	0
-9.88e-05	104
-9.87e-05	56
-9.86e-05	8
-9.85e-05	48
-9.84e-05	56
-9.83e-05	48
-9.82e-05	32
-9.81e-05	56
-9.8e-05	56
-9.79e-05	56
-9.78e-05	48
-9.77e-05	48
-9.76e-05	48
-9.75e-05	48
-9.74e-05	48
-9.73e-05	40
-9.72e-05	56
-9.71e-05	48
-9.7e-05	48
-9.69e-05	40
-9.68e-05	40
-9.67e-05	48
-9.66e-05	48
-9.65e-05	32
-9.64e-05	40
-9.63e-05	48
-9.62e-05	40
-9.61e-05	48
-9.6e-05	48
-9.59e-05	40
-9.58e-05	40
-9.57e-05	40
-9.56e-05	48
-9.55e-05	48
-9.54e-05	48
-9.53e-05	40
-9.52e-05	32
-9.51e-05	-48
-9.5e-05	-144
-9.49e-05	-184
-9.48e-05	-240
-9.47e-05	-288
-9.46e-05	-328
-9.45e-05	-376
-9.44e-05	-400
-9.43e-05	-424
-9.42e-05	-432
-9.41e-05	-432
-9.4e-05	-424
-9.39e-05	-432
-9.38e-05	-424
-9.37e-05	-424
-9.36e-05	-432
-9.35e-05	-440
-9.34e-05	-432
-9.33e-05	-424
-9.32e-05	-424
-9.31e-05	-432
-9.3e-05	-424
-9.29e-05	-432
-9.28e-05	-424
-9.27e-05	-432
-9.26e-05	-432
-9.25e-05	-432
-9.24e-05	-424
-9.23e-05	-432
-9.22e-05	-440
-9.21e-05	-432
-9.2e-05	-440
-9.19e-05	-440
-9.18e-05	-440
-9.17e-05	-432
-9.16e-05	-432
-9.15e-05	-432
-9.14e-05	-432
-9.13e-05	-440
-9.12e-05	-440
-9.11e-05	-440
-9.1e-05	-440
-9.09e-05	-448
-9.08e-05	-432
-9.07e-05	-432
-9.06e-05	-432
-9.05e-05	-432
-9.04e-05	-432
-9.03e-05	-432
-9.02e-05	-440
-9.01e-05	-440
-9e-05	-440
-8.99e-05	-440
-8.98e-05	-440
-8.97e-05	-440
-8.96e-05	-424
-8.95e-05	-440
-8.94e-05	-432
-8.93e-05	-440
-8.92e-05	-432
-8.91e-05	-432
-8.9e-05	-440
-8.89e-05	-424
-8.88e-05	-432
-8.87e-05	-440
-8.86e-05	-432
-8.85e-05	-432
-8.84e-05	-424
-8.83e-05	-432
-8.82e-05	-432
-8.81e-05	-424
-8.8e-05	-432
-8.79e-05	-432
-8.78e-05	-432
-8.77e-05	-432
-8.76e-05	-432
-8.75e-05	-432
-8.74e-05	-432
-8.73e-05	-416
-8.72e-05	-424
-8.71e-05	-416
-8.7e-05	-416
-8.69e-05	-416
-8.68e-05	-416
-8.67e-05	-424
-8.66e-05	-416
-8.65e-05	-416
-8.64e-05	-408
-8.63e-05	-416
-8.62e-05	-408
-8.61e-05	-408
-8.6e-05	-416
-8.59e-05	-408
-8.58e-05	-416
-8.57e-05	-400
-8.56e-05	-400
-8.55e-05	-392
-8.54e-05	-408
-8.53e-05	-408
-8.52e-05	-392
-8.51e-05	-392
-8.5e-05	-400
-8.49e-05	-392
-8.48e-05	-392
-8.47e-05	-392
-8.46e-05	-392
-8.45e-05	-392
-8.44e-05	-392
-8.43e-05	-392
-8.42e-05	-384
-8.41e-05	-392
-8.4e-05	-384
-8.39e-05	-384
-8.38e-05	-384
-8.37e-05	-384
-8.36e-05	-376
-8.35e-05	-384
-8.34e-05	-376
-8.33e-05	-376
-8.32e-05	-384
-8.31e-05	-368
-8.3e-05	-376
-8.29e-05	-368
-8.28e-05	-376
-8.27e-05	-376
-8.26e-05	-368
-8.25e-05	-368
-8.24e-05	-368
-8.23e-05	-368
-8.22e-05	-368
-8.21e-05	-376
-8.2e-05	-384
-8.19e-05	-376
-8.18e-05	-376
-8.17e-05	-360
-8.16e-05	-360
-8.15e-05	-368
-8.14e-05	-376
-8.13e-05	-360
-8.12e-05	-368
-8.11e-05	-360
-8.1e-05	-360
-8.09e-05	-360
-8.08e-05	-360
-8.07e-05	-368
-8.06e-05	-352
-8.05e-05	-352
-8.04e-05	-344
-8.03e-05	-352
-8.02e-05	-360
-8.01e-05	-360
-8e-05	-352
-7.99e-05	-344
-7.98e-05	-352
-7.97e-05	-352
-7.96e-05	-344
-7.95e-05	-344
-7.94e-05	-352
-7.93e-05	-296
-7.92e-05	232
-7.91e-05	88
-7.9e-05	-80
-7.89e-05	64
-7.88e-05	104
-7.87e-05	32
-7.86e-05	24
-7.85e-05	64
-7.84e-05	56
-7.83e-05	32
-7.82e-05	48
-7.81e-05	56
-7.8e-05	56
-7.79e-05	32
-7.78e-05	40
-7.77e-05	48
-7.76e-05	48
-7.75e-05	40
-7.74e-05	48
-7.73e-05	40
-7.72e-05	40
-7.71e-05	32
-7.7e-05	40
-7.69e-05	40
-7.68e-05	40
-7.67e-05	32
-7.66e-05	40
-7.65e-05	48
-7.64e-05	40
-7.63e-05	48
-7.62e-05	40
-7.61e-05	32
-7.6e-05	40
-7.59e-05	40
-7.58e-05	40
-7.57e-05	56
-7.56e-05	40
-7.55e-05	48
-7.54e-05	32
-7.53e-05	48
-7.52e-05	8
-7.51e-05	-112
-7.5e-05	-160
-7.49e-05	-200
-7.48e-05	-264
-7.47e-05	-312
-7.46e-05	-344
-7.45e-05	-392
-7.44e-05	-400
-7.43e-05	-432
-7.42e-05	-424
-7.41e-05	-424
-7.4e-05	-424
-7.39e-05	-432
-7.38e-05	-432
-7.37e-05	-440
-7.36e-05	-432
-7.35e-05	-432
-7.34e-05	-440
-7.33e-05	-432
-7.32e-05	-440
-7.31e-05	-432
-7.3e-05	-424
-7.29e-05	-440
-7.28e-05	-440
-7.27e-05	-432
-7.26e-05	-424
-7.25e-05	-432
-7.24e-05	-432
-7.23e-05	-432
-7.22e-05	-432
-7.21e-05	-432
-7.2e-05	-424
-7.19e-05	-432
-7.18e-05	-424
-7.17e-05	-432
-7.16e-05	-440
-7.15e-05	-432
-7.14e-05	-432
-7.13e-05	-440
-7.12e-05	-432
-7.11e-05	-440
-7.1e-05	-432
-7.09e-05	-432
-7.08e-05	-432
-7.07e-05	-432
-7.06e-05	-432
-7.05e-05	-432
-7.04e-05	-432
-7.03e-05	-432
-7.02e-05	-440
-7.01e-05	-432
-7e-05	-440
-6.99e-05	-432
-6.98e-05	-432
-6.97e-05	-440
-6.96e-05	-432
-6.95e-05	-432
-6.94e-05	-440
-6.93e-05	-432
-6.92e-05	-432
-6.91e-05	-432
-6.9e-05	-424
-6.89e-05	-432
-6.88e-05	-432
-6.87e-05	-440
-6.86e-05	-432
-6.85e-05	-432
-6.84e-05	-432
-6.83e-05	-424
-6.82e-05	-432
-6.81e-05	-432
-6.8e-05	-432
-6.79e-05	-440
-6.78e-05	-432
-6.77e-05	-432
-6.76e-05	-432
-6.75e-05	-424
-6.74e-05	-432
-6.73e-05	-432
-6.72e-05	-424
-6.71e-05	-416
-6.7e-05	-424
-6.69e-05	-416
-6.68e-05	-424
-6.67e-05	-424
-6.66e-05	-416
-6.65e-05	-424
-6.64e-05	-424
-6.63e-05	-408
-6.62e-05	-416
-6.61e-05	-408
-6.6e-05	-408
-6.59e-05	-408
-6.58e-05	-408
-6.57e-05	-400
-6.56e-05	-408
-6.55e-05	-400
-6.54e-05	-400
-6.53e-05	-392
-6.52e-05	-392
-6.51e-05	-384
-6.5e-05	-392
-6.49e-05	-384
-6.48e-05	-384
-6.47e-05	-384
-6.46e-05	-376
-6.45e-05	-392
-6.44e-05	-392
-6.43e-05	-392
-6.42e-05	-384
-6.41e-05	-384
-6.4e-05	-376
-6.39e-05	-384
-6.38e-05	-384
-6.37e-05	-376
-6.36e-05	-384
-6.35e-05	-368
-6.34e-05	-384
-6.33e-05	-376
-6.32e-05	-376
-6.31e-05	-376
-6.3e-05	-376
-6.29e-05	-376
-6.28e-05	-368
-6.27e-05	-376
-6.26e-05	-376
-6.25e-05	-376
-6.24e-05	-368
-6.23e-05	-368
-6.22e-05	-368
-6.21e-05	-376
-6.2e-05	-376
-6.19e-05	-360
-6.18e-05	-360
-6.17e-05	-360
-6.16e-05	-360
-6.15e-05	-360
-6.14e-05	-360
-6.13e-05	-360
-6.12e-05	-352
-6.11e-05	-360
-6.1e-05	-352
-6.09e-05	-352
-6.08e-05	-352
-6.07e-05	-352
-6.06e-05	-352
-6.05e-05	-360
-6.04e-05	-360
-6.03e-05	-352
-6.02e-05	-360
-6.01e-05	-360
-6e-05	-352
-5.99e-05	-360
-5.98e-05	-352
-5.97e-05	-352
-5.96e-05	-352
-5.95e-05	-352
-5.94e-05	-344
-5.93e-05	-16
-5.92e-05	248
-5.91e-05	-24
-5.9e-05	-40
-5.89e-05	88
-5.88e-05	64
-5.87e-05	0
-5.86e-05	32
-5.85e-05	72
-5.84e-05	56
-5.83e-05	32
-5.82e-05	40
-5.81e-05	56
-5.8e-05	40
-5.79e-05	40
-5.78e-05	40
-5.77e-05	48
-5.76e-05	48
-5.75e-05	40
-5.74e-05	48
-5.73e-05	48
-5.72e-05	32
-5.71e-05	40
-5.7e-05	48
-5.69e-05	40
-5.68e-05	32
-5.67e-05	56
-5.66e-05	40
-5.65e-05	40
-5.64e-05	48
-5.63e-05	40
-5.62e-05	48
-5.61e-05	56
-5.6e-05	40
-5.59e-05	48
-5.58e-05	40
-5.57e-05	40
-5.56e-05	40
-5.55e-05	48
-5.54e-05	40
-5.53e-05	40
-5.52e-05	-32
-5.51e-05	-136
-5.5e-05	-176
-5.49e-05	-224
-5.48e-05	-296
-5.47e-05	-328
-5.46e-05	-360
-5.45e-05	-392
-5.44e-05	-408
-5.43e-05	-432
-5.42e-05	-432
-5.41e-05	-432
-5.4e-05	-424
-5.39e-05	-440
-5.38e-05	-432
-5.37e-05	-424
-5.36e-05	-424
-5.35e-05	-432
-5.34e-05	-424
-5.33e-05	-432
-5.32e-05	-424
-5.31e-05	-432
-5.3e-05	-440
-5.29e-05	-432
-5.28e-05	-432
-5.27e-05	-432
-5.26e-05	-432
-5.25e-05	-424
-5.24e-05	-424
-5.23e-05	-432
-5.22e-05	-432
-5.21e-05	-440
-5.2e-05	-424
-5.19e-05	-432
-5.18e-05	-432
-5.17e-05	-432
-5.16e-05	-432
-5.15e-05	-432
-5.14e-05	-440
-5.13e-05	-440
-5.12e-05	-432
-5.11e-05	-432
-5.1e-05	-440
-5.09e-05	-432
-5.08e-05	-432
-5.07e-05	-424
-5.06e-05	-440
-5.05e-05	-440
-5.04e-05	-432
-5.03e-05	-432
-5.02e-05	-440
-5.01e-05	-440
-5e-05	-432
-4.99e-05	-440
-4.98e-05	-432
-4.97e-05	-432
-4.96e-05	-440
-4.95e-05	-432
-4.94e-05	-440
-4.93e-05	-432
-4.92e-05	-432
-4.91e-05	-424
-4.9e-05	-424
-4.89e-05	-432
-4.88e-05	-424
-4.87e-05	-440
-4.86e-05	-424
-4.85e-05	-424
-4.84e-05	-424
-4.83e-05	-432
-4.82e-05	-432
-4.81e-05	-432
-4.8e-05	-424
-4.79e-05	-432
-4.78e-05	-432
-4.77e-05	-432
-4.76e-05	-432
-4.75e-05	-432
-4.74e-05	-424
-4.73e-05	-432
-4.72e-05	-416
-4.71e-05	-424
-4.7e-05	-424
-4.69e-05	-416
-4.68e-05	-416
-4.67e-05	-416
-4.66e-05	-416
-4.65e-05	-408
-4.64e-05	-408
-4.63e-05	-408
-4.62e-05	-408
-4.61e-05	-408
-4.6e-05	-408
-4.59e-05	-400
-4.58e-05	-408
-4.57e-05	-408
-4.56e-05	-400
-4.55e-05	-392
-4.54e-05	-400
-4.53e-05	-392
-4.52e-05	-392
-4.51e-05	-384
-4.5e-05	-392
-4.49e-05	-400
-4.48e-05	-400
-4.47e-05	-384
-4.46e-05	-392
-4.45e-05	-376
-4.44e-05	-392
-4.43e-05	-392
-4.42e-05	-376
-4.41e-05	-384
-4.4e-05	-376
-4.39e-05	-392
-4.38e-05	-376
-4.37e-05	-376
-4.36e-05	-368
-4.35e-05	-376
-4.34e-05	-376
-4.33e-05	-384
-4.32e-05	-376
-4.31e-05	-376
-4.3e-05	-376
-4.29e-05	-376
-4.28e-05	-368
-4.27e-05	-368
-4.26e-05	-376
-4.25e-05	-384
-4.24e-05	-376
-4.23e-05	-376
-4.22e-05	-376
-4.21e-05	-368
-4.2e-05	-368
-4.19e-05	-368
-4.18e-05	-360
-4.17e-05	-368
-4.16e-05	-368
-4.15e-05	-360
-4.14e-05	-368
-4.13e-05	-360
-4.12e-05	-360
-4.11e-05	-360
-4.1e-05	-352
-4.09e-05	-360
-4.08e-05	-352
-4.07e-05	-360
-4.06e-05	-352
-4.05e-05	-352
-4.04e-05	-360
-4.03e-05	-360
-4.02e-05	-344
-4.01e-05	-352
-4e-05	-352
-3.99e-05	-352
-3.98e-05	-352
-3.97e-05	-352
-3.96e-05	-352
-3.95e-05	-360
-3.94e-05	-344
-3.93e-05	184
-3.92e-05	160
-3.91e-05	-88
-3.9e-05	56
-3.89e-05	80
-3.88e-05	32
-3.87e-05	8
-3.86e-05	56
-3.85e-05	64
-3.84e-05	40
-3.83e-05	32
-3.82e-05	48
-3.81e-05	56
-3.8e-05	40
-3.79e-05	40
-3.78e-05	48
-3.77e-05	40
-3.76e-05	48
-3.75e-05	32
-3.74e-05	24
-3.73e-05	32
-3.72e-05	40
-3.71e-05	48
-3.7e-05	48
-3.69e-05	48
-3.68e-05	40
-3.67e-05	48
-3.66e-05	40
-3.65e-05	40
-3.64e-05	40
-3.63e-05	48
-3.62e-05	40
-3.61e-05	40
-3.6e-05	40
-3.59e-05	40
-3.58e-05	40
-3.57e-05	40
-3.56e-05	40
-3.55e-05	32
-3.54e-05	48
-3.53e-05	32
-3.52e-05	-72
-3.51e-05	-160
-3.5e-05	-184
-3.49e-05	-264
-3.48e-05	-312
-3.47e-05	-344
-3.46e-05	-376
-3.45e-05	-408
-3.44e-05	-424
-3.43e-05	-432
-3.42e-05	-424
-3.41e-05	-424
-3.4e-05	-432
-3.39e-05	-424
-3.38e-05	-432
-3.37e-05	-432
-3.36e-05	-424
-3.35e-05	-424
-3.34e-05	-432
-3.33e-05	-440
-3.32e-05	-432
-3.31e-05	-432
-3.3e-05	-440
-3.29e-05	-424
-3.28e-05	-432
-3.27e-05	-424
-3.26e-05	-440
-3.25e-05	-432
-3.24e-05	-432
-3.23e-05	-432
-3.22e-05	-432
-3.21e-05	-432
-3.2e-05	-432
-3.19e-05	-432
-3.18e-05	-432
-3.17e-05	-432
-3.16e-05	-440
-3.15e-05	-432
-3.14e-05	-432
-3.13e-05	-432
-3.12e-05	-432
-3.11e-05	-432
-3.1e-05	-440
-3.09e-05	-424
-3.08e-05	-432
-3.07e-05	-432
-3.06e-05	-432
-3.05e-05	-440
-3.04e-05	-448
-3.03e-05	-432
-3.02e-05	-432
-3.01e-05	-440
-3e-05	-424
-2.99e-05	-432
-2.98e-05	-440
-2.97e-05	-432
-2.96e-05	-432
-2.95e-05	-432
-2.94e-05	-432
-2.93e-05	-424
-2.92e-05	-440
-2.91e-05	-432
-2.9e-05	-432
-2.89e-05	-440
-2.88e-05	-424
-2.87e-05	-424
-2.86e-05	-440
-2.85e-05	-432
-2.84e-05	-432
-2.83e-05	-432
-2.82e-05	-440
-2.81e-05	-440
-2.8e-05	-440
-2.79e-05	-432
-2.78e-05	-432
-2.77e-05	-432
-2.76e-05	-432
-2.75e-05	-424
-2.74e-05	-424
-2.73e-05	-424
-2.72e-05	-416
-2.71e-05	-424
-2.7e-05	-416
-2.69e-05	-424
-2.68e-05	-416
-2.67e-05	-408
-2.66e-05	-408
-2.65e-05	-416
-2.64e-05	-416
-2.63e-05	-408
-2.62e-05	-400
-2.61e-05	-408
-2.6e-05	-416
-2.59e-05	-408
-2.58e-05	-400
-2.57e-05	-408
-2.56e-05	-400
-2.55e-05	-384
-2.54e-05	-408
-2.53e-05	-400
-2.52e-05	-400
-2.51e-05	-384
-2.5e-05	-392
-2.49e-05	-384
-2.48e-05	-392
-2.47e-05	-384
-2.46e-05	-384
-2.45e-05	-384
-2.44e-05	-392
-2.43e-05	-392
-2.42e-05	-384
-2.41e-05	-384
-2.4e-05	-376
-2.39e-05	-376
-2.38e-05	-376
-2.37e-05	-368
-2.36e-05	-376
-2.35e-05	-384
-2.34e-05	-376
-2.33e-05	-376
-2.32e-05	-376
-2.31e-05	-376
-2.3e-05	-376
-2.29e-05	-376
-2.28e-05	-376
-2.27e-05	-368
-2.26e-05	-376
-2.25e-05	-384
-2.24e-05	-376
-2.23e-05	-368
-2.22e-05	-376
-2.21e-05	-376
-2.2e-05	-368
-2.19e-05	-368
-2.18e-05	-368
-2.17e-05	-368
-2.16e-05	-368
-2.15e-05	-360
-2.14e-05	-360
-2.13e-05	-360
-2.12e-05	-360
-2.11e-05	-352
-2.1e-05	-352
-2.09e-05	-368
-2.08e-05	-360
-2.07e-05	-352
-2.06e-05	-360
-2.05e-05	-352
-2.04e-05	-352
-2.03e-05	-352
-2.02e-05	-352
-2.01e-05	-352
-2e-05	-360
-1.99e-05	-360
-1.98e-05	-352
-1.97e-05	-352
-1.96e-05	-352
-1.95e-05	-336
-1.94e-05	-168
-1.93e-05	240
-1.92e-05	40
-1.91e-05	-64
-1.9e-05	88
-1.89e-05	72
-1.88e-05	8
-1.87e-05	32
-1.86e-05	64
-1.85e-05	56
-1.84e-05	24
-1.83e-05	40
-1.82e-05	48
-1.81e-05	48
-1.8e-05	32
-1.79e-05	40
-1.78e-05	40
-1.77e-05	40
-1.76e-05	40
-1.75e-05	40
-1.74e-05	48
-1.73e-05	40
-1.72e-05	40
-1.71e-05	48
-1.7e-05	40
-1.69e-05	48
-1.68e-05	48
-1.67e-05	32
-1.66e-05	40
-1.65e-05	48
-1.64e-05	40
-1.63e-05	32
-1.62e-05	48
-1.61e-05	40
-1.6e-05	40
-1.59e-05	40
-1.58e-05	40
-1.57e-05	40
-1.56e-05	48
-1.55e-05	48
-1.54e-05	56
-1.53e-05	-16
-1.52e-05	-120
-1.51e-05	-160
-1.5e-05	-224
-1.49e-05	-288
-1.48e-05	-320
-1.47e-05	-360
-1.46e-05	-400
-1.45e-05	-416
-1.44e-05	-432
-1.43e-05	-440
-1.42e-05	-432
-1.41e-05	-424
-1.4e-05	-432
-1.39e-05	-432
-1.38e-05	-432
-1.37e-05	-432
-1.36e-05	-424
-1.35e-05	-432
-1.34e-05	-432
-1.33e-05	-432
-1.32e-05	-432
-1.31e-05	-440
-1.3e-05	-432
-1.29e-05	-440
-1.28e-05	-432
-1.27e-05	-440
-1.26e-05	-432
-1.25e-05	-432
-1.24e-05	-424
-1.23e-05	-440
-1.22e-05	-432
-1.21e-05	-424
-1.2e-05	-424
-1.19e-05	-424
-1.18e-05	-432
-1.17e-05	-432
-1.16e-05	-432
-1.15e-05	-440
-1.14e-05	-432
-1.13e-05	-432
-1.12e-05	-424
-1.11e-05	-440
-1.1e-05	-440
-1.09e-05	-440
-1.08e-05	-424
-1.07e-05	-440
-1.06e-05	-440
-1.05e-05	-432
-1.04e-05	-432
-1.03e-05	-448
-1.02e-05	-432
-1.01e-05	-432
-1e-05	-440
-9.9e-06	-432
-9.8e-06	-432
-9.7e-06	-432
-9.6e-06	-432
-9.5e-06	-432
-9.4e-06	-432
-9.3e-06	-424
-9.2e-06	-424
-9.1e-06	-432
-9e-06	-432
-8.9e-06	-432
-8.8e-06	-424
-8.7e-06	-424
-8.6e-06	-440
-8.5e-06	-432
-8.4e-06	-424
-8.3e-06	-432
-8.2e-06	-440
-8.1e-06	-432
-8e-06	-424
-7.9e-06	-432
-7.8e-06	-424
-7.7e-06	-424
-7.6e-06	-432
-7.5e-06	-424
-7.4e-06	-424
-7.3e-06	-432
-7.2e-06	-424
-7.1e-06	-416
-7e-06	-416
-6.9e-06	-416
-6.8e-06	-416
-6.7e-06	-408
-6.6e-06	-416
-6.5e-06	-408
-6.4e-06	-408
-6.3e-06	-408
-6.2e-06	-400
-6.1e-06	-400
-6e-06	-392
-5.9e-06	-400
-5.8e-06	-408
-5.7e-06	-400
-5.6e-06	-392
-5.5e-06	-392
-5.4e-06	-400
-5.3e-06	-400
-5.2e-06	-392
-5.1e-06	-384
-5e-06	-392
-4.9e-06	-392
-4.8e-06	-384
-4.7e-06	-392
-4.6e-06	-384
-4.5e-06	-376
-4.4e-06	-384
-4.3e-06	-384
-4.2e-06	-392
-4.1e-06	-384
-4e-06	-384
-3.9e-06	-376
-3.8e-06	-384
-3.7e-06	-368
-3.6e-06	-392
-3.5e-06	-376
-3.4e-06	-376
-3.3e-06	-368
-3.2e-06	-360
-3.1e-06	-376
-3e-06	-376
-2.9e-06	-376
-2.8e-06	-368
-2.7e-06	-368
-2.6e-06	-368
-2.5e-06	-368
-2.4e-06	-368
-2.3e-06	-368
-2.2e-06	-368
-2.1e-06	-368
-2e-06	-360
-1.9e-06	-360
-1.8e-06	-360
-1.7e-06	-368
-1.6e-06	-368
-1.5e-06	-368
-1.4e-06	-360
-1.3e-06	-360
-1.2e-06	-352
-1.1e-06	-376
-1e-06	-352
-9e-07	-360
-8e-07	-360
-7e-07	-360
-6e-07	-352
-5e-07	-352
-4e-07	-360
-3e-07	-352
-2e-07	-344
-1e-07	-360
0	-360
1e-07	-360
2e-07	-352
3e-07	-352
4e-07	-344
5e-07	-344
6e-07	112
7e-07	200
8e-07	-56
9e-07	16
1e-06	96
1.1e-06	56
1.2e-06	8
1.3e-06	56
1.4e-06	56
1.5e-06	40
1.6e-06	40
1.7e-06	40
1.8e-06	56
1.9e-06	40
2e-06	32
2.1e-06	40
2.2e-06	48
2.3e-06	40
2.4e-06	40
2.5e-06	40
2.6e-06	48
2.7e-06	40
2.8e-06	48
2.9e-06	48
3e-06	48
3.1e-06	48
3.2e-06	48
3.3e-06	40
3.4e-06	48
3.5e-06	40
3.6e-06	48
3.7e-06	48
3.8e-06	32
3.9e-06	40
4e-06	48
4.1e-06	40
4.2e-06	40
4.3e-06	40
4.4e-06	48
4.5e-06	40
4.6e-06	40
4.7e-06	-64
4.8e-06	-152
4.9e-06	-168
5e-06	-240
5.1e-06	-296
5.2e-06	-336
5.3e-06	-360
5.4e-06	-392
5.5e-06	-424
5.6e-06	-432
5.7e-06	-424
5.8e-06	-424
5.9e-06	-432
6e-06	-424
6.1e-06	-432
6.2e-06	-424
6.3e-06	-432
6.4e-06	-432
6.5e-06	-440
6.6e-06	-432
6.7e-06	-432
6.8e-06	-424
6.9e-06	-432
7e-06	-440
7.1e-06	-424
7.2e-06	-432
7.3e-06	-432
7.4e-06	-432
7.5e-06	-432
7.6e-06	-432
7.7e-06	-432
7.8e-06	-440
7.9e-06	-432
8e-06	-424
8.1e-06	-424
8.2e-06	-432
8.3e-06	-432
8.4e-06	-432
8.5e-06	-432
8.6e-06	-432
8.7e-06	-432
8.8e-06	-440
8.9e-06	-432
9e-06	-432
9.1e-06	-432
9.2e-06	-440
9.3e-06	-432
9.4e-06	-424
9.5e-06	-432
9.6e-06	-432
9.7e-06	-440
9.8e-06	-432
9.9e-06	-432
1e-05	-432
1.01e-05	-432
1.02e-05	-440
1.03e-05	-432
1.04e-05	-440
1.05e-05	-440
1.06e-05	-432
1.07e-05	-440
1.08e-05	-432
1.09e-05	-424
1.1e-05	-440
1.11e-05	-424
1.12e-05	-432
1.13e-05	-432
1.14e-05	-432
1.15e-05	-440
1.16e-05	-440
1.17e-05	-424
1.18e-05	-440
1.19e-05	-440
1.2e-05	-440
1.21e-05	-432
1.22e-05	-424
1.23e-05	-432
1.24e-05	-432
1.25e-05	-424
1.26e-05	-424
1.27e-05	-424
1.28e-05	-416
1.29e-05	-416
1.3e-05	-424
1.31e-05	-416
1.32e-05	-416
1.33e-05	-416
1.34e-05	-408
1.35e-05	-400
1.36e-05	-416
1.37e-05	-408
1.38e-05	-400
1.39e-05	-408
1.4e-05	-408
1.41e-05	-400
1.42e-05	-400
1.43e-05	-400
1.44e-05	-400
1.45e-05	-400
1.46e-05	-384
1.47e-05	-400
1.48e-05	-400
1.49e-05	-384
1.5e-05	-384
1.51e-05	-392
1.52e-05	-392
1.53e-05	-384
1.54e-05	-384
1.55e-05	-384
1.56e-05	-384
1.57e-05	-376
1.58e-05	-392
1.59e-05	-376
1.6e-05	-376
1.61e-05	-384
1.62e-05	-376
1.63e-05	-376
1.64e-05	-376
1.65e-05	-376
1.66e-05	-384
1.67e-05	-376
1.68e-05	-368
1.69e-05	-376
1.7e-05	-376
1.71e-05	-376
1.72e-05	-376
1.73e-05	-368
1.74e-05	-368
1.75e-05	-376
1.76e-05	-368
1.77e-05	-368
1.78e-05	-376
1.79e-05	-368
1.8e-05	-368
1.81e-05	-368
1.82e-05	-360
1.83e-05	-360
1.84e-05	-352
1.85e-05	-352
1.86e-05	-352
1.87e-05	-368
1.88e-05	-360
1.89e-05	-360
1.9e-05	-360
1.91e-05	-352
1.92e-05	-360
1.93e-05	-360
1.94e-05	-352
1.95e-05	-352
1.96e-05	-344
1.97e-05	-360
1.98e-05	-352
1.99e-05	-352
2e-05	-344
2.01e-05	-344
2.02e-05	-344
2.03e-05	-352
2.04e-05	-360
2.05e-05	-288
2.06e-05	248
2.07e-05	88
2.08e-05	-88
2.09e-05	72
2.1e-05	88
2.11e-05	16
2.12e-05	16
2.13e-05	72
2.14e-05	56
2.15e-05	40
2.16e-05	40
2.17e-05	32
2.18e-05	48
2.19e-05	32
2.2e-05	32
2.21e-05	40
2.22e-05	40
2.23e-05	40
2.24e-05	40
2.25e-05	48
2.26e-05	40
2.27e-05	48
2.28e-05	48
2.29e-05	48
2.3e-05	48
2.31e-05	40
2.32e-05	48
2.33e-05	40
2.34e-05	48
2.35e-05	40
2.36e-05	40
2.37e-05	48
2.38e-05	40
2.39e-05	40
2.4e-05	48
2.41e-05	48
2.42e-05	48
2.43e-05	40
2.44e-05	56
2.45e-05	48
2.46e-05	0
2.47e-05	-104
2.48e-05	-160
2.49e-05	-216
2.5e-05	-280
2.51e-05	-312
2.52e-05	-344
2.53e-05	-376
2.54e-05	-400
2.55e-05	-432
2.56e-05	-424
2.57e-05	-432
2.58e-05	-424
2.59e-05	-440
2.6e-05	-424
2.61e-05	-432
2.62e-05	-432
2.63e-05	-440
2.64e-05	-432
2.65e-05	-432
2.66e-05	-432
2.67e-05	-432
2.68e-05	-432
2.69e-05	-432
2.7e-05	-432
2.71e-05	-432
2.72e-05	-424
2.73e-05	-424
2.74e-05	-424
2.75e-05	-432
2.76e-05	-432
2.77e-05	-424
2.78e-05	-432
2.79e-05	-424
2.8e-05	-424
2.81e-05	-432
2.82e-05	-432
2.83e-05	-432
2.84e-05	-432
2.85e-05	-424
2.86e-05	-440
2.87e-05	-432
2.88e-05	-424
2.89e-05	-432
2.9e-05	-432
2.91e-05	-432
2.92e-05	-424
2.93e-05	-432
2.94e-05	-432
2.95e-05	-440
2.96e-05	-432
2.97e-05	-432
2.98e-05	-440
2.99e-05	-440
3e-05	-432
3.01e-05	-424
3.02e-05	-432
3.03e-05	-432
3.04e-05	-432
3.05e-05	-432
3.06e-05	-424
3.07e-05	-424
3.08e-05	-440
3.09e-05	-432
3.1e-05	-432
3.11e-05	-424
3.12e-05	-432
3.13e-05	-432
3.14e-05	-440
3.15e-05	-432
3.16e-05	-432
3.17e-05	-432
3.18e-05	-432
3.19e-05	-432
3.2e-05	-424
3.21e-05	-440
3.22e-05	-432
3.23e-05	-424
3.24e-05	-424
3.25e-05	-424
3.26e-05	-424
3.27e-05	-416
3.28e-05	-424
3.29e-05	-416
3.3e-05	-424
3.31e-05	-416
3.32e-05	-408
3.33e-05	-408
3.34e-05	-416
3.35e-05	-424
3.36e-05	-408
3.37e-05	-408
3.38e-05	-408
3.39e-05	-400
3.4e-05	-408
3.41e-05	-400
3.42e-05	-408
3.43e-05	-392
3.44e-05	-400
3.45e-05	-392
3.46e-05	-392
3.47e-05	-384
3.48e-05	-392
3.49e-05	-392
3.5e-05	-384
3.51e-05	-392
3.52e-05	-384
3.53e-05	-384
3.54e-05	-392
3.55e-05	-384
3.56e-05	-392
3.57e-05	-384
3.58e-05	-384
3.59e-05	-376
3.6e-05	-392
3.61e-05	-384
3.62e-05	-376
3.63e-05	-376
3.64e-05	-368
3.65e-05	-376
3.66e-05	-376
3.67e-05	-376
3.68e-05	-384
3.69e-05	-368
3.7e-05	-368
3.71e-05	-368
3.72e-05	-368
3.73e-05	-360
3.74e-05	-368
3.75e-05	-360
3.76e-05	-360
3.77e-05	-360
3.78e-05	-368
3.79e-05	-360
3.8e-05	-360
3.81e-05	-360
3.82e-05	-360
3.83e-05	-368
3.84e-05	-352
3.85e-05	-368
3.86e-05	-352
3.87e-05	-360
3.88e-05	-360
3.89e-05	-360
3.9e-05	-352
3.91e-05	-352
3.92e-05	-352
3.93e-05	-368
3.94e-05	-360
3.95e-05	-360
3.96e-05	-360
3.97e-05	-360
3.98e-05	-352
3.99e-05	-352
4e-05	-344
4.01e-05	-352
4.02e-05	-352
4.03e-05	-344
4.04e-05	-352
4.05e-05	8
4.06e-05	240
4.07e-05	-32
4.08e-05	-24
4.09e-05	96
4.1e-05	64
4.11e-05	8
4.12e-05	32
4.13e-05	64
4.14e-05	48
4.15e-05	32
4.16e-05	40
4.17e-05	40
4.18e-05	40
4.19e-05	32
4.2e-05	48
4.21e-05	40
4.22e-05	48
4.23e-05	40
4.24e-05	40
4.25e-05	48
4.26e-05	48
4.27e-05	32
4.28e-05	32
4.29e-05	40
4.3e-05	40
4.31e-05	40
4.32e-05	40
4.33e-05	40
4.34e-05	32
4.35e-05	40
4.36e-05	40
4.37e-05	40
4.38e-05	40
4.39e-05	48
4.4e-05	48
4.41e-05	40
4.42e-05	48
4.43e-05	40
4.44e-05	56
4.45e-05	40
4.46e-05	-32
4.47e-05	-144
4.48e-05	-160
4.49e-05	-232
4.5e-05	-296
4.51e-05	-320
4.52e-05	-368
4.53e-05	-392
4.54e-05	-416
4.55e-05	-432
4.56e-05	-432
4.57e-05	-424
4.58e-05	-432
4.59e-05	-424
4.6e-05	-432
4.61e-05	-432
4.62e-05	-424
4.63e-05	-424
4.64e-05	-432
4.65e-05	-432
4.66e-05	-440
4.67e-05	-432
4.68e-05	-432
4.69e-05	-432
4.7e-05	-424
4.71e-05	-432
4.72e-05	-424
4.73e-05	-432
4.74e-05	-432
4.75e-05	-432
4.76e-05	-440
4.77e-05	-424
4.78e-05	-432
4.79e-05	-432
4.8e-05	-432
4.81e-05	-432
4.82e-05	-432
4.83e-05	-432
4.84e-05	-432
4.85e-05	-432
4.86e-05	-432
4.87e-05	-424
4.88e-05	-440
4.89e-05	-432
4.9e-05	-424
4.91e-05	-432
4.92e-05	-432
4.93e-05	-440
4.94e-05	-432
4.95e-05	-440
4.96e-05	-440
4.97e-05	-432
4.98e-05	-432
4.99e-05	-432
5e-05	-440
5.01e-05	-432
5.02e-05	-432
5.03e-05	-432
5.04e-05	-424
5.05e-05	-432
5.06e-05	-424
5.07e-05	-432
5.08e-05	-432
5.09e-05	-432
5.1e-05	-424
5.11e-05	-432
5.12e-05	-440
5.13e-05	-424
5.14e-05	-432
5.15e-05	-440
5.16e-05	-432
5.17e-05	-432
5.18e-05	-440
5.19e-05	-432
5.2e-05	-432
5.21e-05	-432
5.22e-05	-424
5.23e-05	-432
5.24e-05	-424
5.25e-05	-424
5.26e-05	-416
5.27e-05	-416
5.28e-05	-424
5.29e-05	-416
5.3e-05	-408
5.31e-05	-408
5.32e-05	-408
5.33e-05	-416
5.34e-05	-408
5.35e-05	-408
5.36e-05	-408
5.37e-05	-408
5.38e-05	-416
5.39e-05	-408
5.4e-05	-408
5.41e-05	-392
5.42e-05	-400
5.43e-05	-392
5.44e-05	-400
5.45e-05	-392
5.46e-05	-400
5.47e-05	-392
5.48e-05	-392
5.49e-05	-392
5.5e-05	-384
5.51e-05	-392
5.52e-05	-392
5.53e-05	-392
5.54e-05	-392
5.55e-05	-384
5.56e-05	-376
5.57e-05	-392
5.58e-05	-392
5.59e-05	-384
5.6e-05	-384
5.61e-05	-376
5.62e-05	-376
5.63e-05	-384
5.64e-05	-376
5.65e-05	-376
5.66e-05	-376
5.67e-05	-384
5.68e-05	-376
5.69e-05	-376
5.7e-05	-368
5.71e-05	-376
5.72e-05	-360
5.73e-05	-368
5.74e-05	-368
5.75e-05	-360
5.76e-05	-360
5.77e-05	-368
5.78e-05	-368
5.79e-05	-360
5.8e-05	-360
5.81e-05	-368
5.82e-05	-360
5.83e-05	-352
5.84e-05	-360
5.85e-05	-368
5.86e-05	-360
5.87e-05	-360
5.88e-05	-352
5.89e-05	-344
5.9e-05	-352
5.91e-05	-352
5.92e-05	-352
5.93e-05	-352
5.94e-05	-360
5.95e-05	-360
5.96e-05	-352
5.97e-05	-352
5.98e-05	-344
5.99e-05	-352
6e-05	-344
6.01e-05	-352
6.02e-05	-344
6.03e-05	-344
6.04e-05	-336
6.05e-05	192
6.06e-05	152
6.07e-05	-88
6.08e-05	48
6.09e-05	96
6.1e-05	32
6.11e-05	8
6.12e-05	64
6.13e-05	64
6.14e-05	32
6.15e-05	16
6.16e-05	40
6.17e-05	40
6.18e-05	40
6.19e-05	24
6.2e-05	32
6.21e-05	40
6.22e-05	40
6.23e-05	40
6.24e-05	40
6.25e-05	40
6.26e-05	48
6.27e-05	48
6.28e-05	48
6.29e-05	40
6.3e-05	40
6.31e-05	32
6.32e-05	32
6.33e-05	56
6.34e-05	40
6.35e-05	32
6.36e-05	40
6.37e-05	40
6.38e-05	48
6.39e-05	32
6.4e-05	48
6.41e-05	48
6.42e-05	48
6.43e-05	48
6.44e-05	40
6.45e-05	32
6.46e-05	-88
6.47e-05	-152
6.48e-05	-200
6.49e-05	-264
6.5e-05	-312
6.51e-05	-344
6.52e-05	-384
6.53e-05	-408
6.54e-05	-424
6.55e-05	-440
6.56e-05	-424
6.57e-05	-424
6.58e-05	-432
6.59e-05	-432
6.6e-05	-424
6.61e-05	-432
6.62e-05	-432
6.63e-05	-424
6.64e-05	-424
6.65e-05	-424
6.66e-05	-432
6.67e-05	-432
6.68e-05	-424
6.69e-05	-432
6.7e-05	-416
6.71e-05	-440
6.72e-05	-424
6.73e-05	-424
6.74e-05	-424
6.75e-05	-432
6.76e-05	-440
6.77e-05	-432
6.78e-05	-432
6.79e-05	-432
6.8e-05	-440
6.81e-05	-424
6.82e-05	-440
6.83e-05	-432
6.84e-05	-432
6.85e-05	-424
6.86e-05	-432
6.87e-05	-432
6.88e-05	-432
6.89e-05	-432
6.9e-05	-440
6.91e-05	-424
6.92e-05	-440
6.93e-05	-432
6.94e-05	-432
6.95e-05	-432
6.96e-05	-432
6.97e-05	-440
6.98e-05	-432
6.99e-05	-432
7e-05	-440
7.01e-05	-432
7.02e-05	-432
7.03e-05	-432
7.04e-05	-440
7.05e-05	-432
7.06e-05	-424
7.07e-05	-432
7.08e-05	-424
7.09e-05	-424
7.1e-05	-432
7.11e-05	-424
7.12e-05	-440
7.13e-05	-432
7.14e-05	-432
7.15e-05	-432
7.16e-05	-432
7.17e-05	-432
7.18e-05	-440
7.19e-05	-424
7.2e-05	-432
7.21e-05	-424
7.22e-05	-432
7.23e-05	-424
7.24e-05	-424
7.25e-05	-432
7.26e-05	-424
7.27e-05	-416
7.28e-05	-424
7.29e-05	-408
7.3e-05	-408
7.31e-05	-408
7.32e-05	-416
7.33e-05	-408
7.34e-05	-416
7.35e-05	-408
7.36e-05	-416
7.37e-05	-400
7.38e-05	-400
7.39e-05	-400
7.4e-05	-400
7.41e-05	-400
7.42e-05	-392
7.43e-05	-384
7.44e-05	-392
7.45e-05	-384
7.46e-05	-376
7.47e-05	-392
7.48e-05	-384
7.49e-05	-392
7.5e-05	-392
7.51e-05	-392
7.52e-05	-384
7.53e-05	-392
7.54e-05	-384
7.55e-05	-384
7.56e-05	-392
7.57e-05	-384
7.58e-05	-376
7.59e-05	-384
7.6e-05	-384
7.61e-05	-384
7.62e-05	-376
7.63e-05	-376
7.64e-05	-376
7.65e-05	-376
7.66e-05	-384
7.67e-05	-368
7.68e-05	-360
7.69e-05	-384
7.7e-05	-376
7.71e-05	-376
7.72e-05	-368
7.73e-05	-360
7.74e-05	-368
7.75e-05	-360
7.76e-05	-368
7.77e-05	-368
7.78e-05	-360
7.79e-05	-360
7.8e-05	-344
7.81e-05	-360
7.82e-05	-352
7.83e-05	-360
7.84e-05	-352
7.85e-05	-360
7.86e-05	-352
7.87e-05	-352
7.88e-05	-360
7.89e-05	-360
7.9e-05	-360
7.91e-05	-352
7.92e-05	-360
7.93e-05	-360
7.94e-05	-344
7.95e-05	-352
7.96e-05	-344
7.97e-05	-352
7.98e-05	-352
7.99e-05	-352
8e-05	-344
8.01e-05	-344
8.02e-05	-352
8.03e-05	-352
8.04e-05	-136
8.05e-05	248
8.06e-05	16
8.07e-05	-56
8.08e-05	88
8.09e-05	72
8.1e-05	0
8.11e-05	24
8.12e-05	48
8.13e-05	40
8.14e-05	24
8.15e-05	32
8.16e-05	48
8.17e-05	32
8.18e-05	32
8.19e-05	40
8.2e-05	56
8.21e-05	40
8.22e-05	40
8.23e-05	48
8.24e-05	40
8.25e-05	48
8.26e-05	48
8.27e-05	48
8.28e-05	48
8.29e-05	40
8.3e-05	40
8.31e-05	48
8.32e-05	48
8.33e-05	32
8.34e-05	48
8.35e-05	40
8.36e-05	56
8.37e-05	40
8.38e-05	48
8.39e-05	40
8.4e-05	48
8.41e-05	40
8.42e-05	48
8.43e-05	40
8.44e-05	48
8.45e-05	-16
8.46e-05	-128
8.47e-05	-168
8.48e-05	-208
8.49e-05	-280
8.5e-05	-312
8.51e-05	-360
8.52e-05	-384
8.53e-05	-416
8.54e-05	-440
8.55e-05	-440
8.56e-05	-432
8.57e-05	-432
8.58e-05	-424
8.59e-05	-424
8.6e-05	-432
8.61e-05	-424
8.62e-05	-440
8.63e-05	-424
8.64e-05	-432
8.65e-05	-424
8.66e-05	-424
8.67e-05	-416
8.68e-05	-440
8.69e-05	-432
8.7e-05	-432
8.71e-05	-432
8.72e-05	-440
8.73e-05	-432
8.74e-05	-432
8.75e-05	-432
8.76e-05	-432
8.77e-05	-424
8.78e-05	-432
8.79e-05	-432
8.8e-05	-432
8.81e-05	-440
8.82e-05	-432
8.83e-05	-440
8.84e-05	-440
8.85e-05	-432
8.86e-05	-424
8.87e-05	-440
8.88e-05	-432
8.89e-05	-432
8.9e-05	-432
8.91e-05	-440
8.92e-05	-432
8.93e-05	-440
8.94e-05	-424
8.95e-05	-432
8.96e-05	-432
8.97e-05	-440
8.98e-05	-424
8.99e-05	-432
9e-05	-440
9.01e-05	-432
9.02e-05	-440
9.03e-05	-424
9.04e-05	-424
9.05e-05	-432
9.06e-05	-424
9.07e-05	-432
9.08e-05	-432
9.09e-05	-440
9.1e-05	-424
9.11e-05	-440
9.12e-05	-424
9.13e-05	-440
9.14e-05	-432
9.15e-05	-432
9.16e-05	-432
9.17e-05	-440
9.18e-05	-432
9.19e-05	-440
9.2e-05	-424
9.21e-05	-432
9.22e-05	-416
9.23e-05	-424
9.24e-05	-424
9.25e-05	-424
9.26e-05	-416
9.27e-05	-416
9.28e-05	-408
9.29e-05	-416
9.3e-05	-416
9.31e-05	-416
9.32e-05	-416
9.33e-05	-400
9.34e-05	-416
9.35e-05	-408
9.36e-05	-408
9.37e-05	-408
9.38e-05	-408
9.39e-05	-400
9.4e-05	-392
9.41e-05	-400
9.42e-05	-392
9.43e-05	-400
9.44e-05	-392
9.45e-05	-392
9.46e-05	-392
9.47e-05	-384
9.48e-05	-392
9.49e-05	-392
9.5e-05	-400
9.51e-05	-376
9.52e-05	-376
9.53e-05	-392
9.54e-05	-392
9.55e-05	-384
9.56e-05	-376
9.57e-05	-384
9.58e-05	-392
9.59e-05	-376
9.6e-05	-376
9.61e-05	-384
9.62e-05	-376
9.63e-05	-376
9.64e-05	-376
9.65e-05	-368
9.66e-05	-376
9.67e-05	-368
9.68e-05	-368
9.69e-05	-376
9.7e-05	-360
9.71e-05	-376
9.72e-05	-368
9.73e-05	-368
9.74e-05	-368
9.75e-05	-368
9.76e-05	-368
9.77e-05	-368
9.78e-05	-360
9.79e-05	-368
9.8e-05	-360
9.81e-05	-360
9.82e-05	-368
9.83e-05	-352
9.84e-05	-352
9.85e-05	-360
9.86e-05	-368
9.87e-05	-352
9.88e-05	-360
9.89e-05	-360
9.9e-05	-368
9.91e-05	-360
9.92e-05	-352
9.93e-05	-352
9.94e-05	-344
9.95e-05	-352
9.96e-05	-336
9.97e-05	-344
9.98e-05	-352
9.99e-05	-344
0.0001	-344
0.0001001	-344
0.0001002	-336
0.0001003	-360
0.0001004	136
0.0001005	192
0.0001006	-72
0.0001007	24
0.0001008	104
0.0001009	32
0.000101	8
0.0001011	40
0.0001012	56
0.0001013	32
0.0001014	32
0.0001015	40
0.0001016	48
0.0001017	48
0.0001018	40
0.0001019	40
0.000102	48
0.0001021	40
0.0001022	32
0.0001023	40
0.0001024	48
0.0001025	40
0.0001026	40
0.0001027	32
0.0001028	40
0.0001029	40
0.000103	48
0.0001031	40
0.0001032	48
0.0001033	48
0.0001034	56
0.0001035	48
0.0001036	48
0.0001037	48
0.0001038	56
0.0001039	48
0.000104	40
0.0001041	48
0.0001042	48
0.0001043	40
0.0001044	32
0.0001045	-64
0.0001046	-152
0.0001047	-176
0.0001048	-248
0.0001049	-288
0.000105	-328
0.0001051	-368
0.0001052	-408
0.0001053	-424
0.0001054	-432
0.0001055	-416
0.0001056	-424
0.0001057	-432
0.0001058	-432
0.0001059	-432
0.000106	-432
0.0001061	-440
0.0001062	-432
0.0001063	-440
0.0001064	-424
0.0001065	-432
0.0001066	-432
0.0001067	-432
0.0001068	-432
0.0001069	-424
0.000107	-432
0.0001071	-424
0.0001072	-432
0.0001073	-424
0.0001074	-432
0.0001075	-424
0.0001076	-424
0.0001077	-432
0.0001078	-432
0.0001079	-432
0.000108	-440
0.0001081	-432
0.0001082	-432
0.0001083	-440
0.0001084	-432
0.0001085	-432
0.0001086	-432
0.0001087	-432
0.0001088	-432
0.0001089	-440
0.000109	-432
0.0001091	-432
0.0001092	-424
0.0001093	-424
0.0001094	-432
0.0001095	-424
0.0001096	-432
0.0001097	-424
0.0001098	-432
0.0001099	-432
0.00011	-432
0.0001101	-432
0.0001102	-440
0.0001103	-432
0.0001104	-432
0.0001105	-432
0.0001106	-440
0.0001107	-432
0.0001108	-432
0.0001109	-432
0.000111	-440
0.0001111	-432
0.0001112	-432
0.0001113	-432
0.0001114	-440
0.0001115	-432
0.0001116	-424
0.0001117	-432
0.0001118	-432
0.0001119	-432
0.000112	-424
0.0001121	-432
0.0001122	-432
0.0001123	-432
0.0001124	-424
0.0001125	-424
0.0001126	-416
0.0001127	-416
0.0001128	-416
0.0001129	-416
0.000113	-408
0.0001131	-408
0.0001132	-400
0.0001133	-408
0.0001134	-408
0.0001135	-408
0.0001136	-400
0.0001137	-408
0.0001138	-400
0.0001139	-400
0.000114	-400
0.0001141	-408
0.0001142	-392
0.0001143	-392
0.0001144	-400
0.0001145	-392
0.0001146	-392
0.0001147	-392
0.0001148	-392
0.0001149	-384
0.000115	-384
0.0001151	-392
0.0001152	-392
0.0001153	-392
0.0001154	-384
0.0001155	-384
0.0001156	-376
0.0001157	-384
0.0001158	-376
0.0001159	-376
0.000116	-384
0.0001161	-384
0.0001162	-384
0.0001163	-376
0.0001164	-360
0.0001165	-368
0.0001166	-376
0.0001167	-376
0.0001168	-376
0.0001169	-376
0.000117	-360
0.0001171	-376
0.0001172	-376
0.0001173	-368
0.0001174	-368
0.0001175	-360
0.0001176	-352
0.0001177	-368
0.0001178	-360
0.0001179	-360
0.000118	-368
0.0001181	-360
0.0001182	-360
0.0001183	-352
0.0001184	-360
0.0001185	-368
0.0001186	-352
0.0001187	-352
0.0001188	-360
0.0001189	-360
0.000119	-352
0.0001191	-360
0.0001192	-336
0.0001193	-352
0.0001194	-352
0.0001195	-352
0.0001196	-352
0.0001197	-352
0.0001198	-344
0.0001199	-352
0.00012	-352
0.0001201	-360
0.0001202	-352
0.0001203	-272
0.0001204	232
0.0001205	72
0.0001206	-88
0.0001207	72
0.0001208	80
0.0001209	16
0.000121	16
0.0001211	56
0.0001212	48
0.0001213	24
0.0001214	32
0.0001215	56
0.0001216	48
0.0001217	32
0.0001218	32
0.0001219	40
0.000122	40
0.0001221	48
0.0001222	32
0.0001223	40
0.0001224	40
0.0001225	48
0.0001226	40
0.0001227	40
0.0001228	48
0.0001229	48
0.000123	40
0.0001231	32
0.0001232	40
0.0001233	40
0.0001234	48
0.0001235	48
0.0001236	48
0.0001237	48
0.0001238	48
0.0001239	40
0.000124	48
0.0001241	48
0.0001242	48
0.0001243	32
0.0001244	-8
0.0001245	-104
0.0001246	-152
0.0001247	-208
0.0001248	-280
0.0001249	-304
0.000125	-344
0.0001251	-392
0.0001252	-416
0.0001253	-432
0.0001254	-432
0.0001255	-432
0.0001256	-424
0.0001257	-424
0.0001258	-432
0.0001259	-432
0.000126	-424
0.0001261	-424
0.0001262	-424
0.0001263	-432
0.0001264	-432
0.0001265	-424
0.0001266	-432
0.0001267	-424
0.0001268	-432
0.0001269	-432
0.000127	-424
0.0001271	-432
0.0001272	-424
0.0001273	-432
