0.0	546376.0
20000.000000000193	915.4255042998888
40000.000000000386	1553.128992540852
60000.00000000058	1323.0232480849165
80000.00000000077	1761.2941843786666
100000.00000000096	997.392665004615
120000.00000000116	1455.2793988251367
140000.00000000134	2499.2797204607805
160000.00000000154	3847.995100583312
180000.00000000175	7533.812482027896
200000.00000000192	366835.251483747
220000.00000000212	7844.195375554332
240000.00000000233	3877.571867528088
260000.0000000025	2875.771747889694
280000.0000000027	1950.573588645118
300000.0000000029	2036.2807662666278
320000.0000000031	1662.1613630658715
340000.00000000326	2018.7156132247285
360000.0000000035	1849.8096056484283
380000.00000000367	2285.0718247598147
400000.00000000384	35686.38986704965
420000.0000000041	663.6775229898609
440000.00000000425	444.4076860319476
460000.0000000044	785.9729783818867
480000.00000000466	869.3742271412711
500000.00000000483	409.1384085312299
520000.000000005	1888.4181093007653
540000.0000000052	1963.8297488146834
560000.0000000054	2892.8659886885903
580000.0000000056	5590.048571079742
600000.0000000058	105993.4231599824
620000.0000000059	7215.821738517801
640000.0000000062	3714.658898910378
660000.0000000064	2546.0121598024675
680000.0000000065	2264.6619723107333
700000.0000000068	1951.5735535325355
720000.000000007	1739.1395046271869
740000.0000000071	1956.0312983034764
760000.0000000073	2285.712603435814
780000.0000000076	3610.743016763464
800000.0000000077	36973.42943379211
820000.0000000079	3079.8268843515707
840000.0000000081	1271.4066859940444
860000.0000000083	851.2462014650208
880000.0000000085	741.2834784359707
900000.0000000087	1045.2952846020246
920000.0000000088	802.9853853041112
940000.0000000091	1269.5153967236347
960000.0000000093	2288.7594250527177
980000.0000000094	4288.896677147354
1000000.0000000097	48841.16796844732
1020000.0000000098	5545.695870605694
1040000.00000001	3114.7289406084615
1060000.0000000102	2335.2836284785276
1080000.0000000105	2134.808209235902
1100000.0000000107	1713.1152615130402
1120000.0000000107	1567.6902143905747
1140000.000000011	2116.95430916255
1160000.0000000112	2773.790861627125
1180000.0000000114	4368.3292901137
1200000.0000000116	37433.925864515026
1220000.0000000119	4885.240657019249
1240000.0000000119	2351.7507331812417
1260000.000000012	1834.9302470151147
1280000.0000000123	1317.034493466953
1300000.0000000126	1209.176365270532
1320000.0000000128	1300.5042695293218
1340000.0000000128	1503.675425362593
1360000.000000013	2131.4479378430105
1380000.0000000133	3229.6664654678525
1400000.0000000135	28765.796036525942
1420000.0000000137	4897.765992109576
1440000.000000014	2570.26109211863
1460000.000000014	1930.7696823408785
1480000.0000000142	1903.0333822590642
1500000.0000000144	1499.7281377294232
1520000.0000000147	2133.6622924936028
1540000.000000015	2458.004411603614
1560000.0000000151	3059.8757694772503
1580000.0000000151	4999.2320323448785
1600000.0000000154	36044.67099794733
1620000.0000000156	7304.840133770036
1640000.0000000158	3375.1002270917015
1660000.000000016	2223.679309408599
1680000.0000000163	2100.9354509094364
1700000.0000000163	1700.8159067762065
1720000.0000000165	1859.0440728340618
1740000.0000000168	1946.5693205434454
1760000.000000017	2377.8890452509845
1780000.0000000172	4192.066787522422
1800000.0000000175	26036.147437813524
1820000.0000000175	5937.042943748491
1840000.0000000177	2666.9327246988505
1860000.000000018	1835.429304659522
1880000.0000000182	1823.977920823039
1900000.0000000184	1279.5295662923622
1920000.0000000186	1721.6175001908505
1940000.0000000186	1955.8428316823433
1960000.0000000189	3045.3966801509787
1980000.000000019	5133.653301378238
2000000.0000000193	31011.71987333355
2020000.0000000196	8961.205044207318
2040000.0000000196	4135.6499866527265
2060000.0000000198	2881.9073187947256
2080000.00000002	2437.1829911151863
2100000.00000002	2556.096387344773
2120000.0000000205	2207.0881851393583
2140000.0000000205	2735.8040837600097
2160000.000000021	3467.022051972948
2180000.000000021	6229.06152509561
2200000.0000000214	31954.2212685481
2220000.0000000214	9581.04678645521
2240000.0000000214	4475.653229077604
2260000.000000022	2728.3602597818945
2280000.000000022	2624.806233754036
2300000.0000000224	1928.5332972814483
2320000.0000000224	2380.5788426899817
2340000.0000000224	2829.6653651327497
2360000.000000023	3542.0632287587086
2380000.000000023	6190.562330686055
2400000.0000000233	30837.252150300297
2420000.0000000233	10665.855605368908
2440000.0000000237	4833.354727829114
2460000.0000000237	3519.1379141908774
2480000.0000000237	2782.0883586123355
2500000.000000024	2587.2272915982358
2520000.000000024	2615.3690521265644
2540000.0000000247	3683.0443109940607
2560000.0000000247	4266.050038812862
2580000.0000000247	7594.249785725923
2600000.000000025	33606.50758427556
2620000.000000025	12014.475709263981
2640000.0000000256	4972.389113527759
2660000.0000000256	3776.545740422136
2680000.0000000256	3327.358739913842
2700000.000000026	2344.891831644016
2720000.000000026	2733.2572488819333
2740000.0000000265	3269.384448797293
2760000.0000000265	3582.701798186919
2780000.000000027	6386.66982541053
2800000.000000027	26221.38588195757
2820000.000000027	10834.52565623579
2840000.0000000275	4198.740913226156
2860000.0000000275	2886.348441813781
2880000.000000028	3054.0136536572663
2900000.000000028	2308.071132404953
2920000.000000028	2160.2514506478665
2940000.0000000284	2360.5026623995695
2960000.0000000284	2753.213362676429
2980000.000000029	5062.246698762178
3000000.000000029	21532.057196694408
3020000.0000000293	9862.750857794075
3040000.0000000293	3772.365899360236
3060000.0000000293	2916.413186889217
3080000.00000003	2377.684105257544
3100000.00000003	2398.3904318371096
3120000.0000000303	1883.671895919289
3140000.0000000303	2439.1832814383365
3160000.0000000303	2830.2752717052676
3180000.0000000307	4942.1164692234815
3200000.0000000307	19484.673789861212
3220000.000000031	9094.901231082125
3240000.000000031	4074.8146074322262
3260000.000000031	2498.3536412352755
3280000.0000000317	2249.9979321000437
3300000.0000000317	1865.00193395122
3320000.000000032	1314.603184108104
3340000.000000032	1208.1946980747027
3360000.0000000326	1675.4746405130709
3380000.0000000326	2948.7803931334797
3400000.0000000326	10560.418557546936
3420000.000000033	5929.239220487519
3440000.000000033	2211.779143840886
3460000.0000000335	1714.4784711030497
3480000.0000000335	1527.69741751997
3500000.0000000335	1511.6110865799267
3520000.000000034	1629.1229157528142
3540000.000000034	1077.7612422431084
3560000.0000000345	2085.0073652079395
3580000.0000000345	3589.428234184776
3600000.000000035	12865.156588713315
3620000.000000035	7785.583535131166
3640000.000000035	2629.011441682409
3660000.0000000354	1911.6767984026292
3680000.0000000354	1675.3280216319615
3700000.000000036	1194.2993214096518
3720000.000000036	1427.654124933225
3740000.000000036	1421.269653802295
3760000.0000000363	1516.4363852580066
3780000.0000000363	1964.7155547248244
3800000.000000037	6325.907762004904
3820000.000000037	3991.2792230660716
3840000.0000000373	1296.4981068338589
3860000.0000000373	616.96630060688
3880000.0000000373	697.866548047553
3900000.0000000377	850.9838987693087
3920000.0000000377	496.24397390636653
3940000.000000038	1443.245691946485
3960000.000000038	1563.8061339906508
3980000.000000038	2557.3183844647865
4000000.0000000386	8186.317634097899
4020000.0000000386	5880.011022927702
4040000.000000039	1579.752851810784
4060000.000000039	1551.215391919705
4080000.000000039	1241.2330618627761
4100000.0000000396	913.1766748971004
4120000.0000000396	898.1976905106362
4140000.00000004	720.7731458408646
4160000.00000004	1107.673584818934
4180000.0000000405	1572.223998969782
4200000.00000004	4369.456820553803
4220000.000000041	2686.3905460233586
4240000.000000041	879.6280022025238
4260000.000000041	373.2067109480724
4280000.000000041	339.9519468201004
4300000.000000042	813.7165489047351
4320000.000000042	707.134554968779
4340000.000000042	739.4087517457217
4360000.000000042	1298.933939215882
4380000.000000042	1361.6596357201754
4400000.000000043	4774.007270520913
4420000.000000043	3879.1951534642462
4440000.000000043	1626.6755253852011
4460000.000000043	1106.9613124387417
4480000.000000043	912.9700048587688
4500000.000000044	501.09186155978034
4520000.000000044	835.328079480503
4540000.000000044	760.1618820258258
4560000.000000044	561.430740658498
4580000.000000044	901.0335168353377
4600000.000000045	3007.6699101852723
4620000.000000045	2178.7374698358535
4640000.000000045	655.6482658313815
4660000.000000045	727.5364777810286
4680000.000000045	469.1724715848539
4700000.000000046	218.86740909420035
4720000.000000046	139.05331332381277
4740000.000000046	662.122209512531
4760000.000000046	621.5291881123666
4780000.000000046	959.7924026651945
4800000.000000047	2580.334350932724
4820000.000000047	2912.219356838199
4840000.000000047	1261.6378755559579
4860000.000000047	588.0574112435328
4880000.0000000475	886.8693682678453
4900000.0000000475	265.97481181373985
4920000.0000000475	431.6258687278431
4940000.0000000475	361.4158603558667
4960000.0000000475	838.2046796622103
4980000.000000048	397.44356824017495
5000000.000000048	2347.7868243488997
5020000.000000048	2431.7538818391013
5040000.000000048	1084.9095182915212
5060000.000000048	426.19047538450707
5080000.000000049	328.4038566442375
5100000.000000049	152.4853908703315
5120000.000000049	550.4750068855537
5140000.000000049	414.5778162388735
5160000.000000049	488.59797330149223
5180000.00000005	777.3920372009655
5200000.00000005	2387.4724992778915
5220000.00000005	2795.896666339012
5240000.00000005	954.4703154181063
5260000.00000005	564.7616746409515
5280000.000000051	735.6337524042428
5300000.000000051	304.41087134990215
5320000.000000051	346.8839191405672
5340000.000000051	492.72778832390287
5360000.000000051	741.3121000469863
5380000.000000052	851.4609414277621
5400000.000000052	2302.513122888641
5420000.000000052	2954.925715413138
5440000.000000052	1182.0257056467683
5460000.000000053	1076.2739889089269
5480000.000000053	597.7023763363944
5500000.000000053	319.5788434434155
5520000.000000053	535.32585481354
5540000.000000053	238.73287538461733
5560000.000000054	224.47753820335757
5580000.000000054	819.5332702957803
5600000.000000054	2098.709343345004
5620000.000000054	3303.629781152334
5640000.000000054	963.1349156435999
5660000.000000055	733.2335530422735
5680000.000000055	644.7552925055428
5700000.000000055	465.8043352244739
5720000.000000055	427.6140808029153
5740000.000000055	567.3021328209088
5760000.000000056	105.49421861206451
5780000.000000056	796.8127521050857
5800000.000000056	2020.3234958702963
5820000.000000056	3136.674614381116
5840000.000000056	1000.2960208882903
5860000.000000057	757.7530243910784
5880000.000000057	782.6263474484555
5900000.000000057	452.16568554286687
5920000.000000057	359.92294278129
5940000.000000057	594.75241048517
5960000.000000058	798.0261260349146
5980000.000000058	1026.6956068447353
6000000.000000058	2106.9213677744733
6020000.000000058	3403.841374581542
6040000.000000059	1059.2316471543363
6060000.000000059	640.470248896566
6080000.000000059	496.3166924800548
6100000.000000059	381.33357136743075
6120000.000000059	78.32826632340155
6140000.00000006	124.54258085890935
6160000.00000006	370.4424056181244
6180000.00000006	955.6111869683347
6200000.00000006	1563.4939642368968
6220000.00000006	2939.72089025824
6240000.000000061	642.6599275392905
6260000.000000061	317.9744424587782
6280000.000000061	484.90443689465735
6300000.000000061	132.47180267585983
6320000.000000061	351.020532242158
6340000.0000000615	150.01895353729603
6360000.0000000615	530.2088921006064
6380000.0000000615	509.4177091205741
6400000.0000000615	1641.7553165170996
6420000.0000000615	2742.024794045496
6440000.000000062	994.5655087864957
6460000.000000062	409.06893865349696
6480000.000000062	399.23127381839197
6500000.000000062	371.9405382387864
6520000.000000062	261.57142507153947
6540000.000000063	552.8224665151694
6560000.000000063	1170.5769260788404
6580000.000000063	410.232661074417
6600000.000000063	1542.0018234933427
6620000.000000064	2731.5085678710593
6640000.000000064	756.5567318230544
6660000.000000064	602.452706766035
6680000.000000064	433.3314953848547
6700000.000000064	256.829735280011
6720000.000000065	229.60739673564183
6740000.000000065	182.5379173763055
6760000.000000065	148.79604036115563
6780000.000000065	609.7150609865312
6800000.000000065	1023.9423756264349
6820000.000000066	2478.3903048628918
6840000.000000066	313.54875029687804
6860000.000000066	513.0478034981719
6880000.000000066	277.1533734598193
6900000.000000066	471.8992622459177
6920000.000000067	52.337053447391746
6940000.000000067	648.4577762279873
6960000.000000067	76.87808413148258
6980000.000000067	449.35532237838396
7000000.000000067	903.7665047453621
7020000.000000068	1981.7667098995207
7040000.000000068	871.1220755242261
7060000.000000068	560.9841740340028
7080000.000000068	70.27096240944721
7100000.000000068	293.5857329904576
7120000.000000069	364.3059313187272
7140000.000000069	201.30449028471347
7160000.000000069	96.17124700239282
7180000.000000069	441.7575076654885
7200000.00000007	810.7487087035578
7220000.00000007	1861.7115250582178
7240000.00000007	248.18844218775283
7260000.00000007	151.83406092428143
7280000.00000007	104.79489755870279
7300000.000000071	371.8025209266616
7320000.000000071	156.70286963415248
7340000.000000071	265.56764684992265
7360000.000000071	298.8493099310871
7380000.000000071	611.811117907137
7400000.000000072	482.86587625775167
7420000.000000072	1734.0784287120546
7440000.000000072	254.94665490575204
7460000.000000072	96.02907896154262
7480000.000000072	311.0549473482002
7500000.000000073	286.58274228194006
7520000.000000073	211.56434595711315
7540000.000000073	114.12535127468661
7560000.000000073	268.20090497870586
7580000.000000073	843.5340437854675
7600000.000000074	754.8738911447887
7620000.000000074	1682.3223916544098
7640000.000000074	175.46603350445852
7660000.000000074	71.94641666938492
7680000.0000000745	36.07685398647836
7700000.0000000745	412.1110467589837
7720000.0000000745	261.62406400368036
7740000.0000000745	247.5815002646584
7760000.0000000745	596.909714035394
7780000.000000075	252.9904450423145
7800000.000000075	398.9159894592852
7820000.000000075	1467.6702264384994
7840000.000000075	157.49419346708638
7860000.000000075	167.44617261643407
7880000.000000076	88.8702083024995
7900000.000000076	245.51906517432485
7920000.000000076	228.94582586633854
7940000.000000076	343.168368799674
7960000.000000076	572.1735613518845
7980000.000000077	291.74680191120115
8000000.000000077	283.6043014874491
8020000.000000077	1496.9144571304803
8040000.000000077	220.52246090283907
8060000.000000077	69.00348097615056
8080000.000000078	238.41990295977146
8100000.000000078	103.8223821492165
8120000.000000078	107.95984539648323
8140000.000000078	75.00747355641374
8160000.000000078	430.59089741268053
8180000.000000079	88.9853774647527
8200000.000000079	812.7677751580223
8220000.000000079	1713.3024131604698
8240000.000000079	470.4629270350218
8260000.00000008	147.6295016902092
8280000.00000008	481.0333521320401
8300000.00000008	187.16749530949815
8320000.00000008	173.49750004011403
8340000.00000008	225.3003958456221
8360000.000000081	58.62635242712539
8380000.000000081	157.6247483627064
8400000.00000008	430.1990329387248
8420000.000000082	1614.618869738597
8440000.000000082	272.60567882619335
8460000.000000082	300.9613333639063
8480000.000000082	240.44852053460556
8500000.000000082	274.51320240354
8520000.000000082	233.6155104698111
8540000.000000082	307.69997372476485
8560000.000000082	113.20982202373669
8580000.000000082	208.86770035949854
8600000.000000084	140.07840356133303
8620000.000000084	1628.4956879941635
8640000.000000084	191.5015386826892
8660000.000000084	130.91418262052966
8680000.000000084	491.05471361314113
8700000.000000084	386.8630838641738
8720000.000000084	190.46270914237454
8740000.000000084	262.3757010020027
8760000.000000084	135.47143141130377
8780000.000000084	231.74947394757947
8800000.000000086	292.57435900157196
8820000.000000086	974.5996757400779
8840000.000000086	51.787683512555084
8860000.000000086	53.42130163286031
8880000.000000086	551.8937877687069
8900000.000000086	225.35531392898815
8920000.000000086	165.09485041675777
8940000.000000086	98.68781055450116
8960000.000000086	435.0050898171561
8980000.000000086	418.8466808316134
9000000.000000088	536.242175109384
9020000.000000088	1049.9319032320543
9040000.000000088	141.53609749344398
9060000.000000088	85.58421575316387
9080000.000000088	244.34372981893617
9100000.000000088	465.7620605396735
9120000.000000088	257.69924332192295
9140000.000000088	72.07741492884799
9160000.000000088	357.624986354691
9180000.00000009	144.78006407284047
9200000.00000009	312.89907634739427
9220000.00000009	1313.1562026512215
9240000.00000009	270.58149469304635
9260000.00000009	269.6971981508454
9280000.00000009	216.06759225842575
9300000.00000009	288.7075568509714
9320000.00000009	286.60007531161375
9340000.00000009	503.8902786643337
9360000.00000009	257.4950994651836
9380000.000000091	182.57938235366703
9400000.000000091	255.31559294367491
9420000.000000091	1607.7890952592977
9440000.000000091	124.27071947094929
9460000.000000091	198.51595236174197
9480000.000000091	53.292147983667405
9500000.000000091	222.68695932521243
9520000.000000091	102.32654003979516
9540000.000000091	237.51894061993232
9560000.000000091	264.9958145955061
9580000.000000093	138.13112755092953
9600000.000000093	868.3937590726204
9620000.000000093	1153.0666403862824
9640000.000000093	271.6844412069677
9660000.000000093	230.25456616271447
9680000.000000093	176.65683049940446
9700000.000000093	256.7998039333318
9720000.000000093	14.304520500755007
9740000.000000093	230.02444421085502
9760000.000000095	188.3124378042278
9780000.000000095	236.01492516822813
9800000.000000095	257.5475551499775
9820000.000000095	1088.0418300845138
9840000.000000095	156.00946639118993
9860000.000000095	375.4451036360236
9880000.000000095	101.73719516676326
9900000.000000095	326.62319605703874
9920000.000000095	155.57860779492677
9940000.000000095	213.29422543255606
9960000.000000097	97.9501645933011
9980000.000000097	255.61245815725718
10000000.000000097	329.4810693045748
10020000.000000097	1435.2475345055789
10040000.000000097	352.51253820137526
10060000.000000097	224.5401064461975
10080000.000000097	303.758118668075
10100000.000000097	80.61381448194406
10120000.000000097	68.42838027679262
10140000.000000097	317.96008328262343
10160000.000000099	149.52335725524446
10180000.000000099	49.80247307502243
10200000.000000099	314.84749683561466
10220000.000000099	959.19518007476
10240000.000000099	386.8019083103883
10260000.000000099	278.9994196979304
10280000.000000099	178.9296630881936
10300000.000000099	376.99397362755855
10320000.000000099	144.75739505606992
10340000.0000001	199.80978687077828
10360000.0000001	307.42888818039233
10380000.0000001	369.129704765518
10400000.0000001	414.00795277060604
10420000.0000001	790.6217357312248
10440000.0000001	507.8459161030148
10460000.0000001	135.80956224642844
10480000.0000001	122.04735805527237
10500000.0000001	306.2960545909207
10520000.0000001	276.5962444323963
10540000.000000102	113.50531912887425
10560000.000000102	122.12228173584255
10580000.000000102	195.54724419913657
10600000.000000102	416.1141329250704
10620000.000000102	454.86437671157944
10640000.000000102	439.53062600177117
10660000.000000102	263.8297430644551
10680000.000000102	308.63937216751106
10700000.000000102	251.5362653964815
10720000.000000102	228.0202322721304
10740000.000000104	229.59817190420642
10760000.000000104	358.5862443836541
10780000.000000104	236.3504325819509
10800000.000000104	449.71875927185533
10820000.000000104	579.0960023527681
10840000.000000104	221.50021047749848
10860000.000000104	367.607090366547
10880000.000000104	397.5576825003828
10900000.000000104	128.06144860144542
10920000.000000106	108.58716098916697
10940000.000000106	269.18416230843417
10960000.000000106	348.22128941082593
10980000.000000106	144.08104385448587
11000000.000000106	308.307256749498
11020000.000000106	785.1989179440765
11040000.000000106	243.66536296019564
11060000.000000106	87.60527229795036
11080000.000000106	226.10816736628414
11100000.000000106	447.51400136782604
11120000.000000108	683.414561425946
11140000.000000108	351.17538036179997
11160000.000000108	240.9671600283682
11180000.000000108	386.1901304752684
11200000.000000108	552.1648861789403
11220000.000000108	267.5278125697223
11240000.000000108	98.24549150055037
11260000.000000108	87.96026920015814
11280000.000000108	254.5029708326548
11300000.000000108	102.81271183111365
11320000.00000011	308.32254590093675
11340000.00000011	366.02613679286173
11360000.00000011	43.859147674146
11380000.00000011	70.75023373852498
11400000.00000011	247.05333828203896
11420000.00000011	719.3598225303019
11440000.00000011	249.7245576554216
11460000.00000011	212.59937555643123
11480000.00000011	57.41368993102519
11500000.000000112	175.1865950309761
11520000.000000112	105.6043346520964
11540000.000000112	503.02270261324907
11560000.000000112	432.3607687661573
11580000.000000112	170.46689812798027
11600000.000000112	122.9262209543268
11620000.000000112	213.08439874338174
11640000.000000112	209.00082480762381
11660000.000000112	192.71226750751617
11680000.000000112	170.9620956221173
11700000.000000114	235.93673684762226
11720000.000000114	299.8491899616667
11740000.000000114	292.629050687685
11760000.000000114	246.53625065835672
11780000.000000114	208.43973388030156
11800000.000000114	360.6591048122822
11820000.000000114	691.2845582016243
11840000.000000114	130.8848382906533
11860000.000000114	93.2164954510423
11880000.000000114	168.19884820762914
11900000.000000115	223.2922530461968
11920000.000000115	130.7361565203282
11940000.000000115	149.51523574144753
11960000.000000115	516.5497037469528
11980000.000000115	223.92660362195997
12000000.000000115	200.310346567892
12020000.000000115	323.48536358510023
12040000.000000115	292.6219842328318
12060000.000000115	265.5626701073235
12080000.000000117	112.64436177699609
12100000.000000117	189.45759463783986
12120000.000000117	385.64520421674575
12140000.000000117	345.8613595195009
12160000.000000117	51.51605472788946
12180000.000000117	345.0023274050859
12200000.000000117	404.634495462689
12220000.000000117	535.9798104335853
12240000.000000117	175.69001984196524
12260000.000000117	310.64875684206856
12280000.00000012	317.5778862648186
12300000.00000012	259.5300522720947
12320000.00000012	455.54134126067015
12340000.00000012	332.5590069891084
12360000.00000012	243.10935721143625
12380000.00000012	470.1644898943952
12400000.00000012	309.53029047120856
12420000.00000012	593.6289311575159
12440000.00000012	375.5828303348435
12460000.00000012	246.2629692629324
12480000.000000121	180.5897137335264
12500000.000000121	368.78177829171574
12520000.000000121	60.53738901344609
12540000.000000121	228.63125029061007
12560000.000000121	234.67996226354674
12580000.000000121	151.44396987668904
12600000.000000121	265.72798132918797
12620000.000000121	515.7037375512626
12640000.000000121	232.9940421621646
12660000.000000123	148.69576141648372
12680000.000000123	233.82292127740644
12700000.000000123	306.27791565810395
12720000.000000123	214.30437089804272
12740000.000000123	169.82971431740916
12760000.000000123	193.9581774064135
12780000.000000123	148.42013647717792
12800000.000000123	159.82774921618446
12820000.000000123	153.51477251653475
12840000.000000123	328.08274907694266
12860000.000000125	134.41532034752012
12880000.000000125	387.10798120580057
12900000.000000125	115.2406735722475
12920000.000000125	99.14102385890729
12940000.000000125	402.40913085738276
12960000.000000125	268.2891193597131
12980000.000000125	146.97943940195836
13000000.000000125	361.62702140731983
13020000.000000125	221.0339284164414
13040000.000000125	118.2373180131126
13060000.000000127	64.83637601514184
13080000.000000127	179.26814032463167
13100000.000000127	141.14909947860573
13120000.000000127	159.17596566102378
13140000.000000127	659.6134974510355
13160000.000000127	400.763030802876
13180000.000000127	376.34851053439763
13200000.000000127	304.32713339699797
13220000.000000127	142.03473998096817
13240000.000000129	218.31408475475817
13260000.000000129	173.52171492853213
13280000.000000129	233.33793692540138
13300000.000000129	264.26278049462053
13320000.000000129	384.7866178327281
13340000.000000129	132.31097713328313
13360000.000000129	413.2271735822698
13380000.000000129	181.36022055523716
13400000.000000129	241.7649306475696
13420000.000000129	39.20855600511584
13440000.00000013	380.584315164109
13460000.00000013	342.3043817804641
13480000.00000013	231.9686432110168
13500000.00000013	280.7681992915435
13520000.00000013	393.14099178510213
13540000.00000013	75.1655889996163
13560000.00000013	393.2725201064337
13580000.00000013	374.2513508010436
13600000.00000013	285.0930767436639
13620000.00000013	113.61366892218899
13640000.000000132	95.26815187417637
13660000.000000132	286.4256134609574
13680000.000000132	159.5661453166834
13700000.000000132	274.869616185269
13720000.000000132	336.8786739552185
13740000.000000132	161.18668569902638
13760000.000000132	258.79319382677403
13780000.000000132	108.21837825829373
13800000.000000132	74.37497043711315
13820000.000000134	176.9688842166205
13840000.000000134	342.1813740828315
13860000.000000134	348.86540083846745
13880000.000000134	139.9020501853781
13900000.000000134	321.08279258736667
13920000.000000134	88.05590639027707
13940000.000000134	152.78018862586254
13960000.000000134	303.69404720468475
13980000.000000134	70.8018237389096
14000000.000000134	101.2459699384352
14020000.000000136	608.0704923735666
14040000.000000136	128.8740102284336
14060000.000000136	260.37759823510976
14080000.000000136	496.60569643212756
14100000.000000136	46.55440493795924
14120000.000000136	233.49156737206815
14140000.000000136	229.91009517023346
14160000.000000136	354.2866310283607
14180000.000000136	197.35942343609568
14200000.000000136	187.15353060027212
14220000.000000138	217.36855523584472
14240000.000000138	272.41998224913374
14260000.000000138	418.7816156230573
14280000.000000138	124.10338754267316
14300000.000000138	268.04959957228874
14320000.000000138	440.87970535519713
14340000.000000138	91.50234313430063
14360000.000000138	164.03032232258488
14380000.000000138	151.09858597689552
14400000.00000014	296.54405189618467
14420000.00000014	316.45960547265
14440000.00000014	453.8221381040067
14460000.00000014	400.70950163379894
14480000.00000014	349.653711901694
14500000.00000014	43.616202852003866
14520000.00000014	303.478394450587
14540000.00000014	362.65638433532513
14560000.00000014	215.20542636671428
14580000.00000014	149.32252779555614
14600000.000000142	214.22084930772053
14620000.000000142	404.7673140224555
14640000.000000142	265.9658116288986
14660000.000000142	303.60518444303847
14680000.000000142	116.85880024356175
14700000.000000142	146.76688123873123
14720000.000000142	328.7757065811043
14740000.000000142	93.43941096958623
14760000.000000142	498.53385044534224
14780000.000000142	61.6658164531243
14800000.000000143	100.01784154891546
14820000.000000143	364.64306627014935
14840000.000000143	245.93358242171686
14860000.000000143	261.6509955764649
14880000.000000143	220.5608454046183
14900000.000000143	118.5647544063644
14920000.000000143	236.9848504093258
14940000.000000143	209.56374843705808
14960000.000000143	170.94935173729831
14980000.000000145	217.19454071377118
15000000.000000145	390.3959879579859
15020000.000000145	36.422680018027414
15040000.000000145	401.9228585780042
15060000.000000145	374.48028157040557
15080000.000000145	116.72147751891958
15100000.000000145	90.75901635466879
15120000.000000145	251.34951384409797
15140000.000000145	552.0360864153977
15160000.000000145	177.02032582131554
15180000.000000147	280.05976568744705
15200000.000000147	358.28163414918373
15220000.000000147	112.81344264123355
15240000.000000147	416.7034605342052
15260000.000000147	114.54585010491196
15280000.000000147	548.2119443194675
15300000.000000147	237.47267104676186
15320000.000000147	291.96986199999424
15340000.000000147	336.176898976136
15360000.000000149	465.97635243849817
15380000.000000149	269.13815588740425
15400000.000000149	219.41632014766174
15420000.000000149	150.62940290224975
15440000.000000149	121.16835378665253
15460000.000000149	44.63156793742562
15480000.000000149	59.61415909936104
15500000.000000149	76.59012303262428
15520000.000000149	292.581737290556
15540000.000000149	62.08252521569511
15560000.00000015	211.68312180796656
15580000.00000015	44.333814034678
15600000.00000015	110.2656169198806
15620000.00000015	391.2539320272889
15640000.00000015	146.2424084026289
15660000.00000015	746.6030268547728
15680000.00000015	197.63918733797695
15700000.00000015	205.94754917624067
15720000.00000015	193.55770778070237
15740000.00000015	329.9647878298859
15760000.000000153	275.03394334518396
15780000.000000153	290.41599596105067
15800000.000000153	473.9661897629813
15820000.000000153	216.48914918349666
15840000.000000153	221.24589258969223
15860000.000000153	292.22152375963714
15880000.000000153	146.43532424976976
15900000.000000153	225.47311512825814
15920000.000000153	306.8987180212128
15940000.000000155	265.9131681147555
15960000.000000155	163.6188937397235
15980000.000000155	29.461821550767265
16000000.000000155	442.6568750736682
16020000.000000155	290.4136473456292
16040000.000000155	253.52887022524024
16060000.000000155	84.92575960038425
16080000.000000155	377.03324516584587
16100000.000000155	418.0750101876413
16120000.000000155	21.721973954305323
16140000.000000156	338.68491774353834
16160000.000000156	374.4019161257472
16180000.000000156	171.05529307511068
16200000.000000156	209.6888980056
16220000.000000156	308.72049256016874
16240000.000000156	210.5488357775725
16260000.000000156	82.93816410492043
16280000.000000156	225.20098214928905
16300000.000000156	284.77470523381487
16320000.000000156	86.72366655671767
16340000.000000158	72.15222603549344
16360000.000000158	264.4197552436195
16380000.000000158	335.71092237836365
16400000.000000158	276.7751698069016
16420000.000000158	250.39183307204195
16440000.000000158	143.47313194502087
16460000.000000158	253.04568352608203
16480000.000000158	450.62856772540744
16500000.000000158	248.1725199778983
16520000.00000016	442.59277086092146
16540000.00000016	312.37009136624636
16560000.00000016	721.6305652644375
16580000.00000016	302.3007866462115
16600000.00000016	265.01650665654836
16620000.00000016	259.168906506559
16640000.00000016	574.0286360336879
16660000.00000016	808.0483130485601
16680000.00000016	427.6839691974066
16700000.00000016	428.51162605022205
16720000.000000162	115.57168221663504
16740000.000000162	283.002376626598
16760000.000000162	231.46252303946622
16780000.00000016	151.2820212037063
16800000.00000016	342.67573213881366
16820000.000000164	152.69117883229313
16840000.000000164	325.2301794517863
16860000.000000164	382.5551228334447
16880000.000000164	315.48448592921295
16900000.000000164	161.15902776630574
16920000.000000164	241.30300896649723
16940000.000000164	46.66615662090217
16960000.000000164	167.37839643346967
16980000.000000164	161.16414829391957
17000000.000000164	268.38941037385126
17020000.000000164	85.79099892049605
17040000.000000164	437.7528648000455
17060000.000000164	331.5984394748972
17080000.000000164	157.86075823011623
17100000.000000164	119.66959883515416
17120000.000000164	437.5869383222171
17140000.000000164	118.09662625756117
17160000.000000164	549.946772484231
17180000.000000164	85.82404644951188
17200000.000000168	72.00356459153325
17220000.000000168	143.6259348798187
17240000.000000168	203.32335747092122
17260000.000000168	164.01629478062952
17280000.000000168	79.75359501933494
17300000.000000168	320.6661654611302
17320000.000000168	238.46149840856617
17340000.000000168	168.13085374442562
17360000.000000168	247.61152409955386
17380000.000000168	182.9947517474599
17400000.000000168	179.89702637405486
17420000.000000168	342.2100205921173
17440000.000000168	105.45035474647175
17460000.000000168	421.7364953839335
17480000.000000168	262.33432061933826
17500000.000000168	114.44983986740631
17520000.000000168	202.51528306856972
17540000.000000168	138.24314615053913
17560000.000000168	75.74690387248411
17580000.000000168	86.44143511094858
17600000.00000017	371.1122272074481
17620000.00000017	333.8724951836502
17640000.00000017	213.20225452130558
17660000.00000017	235.5723766266763
17680000.00000017	575.8171932264257
17700000.00000017	365.98913670078275
17720000.00000017	269.8862153744223
17740000.00000017	324.2622201501079
17760000.00000017	82.7946007584777
17780000.00000017	353.35096089773856
17800000.00000017	357.8862862081106
17820000.00000017	294.61716863675724
17840000.00000017	161.38903734256706
17860000.00000017	258.75604078792816
17880000.00000017	436.63781405488555
17900000.00000017	773.6096090928927
17920000.00000017	197.4507960349439
17940000.00000017	59.340788168069295
17960000.00000017	272.2329741374915
17980000.000000175	699.8729712881574
18000000.000000175	61.48735902131752
18020000.000000175	282.6189283313234
18040000.000000175	164.70685965133572
18060000.000000175	241.18521693553322
18080000.000000175	109.17609307734146
18100000.000000175	82.1397169838635
18120000.000000175	201.46765223898558
18140000.000000175	139.26319631707545
18160000.000000175	217.3824549072436
18180000.000000175	455.68446348798943
18200000.000000175	450.35195225404453
18220000.000000175	166.73535477352186
18240000.000000175	305.41020206616673
18260000.000000175	215.48265200968555
18280000.000000175	91.07755538601083
18300000.000000175	445.2014198644209
18320000.000000175	299.7344563681009
18340000.000000175	231.69714258039605
18360000.00000018	146.77779396066782
18380000.00000018	280.1113435110288
18400000.00000018	74.82386393237171
18420000.00000018	175.55457400817676
18440000.00000018	259.99403639277693
18460000.00000018	126.0576337956166
18480000.00000018	151.31530127129426
18500000.00000018	174.53036749752434
18520000.00000018	365.92258419130417
18540000.00000018	154.52398145802317
18560000.00000018	86.60624964113596
18580000.00000018	594.137368743878
18600000.00000018	421.8310320722217
18620000.00000018	195.02550491944783
18640000.00000018	250.49597622937992
18660000.00000018	388.87576856632455
18680000.00000018	480.20421937766605
18700000.00000018	263.1891675864563
18720000.00000018	410.70478768457144
18740000.00000018	242.437588052967
18760000.000000183	265.1006489040015
18780000.000000183	351.53878072171443
18800000.000000183	419.56709550172906
18820000.000000183	357.73428724262453
18840000.000000183	398.5086402987847
18860000.000000183	184.45886792288647
18880000.000000183	396.1228024016468
18900000.000000183	95.54689500559195
18920000.000000183	53.49332189605203
18940000.000000183	223.93552174693772
18960000.000000183	174.93293067950268
18980000.000000183	238.83158970885137
19000000.000000183	398.18807371718987
19020000.000000183	235.79298198662585
19040000.000000183	340.8046406991607
19060000.000000183	20.1873177816269
19080000.000000183	293.4175766180627
19100000.000000183	132.99249262698825
19120000.000000183	183.97441281428962
19140000.000000186	369.83889361644043
19160000.000000186	118.15422137644318
19180000.000000186	339.5519689873
19200000.000000186	340.4188876549392
19220000.000000186	404.3848814724103
19240000.000000186	215.38997146412046
19260000.000000186	68.90234758006362
19280000.000000186	186.7573344591943
19300000.000000186	278.8570675980342
19320000.000000186	51.08554272048808
19340000.000000186	126.77753029682015
19360000.000000186	84.06460733208374
19380000.000000186	445.3974422310367
19400000.000000186	268.5685621946626
19420000.000000186	193.79299212514914
19440000.000000186	514.3400949716645
19460000.000000186	155.816497758488
19480000.000000186	318.12459753211505
19500000.000000186	660.1374382586127
19520000.00000019	70.24423958044143
19540000.00000019	505.2694845424598
19560000.00000019	162.42835806791717
19580000.00000019	549.9865387200306
19600000.00000019	86.10138224946621
19620000.00000019	214.13028517682852
19640000.00000019	171.90311495463908
19660000.00000019	114.86668920680886
19680000.00000019	306.5514638109642
19700000.00000019	565.1440826940989
19720000.00000019	229.7788398868739
19740000.00000019	286.8672857051041
19760000.00000019	216.83504922115947
19780000.00000019	88.68839437764326
19800000.00000019	92.98210830195264
19820000.00000019	280.63365774651413
19840000.00000019	292.91756795892877
19860000.00000019	317.80693540680005
19880000.00000019	176.6111075685988
19900000.00000019	203.07745556890995
19920000.000000194	198.72573801602155
19940000.000000194	203.18781126482673
19960000.000000194	268.4261898648064
19980000.000000194	175.3587977491702
20000000.000000194	496.5019888881884
20020000.000000194	276.84623109698543
20040000.000000194	441.92428207286036
20060000.000000194	60.59690500588191
20080000.000000194	26.36873883479229
20100000.000000194	438.1768572507193
20120000.000000194	365.60606360282964
20140000.000000194	122.5657700901819
20160000.000000194	104.54600960343151
20180000.000000194	241.10589927390419
20200000.000000194	1273.9384951815516
20220000.000000194	311.45097559442803
20240000.000000194	210.30994418267443
20260000.000000194	154.17362190258098
20280000.000000194	106.2971470297981
20300000.000000197	484.8979229735699
20320000.000000197	48.769922995434065
20340000.000000197	331.19310608605025
20360000.000000197	297.1156544056996
20380000.000000197	68.67059096582955
20400000.000000197	311.6984371738577
20420000.000000197	134.96496630263275
20440000.000000197	139.95198136683186
20460000.000000197	31.012796242395773
20480000.000000197	293.2694888704302
20500000.000000197	207.15392588126093
20520000.000000197	134.55328914598914
20540000.000000197	286.30584628726984
20560000.000000197	289.9702199751504
20580000.000000197	611.964262856255
20600000.000000197	157.64334840216333
20620000.000000197	201.27450458094987
20640000.000000197	594.829873076309
20660000.000000197	316.02932204421074
20680000.0000002	299.7280190137977
20700000.0000002	328.62746864743235
20720000.0000002	455.0458268482901
20740000.0000002	72.55110633864199
20760000.0000002	55.83991980231423
20780000.0000002	244.48506745004542
20800000.0000002	243.12902645948864
20820000.0000002	192.06313585184472
20840000.0000002	128.36561978185014
20860000.0000002	152.59211106386545
20880000.0000002	122.72866295295873
20900000.0000002	331.66685660827164
20920000.0000002	135.43463728293324
20940000.0000002	450.0883125931755
20960000.0000002	423.06980206731276
20980000.0000002	220.68851779375376
21000000.0000002	373.0276113069595
21020000.0000002	434.62257105884584
21040000.0000002	195.94564417940344
21060000.000000205	64.95975409391104
21080000.000000205	121.24562821028984
21100000.000000205	127.71878631682135
21120000.000000205	252.13553018682333
21140000.000000205	133.24078113129062
21160000.000000205	129.53664237648886
21180000.000000205	285.58285120146803
21200000.000000205	464.29524666191435
21220000.000000205	797.1267751848211
21240000.000000205	215.65156431602506
21260000.000000205	268.7096112921351
21280000.000000205	296.28637331875535
21300000.000000205	250.78850420650605
21320000.000000205	350.28314979380167
21340000.000000205	466.0537883395933
21360000.000000205	197.28247845687514
21380000.000000205	206.61514090188325
21400000.000000205	351.1846129910351
21420000.000000205	245.69786308734305
21440000.000000205	607.020342822349
21460000.00000021	119.30161924022086
21480000.00000021	208.45901709376048
21500000.00000021	178.4630199746679
21520000.00000021	508.1613888757079
21540000.00000021	187.89662641431684
21560000.00000021	155.41800605317866
21580000.00000021	197.1676492987725
21600000.00000021	185.00145034727475
21620000.00000021	143.00230034665583
21640000.00000021	249.65438609458195
21660000.00000021	260.0315968943951
21680000.00000021	333.50114869224905
21700000.00000021	154.162702378302
21720000.00000021	320.751676597056
21740000.00000021	163.91540307326582
21760000.00000021	543.8218635997616
21780000.00000021	146.99819122831548
21800000.00000021	293.55796773535155
21820000.00000021	209.84741296641243
21840000.000000212	244.8123965286361
21860000.000000212	242.7814694983483
21880000.000000212	388.12894380271695
21900000.000000212	220.51990811051078
21920000.000000212	206.14495863056712
21940000.000000212	252.92693500314007
21960000.000000212	251.08111784992596
21980000.000000212	28.648098112236916
22000000.000000212	177.75800496754803
22020000.000000212	215.67431797201945
22040000.000000212	234.29328974541744
22060000.000000212	263.96236715539703
22080000.000000212	212.71770367754579
22100000.000000212	246.66114419159385
22120000.000000212	301.27988188068235
22140000.000000212	87.76210160236917
22160000.000000212	291.60002787821253
22180000.000000212	226.0143645824999
22200000.000000212	268.76533938868226
22220000.000000216	684.0357477145184
22240000.000000216	82.62586822056736
22260000.000000216	92.6202146385503
22280000.000000216	367.4350300359102
22300000.000000216	347.501534907346
22320000.000000216	152.91912922763564
22340000.000000216	138.63297910841604
22360000.000000216	131.08771293043128
22380000.000000216	207.67141583088303
22400000.000000216	105.10089141388121
22420000.000000216	153.93517504699994
22440000.000000216	29.30968097799901
22460000.000000216	260.5647824493022
22480000.000000216	183.49359531144248
22500000.000000216	189.70110065507438
22520000.000000216	101.08700555941918
22540000.000000216	264.0830159769179
22560000.000000216	107.09963418167149
22580000.000000216	28.304249745168644
22600000.000000216	128.29911300566454
22620000.00000022	91.25158915985195
22640000.00000022	371.32676540688436
22660000.00000022	151.7861291711794
22680000.00000022	386.8470928453726
22700000.00000022	95.36915965610675
22720000.00000022	247.08870875963703
22740000.00000022	243.48283925775482
22760000.00000022	174.94362417938692
22780000.00000022	286.1435187361533
22800000.00000022	115.74287495634766
22820000.00000022	371.17666104683286
22840000.00000022	109.812003302018
22860000.00000022	288.11377105420166
22880000.00000022	171.41983206187524
22900000.00000022	160.1146747225944
22920000.00000022	363.392958596551
22940000.00000022	372.5432848062231
22960000.00000022	195.07956953902408
22980000.00000022	124.78431810659211
23000000.000000224	171.67150929888126
23020000.000000224	462.8127411192478
23040000.000000224	119.48712526785042
23060000.000000224	199.4748424006434
23080000.000000224	233.6712823384443
23100000.000000224	258.4630411273398
23120000.000000224	123.0584988699879
23140000.000000224	315.4316281938933
23160000.000000224	81.67495155857746
23180000.000000224	65.39210023556603
23200000.000000224	241.28336031082026
23220000.000000224	155.87105428094534
23240000.000000224	201.78229229817882
23260000.000000224	217.0160050310116
23280000.000000224	395.0619107186984
23300000.000000224	96.31594001875372
23320000.000000224	192.30643752988914
23340000.000000224	118.46247413087697
23360000.000000224	299.8271481149028
23380000.000000227	240.13252733324757
23400000.000000227	143.68101080738177
23420000.000000227	482.34174619389034
23440000.000000227	355.27712608786464
23460000.000000227	291.7921500508189
23480000.000000227	163.81585559919986
23500000.000000227	223.01070298993938
23520000.000000227	422.5689768601026
23540000.000000227	240.82018256820945
23560000.000000227	246.30257091311938
23580000.000000227	179.6575448968102
23600000.000000227	173.60497429356835
23620000.000000227	191.5410754872768
23640000.000000227	345.35898591834643
23660000.000000227	365.7727390533771
23680000.000000227	44.77323500730874
23700000.000000227	159.90158422114214
23720000.000000227	129.72317838505995
23740000.000000227	300.3576941467892
23760000.000000227	81.29462883067463
23780000.00000023	176.0542053175982
23800000.00000023	217.76933037905778
23820000.00000023	224.5581313371792
23840000.00000023	273.99210301328037
23860000.00000023	480.98767148416624
23880000.00000023	420.9928838532255
23900000.00000023	156.9659470552083
23920000.00000023	410.7665107037507
23940000.00000023	350.56204519343567
23960000.00000023	445.6235644271315
23980000.00000023	360.6474759683094
24000000.00000023	323.76897267933407
24020000.00000023	328.53487884470286
24040000.00000023	186.4969108279405
24060000.00000023	157.90505126244597
24080000.00000023	160.78465392182056
24100000.00000023	449.17884962311683
24120000.00000023	312.2274600776946
24140000.00000023	118.15696473643588
24160000.000000235	356.9116952135684
24180000.000000235	131.83727251304225
24200000.000000235	360.09904467642605
24220000.000000235	202.38473725103452
24240000.000000235	381.00574881886297
24260000.000000235	246.5974090070017
24280000.000000235	208.4933229341784
24300000.000000235	184.96796939159867
24320000.000000235	281.2079654518005
24340000.000000235	368.22358366240985
24360000.000000235	336.73958635716326
24380000.000000235	219.2607567757379
24400000.000000235	222.08685964668254
24420000.000000235	241.81414969319152
24440000.000000235	299.67102184936857
24460000.000000235	215.45298705963785
24480000.000000235	61.40581918480127
24500000.000000235	413.7009633799682
24520000.000000235	227.6412736884595
24540000.00000024	210.54629829347934
24560000.00000024	296.4172573863818
24580000.00000024	129.6175731806679
24600000.00000024	147.78403035474767
24620000.00000024	151.32782620222
24640000.00000024	160.81212936437143
24660000.00000024	373.96733798863767
24680000.00000024	312.5066503288224
24700000.00000024	196.73787444503222
24720000.00000024	148.23939951469578
24740000.00000024	447.4263936438833
24760000.00000024	113.94133993316053
24780000.00000024	327.49889085190864
24800000.00000024	310.9195914570691
24820000.00000024	245.0013645652841
24840000.00000024	238.52635284852502
24860000.00000024	275.02326203107293
24880000.00000024	296.9591005933911
24900000.00000024	93.20674303123711
24920000.00000024	295.9314842565773
24940000.000000242	109.64298574364686
24960000.000000242	212.2915466799295
24980000.000000242	176.0662357788913
-25000000.000000242	216.00000000001882
-24980000.000000242	176.06623577889195
-24960000.000000242	212.29154667992927
-24940000.000000242	109.64298574364616
-24920000.00000024	295.9314842565769
-24900000.00000024	93.20674303123734
-24880000.00000024	296.959100593391
-24860000.00000024	275.023262031073
-24840000.00000024	238.52635284852624
-24820000.00000024	245.00136456528347
-24800000.00000024	310.91959145706767
-24780000.00000024	327.49889085190847
-24760000.00000024	113.94133993316335
-24740000.00000024	447.42639364388356
-24720000.00000024	148.23939951469563
-24700000.00000024	196.73787444503202
-24680000.00000024	312.506650328825
-24660000.00000024	373.96733798863755
-24640000.00000024	160.812129364371
-24620000.00000024	151.32782620222068
-24600000.00000024	147.7840303547401
-24580000.00000024	129.61757318066796
-24560000.00000024	296.4172573863817
-24540000.00000024	210.54629829347917
-24520000.000000235	227.6412736884578
-24500000.000000235	413.70096337996836
-24480000.000000235	61.405819184801345
-24460000.000000235	215.45298705963765
-24440000.000000235	299.67102184936624
-24420000.000000235	241.8141496931923
-24400000.000000235	222.08685964668467
-24380000.000000235	219.26075677573826
-24360000.000000235	336.7395863571619
-24340000.000000235	368.22358366240996
-24320000.000000235	281.20796545180053
-24300000.000000235	184.96796939159887
-24280000.000000235	208.49332293417973
-24260000.000000235	246.5974090070011
-24240000.000000235	381.0057488188628
-24220000.000000235	202.38473725103532
-24200000.000000235	360.0990446764498
-24180000.000000235	131.83727251304407
-24160000.000000235	356.9116952135686
-24140000.00000023	118.15696473643594
-24120000.00000023	312.2274600776954
-24100000.00000023	449.17884962311706
-24080000.00000023	160.78465392182068
-24060000.00000023	157.90505126244594
-24040000.00000023	186.4969108279416
-24020000.00000023	328.5348788447025
-24000000.00000023	323.7689726793341
-23980000.00000023	360.6474759683089
-23960000.00000023	445.6235644271311
-23940000.00000023	350.5620451934353
-23920000.00000023	410.7665107037507
-23900000.00000023	156.96594705520795
-23880000.00000023	420.99288385322177
-23860000.00000023	480.98767148416664
-23840000.00000023	273.9921030132805
-23820000.00000023	224.55813133717842
-23800000.00000023	217.76933037906468
-23780000.00000023	176.05420531759913
-23760000.000000227	81.29462883067467
-23740000.000000227	300.35769414678833
-23720000.000000227	129.723178385059
-23700000.000000227	159.9015842211419
-23680000.000000227	44.7732350073086
-23660000.000000227	365.7727390533773
-23640000.000000227	345.35898591834246
-23620000.000000227	191.54107548727683
-23600000.000000227	173.6049742935669
-23580000.000000227	179.65754489681066
-23560000.000000227	246.3025709131181
-23540000.000000227	240.82018256820922
-23520000.000000227	422.5689768601025
-23500000.000000227	223.01070298993946
-23480000.000000227	163.81585559919995
-23460000.000000227	291.7921500508192
-23440000.000000227	355.27712608786493
-23420000.000000227	482.3417461938916
-23400000.000000227	143.68101080737813
-23380000.000000227	240.13252733324722
-23360000.000000224	299.8271481149028
-23340000.000000224	118.46247413087654
-23320000.000000224	192.3064375298893
-23300000.000000224	96.31594001875389
-23280000.000000224	395.06191071869904
-23260000.000000224	217.01600503101204
-23240000.000000224	201.78229229817882
-23220000.000000224	155.8710542809454
-23200000.000000224	241.28336031081892
-23180000.000000224	65.39210023556552
-23160000.000000224	81.67495155857749
-23140000.000000224	315.4316281938935
-23120000.000000224	123.05849886998807
-23100000.000000224	258.46304112733986
-23080000.000000224	233.67128233844784
-23060000.000000224	199.47484240064352
-23040000.000000224	119.48712526785025
-23020000.000000224	462.8127411192486
-23000000.000000224	171.67150929887845
-22980000.00000022	124.78431810659049
-22960000.00000022	195.07956953902408
-22940000.00000022	372.54328480622354
-22920000.00000022	363.39295859655005
-22900000.00000022	160.11467472259463
-22880000.00000022	171.4198320618752
-22860000.00000022	288.11377105420206
-22840000.00000022	109.81200330201875
-22820000.00000022	371.1766610468323
-22800000.00000022	115.74287495635085
-22780000.00000022	286.1435187361532
-22760000.00000022	174.94362417938663
-22740000.00000022	243.4828392577549
-22720000.00000022	247.08870875963666
-22700000.00000022	95.36915965610687
-22680000.00000022	386.84709284537036
-22660000.00000022	151.78612917117934
-22640000.00000022	371.32676540688345
-22620000.00000022	91.25158915985067
-22600000.000000216	128.29911300566812
-22580000.000000216	28.30424974516769
-22560000.000000216	107.09963418167163
-22540000.000000216	264.0830159769182
-22520000.000000216	101.08700555942268
-22500000.000000216	189.70110065507444
-22480000.000000216	183.49359531144228
-22460000.000000216	260.56478244930213
-22440000.000000216	29.309680977998944
-22420000.000000216	153.93517504699673
-22400000.000000216	105.10089141388416
-22380000.000000216	207.67141583088366
-22360000.000000216	131.08771293043162
-22340000.000000216	138.63297910841612
-22320000.000000216	152.91912922763564
-22300000.000000216	347.50153490734596
-22280000.000000216	367.4350300359111
-22260000.000000216	92.62021463855031
-22240000.000000216	82.62586822056737
-22220000.000000216	684.0357477145192
-22200000.000000212	268.76533938869176
-22180000.000000212	226.01436458250026
-22160000.000000212	291.60002787821236
-22140000.000000212	87.76210160236947
-22120000.000000212	301.2798818806814
-22100000.000000212	246.66114419159413
-22080000.000000212	212.71770367754573
-22060000.000000212	263.96236715539703
-22040000.000000212	234.29328974541917
-22020000.000000212	215.6743179720191
-22000000.000000212	177.75800496754826
-21980000.000000212	28.648098112236212
-21960000.000000212	251.08111784992644
-21940000.000000212	252.92693500314
-21920000.000000212	206.14495863056723
-21900000.000000212	220.51990811051056
-21880000.000000212	388.12894380271734
-21860000.000000212	242.78146949834806
-21840000.000000212	244.8123965286358
-21820000.00000021	209.84741296641133
-21800000.00000021	293.5579677353581
-21780000.00000021	146.99819122831445
-21760000.00000021	543.821863599762
-21740000.00000021	163.9154030732656
-21720000.00000021	320.75167659705204
-21700000.00000021	154.16270237830207
-21680000.00000021	333.5011486922491
-21660000.00000021	260.03159689439474
-21640000.00000021	249.65438609458118
-21620000.00000021	143.00230034665486
-21600000.00000021	185.0014503472728
-21580000.00000021	197.1676492987722
-21560000.00000021	155.41800605317823
-21540000.00000021	187.89662641431693
-21520000.00000021	508.1613888757078
-21500000.00000021	178.46301997466776
-21480000.00000021	208.4590170937595
-21460000.00000021	119.30161924022089
-21440000.000000205	607.0203428223489
-21420000.000000205	245.69786308734288
-21400000.000000205	351.18461299102955
-21380000.000000205	206.6151409018846
-21360000.000000205	197.28247845687517
-21340000.000000205	466.0537883395934
-21320000.000000205	350.28314979380156
-21300000.000000205	250.78850420650608
-21280000.000000205	296.2863733187557
-21260000.000000205	268.7096112921351
-21240000.000000205	215.65156431602568
-21220000.000000205	797.1267751848209
-21200000.000000205	464.29524666191213
-21180000.000000205	285.58285120146775
-21160000.000000205	129.53664237648712
-21140000.000000205	133.2407811312902
-21120000.000000205	252.13553018682344
-21100000.000000205	127.71878631682156
-21080000.000000205	121.24562821028881
-21060000.000000205	64.95975409391112
-21040000.0000002	195.9456441794035
-21020000.0000002	434.6225710588443
-21000000.0000002	373.0276113069612
-20980000.0000002	220.68851779375498
-20960000.0000002	423.06980206731276
-20940000.0000002	450.08831259317526
-20920000.0000002	135.4346372829316
-20900000.0000002	331.66685660827153
-20880000.0000002	122.72866295295866
-20860000.0000002	152.5921110638654
-20840000.0000002	128.36561978185074
-20820000.0000002	192.06313585184486
-20800000.0000002	243.1290264594887
-20780000.0000002	244.485067450046
-20760000.0000002	55.839919802314
-20740000.0000002	72.55110633864183
-20720000.0000002	455.0458268482902
-20700000.0000002	328.6274686474323
-20680000.0000002	299.72801901379796
-20660000.000000197	316.02932204421097
-20640000.000000197	594.8298730763094
-20620000.000000197	201.27450458094967
-20600000.000000197	157.6433484021583
-20580000.000000197	611.964262856256
-20560000.000000197	289.97021997515003
-20540000.000000197	286.30584628726973
-20520000.000000197	134.5532891459903
-20500000.000000197	207.15392588126053
-20480000.000000197	293.26948887043034
-20460000.000000197	31.012796242395968
-20440000.000000197	139.95198136683499
-20420000.000000197	134.9649663026324
-20400000.000000197	311.69843717386027
-20380000.000000197	68.67059096582912
-20360000.000000197	297.11565440569996
-20340000.000000197	331.1931060860503
-20320000.000000197	48.76992299543423
-20300000.000000197	484.89792297356996
-20280000.000000194	106.29714702980118
-20260000.000000194	154.17362190258112
-20240000.000000194	210.30994418267463
-20220000.000000194	311.4509755944281
-20200000.000000194	1273.9384951815757
-20180000.000000194	241.10589927390419
-20160000.000000194	104.54600960343154
-20140000.000000194	122.56577009018211
-20120000.000000194	365.60606360282964
-20100000.000000194	438.17685725071897
-20080000.000000194	26.368738834792445
-20060000.000000194	60.59690500588176
-20040000.000000194	441.9242820728599
-20020000.000000194	276.84623109698543
-20000000.000000194	496.5019888881884
-19980000.000000194	175.35879774916967
-19960000.000000194	268.42618986480966
-19940000.000000194	203.18781126482662
-19920000.000000194	198.72573801602158
-19900000.00000019	203.07745556891007
-19880000.00000019	176.61110756859844
-19860000.00000019	317.8069354068002
-19840000.00000019	292.91756795892854
-19820000.00000019	280.6336577465144
-19800000.00000019	92.98210830197581
-19780000.00000019	88.68839437764326
-19760000.00000019	216.8350492211594
-19740000.00000019	286.86728570510394
-19720000.00000019	229.77883988687012
-19700000.00000019	565.1440826940991
-19680000.00000019	306.5514638109642
-19660000.00000019	114.86668920680904
-19640000.00000019	171.9031149546363
-19620000.00000019	214.13028517682903
-19600000.00000019	86.10138224946817
-19580000.00000019	549.9865387200302
-19560000.00000019	162.42835806791638
-19540000.00000019	505.26948454245957
-19520000.00000019	70.24423958044149
-19500000.000000186	660.1374382586131
-19480000.000000186	318.12459753211425
-19460000.000000186	155.81649775848783
-19440000.000000186	514.3400949716647
-19420000.000000186	193.79299212514962
-19400000.000000186	268.56856219465567
-19380000.000000186	445.39744223103645
-19360000.000000186	84.06460733208384
-19340000.000000186	126.77753029682022
-19320000.000000186	51.08554272048903
-19300000.000000186	278.857067598034
-19280000.000000186	186.75733445919457
-19260000.000000186	68.90234758006399
-19240000.000000186	215.3899714641201
-19220000.000000186	404.38488147241054
-19200000.000000186	340.41888765493684
-19180000.000000186	339.55196898729974
-19160000.000000186	118.15422137644232
-19140000.000000186	369.8388936164398
-19120000.000000183	183.97441281428974
-19100000.000000183	132.99249262698817
-19080000.000000183	293.41757661805843
-19060000.000000183	20.187317781626955
-19040000.000000183	340.80464069916104
-19020000.000000183	235.7929819866247
-19000000.000000183	398.18807371719953
-18980000.000000183	238.83158970885032
-18960000.000000183	174.93293067950268
-18940000.000000183	223.93552174693718
-18920000.000000183	53.4933218960517
-18900000.000000183	95.54689500559185
-18880000.000000183	396.1228024016466
-18860000.000000183	184.45886792288667
-18840000.000000183	398.5086402987875
-18820000.000000183	357.7342872426241
-18800000.000000183	419.5670955017295
-18780000.000000183	351.5387807217139
-18760000.000000183	265.10064890400383
-18740000.00000018	242.43758805296656
-18720000.00000018	410.7047876845714
-18700000.00000018	263.1891675864567
-18680000.00000018	480.20421937766844
-18660000.00000018	388.87576856632444
-18640000.00000018	250.4959762293798
-18620000.00000018	195.02550491944837
-18600000.00000018	421.8310320722293
-18580000.00000018	594.1373687438776
-18560000.00000018	86.6062496411364
-18540000.00000018	154.52398145802297
-18520000.00000018	365.922584191304
-18500000.00000018	174.53036749752428
-18480000.00000018	151.31530127129435
-18460000.00000018	126.05763379561698
-18440000.00000018	259.99403639277295
-18420000.00000018	175.5545740081778
-18400000.00000018	74.82386393236946
-18380000.00000018	280.1113435110293
-18360000.00000018	146.77779396066683
-18340000.000000175	231.69714258039588
-18320000.000000175	299.734456368101
-18300000.000000175	445.201419864421
-18280000.000000175	91.07755538601016
-18260000.000000175	215.48265200968615
-18240000.000000175	305.41020206616673
-18220000.000000175	166.73535477352192
-18200000.000000175	450.3519522540466
-18180000.000000175	455.68446348799057
-18160000.000000175	217.38245490724373
-18140000.000000175	139.26319631707548
-18120000.000000175	201.46765223898305
-18100000.000000175	82.13971698386335
-18080000.000000175	109.1760930773415
-18060000.000000175	241.1852169355334
-18040000.000000175	164.7068596513379
-18020000.000000175	282.61892833132384
-18000000.000000175	61.48735902131936
-17980000.000000175	699.8729712881575
-17960000.00000017	272.23297413749134
-17940000.00000017	59.340788168069516
-17920000.00000017	197.45079603494406
-17900000.00000017	773.6096090928927
-17880000.00000017	436.6378140548851
-17860000.00000017	258.7560407879282
-17840000.00000017	161.38903734256675
-17820000.00000017	294.6171686367567
-17800000.00000017	357.8862862081176
-17780000.00000017	353.35096089773805
-17760000.00000017	82.79460075847797
-17740000.00000017	324.26222015010785
-17720000.00000017	269.88621537442003
-17700000.00000017	365.9891367007829
-17680000.00000017	575.8171932264261
-17660000.00000017	235.57237662667612
-17640000.00000017	213.20225452130228
-17620000.00000017	333.87249518365013
-17600000.00000017	371.1122272074487
-17580000.000000168	86.44143511094966
-17560000.000000168	75.74690387248204
-17540000.000000168	138.24314615053848
-17520000.000000168	202.51528306856974
-17500000.000000168	114.4498398674063
-17480000.000000168	262.3343206193343
-17460000.000000168	421.736495383934
-17440000.000000168	105.45035474647192
-17420000.000000168	342.2100205921178
-17400000.000000168	179.89702637405085
-17380000.000000168	182.9947517474589
-17360000.000000168	247.61152409955332
-17340000.000000168	168.13085374442568
-17320000.000000168	238.46149840856216
-17300000.000000168	320.6661654611302
-17280000.000000168	79.75359501933518
-17260000.000000168	164.01629478062975
-17240000.000000168	203.32335747092046
-17220000.000000168	143.6259348798182
-17200000.000000168	72.00356459153109
-17180000.000000164	85.82404644951143
-17160000.000000164	549.9467724842319
-17140000.000000164	118.09662625756154
-17120000.000000164	437.5869383222172
-17100000.000000164	119.66959883515436
-17080000.000000164	157.86075823011674
-17060000.000000164	331.59843947489725
-17040000.000000164	437.75286480004553
-17020000.000000164	85.79099892049756
-17000000.000000164	268.3894103738557
-16980000.000000164	161.16414829392025
-16960000.000000164	167.37839643346985
-16940000.000000164	46.666156620901766
-16920000.000000164	241.30300896649553
-16900000.000000164	161.15902776630574
-16880000.000000164	315.48448592921335
-16860000.000000164	382.555122833445
-16840000.000000164	325.230179451785
-16820000.000000164	152.6911788322924
-16800000.00000016	342.67573213881144
-16780000.00000016	151.28202120370653
-16760000.000000162	231.4625230394638
-16740000.000000162	283.00237662659816
-16720000.000000162	115.5716822166349
-16700000.00000016	428.51162605022216
-16680000.00000016	427.6839691974082
-16660000.00000016	808.0483130485599
-16640000.00000016	574.0286360336883
-16620000.00000016	259.16890650656
-16600000.00000016	265.01650665655643
-16580000.00000016	302.3007866462117
-16560000.00000016	721.6305652644377
-16540000.00000016	312.3700913662464
-16520000.00000016	442.592770860919
-16500000.000000158	248.17251997789825
-16480000.000000158	450.62856772540755
-16460000.000000158	253.04568352608194
-16440000.000000158	143.4731319450211
-16420000.000000158	250.3918330720421
-16400000.000000158	276.77516980689876
-16380000.000000158	335.7109223783638
-16360000.000000158	264.41975524362044
-16340000.000000158	72.15222603549368
-16320000.000000156	86.7236665567178
-16300000.000000156	284.77470523381476
-16280000.000000156	225.20098214928592
-16260000.000000156	82.93816410492056
-16240000.000000156	210.54883577757226
-16220000.000000156	308.7204925601694
-16200000.000000156	209.68889800559302
-16180000.000000156	171.0552930751112
-16160000.000000156	374.401916125747
-16140000.000000156	338.6849177435382
-16120000.000000155	21.721973954309526
-16100000.000000155	418.07501018764094
-16080000.000000155	377.03324516584604
-16060000.000000155	84.92575960038437
-16040000.000000155	253.52887022524345
-16020000.000000155	290.4136473456296
-16000000.000000155	442.65687507366766
-15980000.000000155	29.46182155076741
-15960000.000000155	163.6188937397228
-15940000.000000155	265.9131681147553
-15920000.000000153	306.89871802121286
-15900000.000000153	225.47311512825843
-15880000.000000153	146.43532424977272
-15860000.000000153	292.22152375963714
-15840000.000000153	221.24589258969252
-15820000.000000153	216.48914918349695
-15800000.000000153	473.9661897629695
-15780000.000000153	290.4159959610505
-15760000.000000153	275.0339433451841
-15740000.00000015	329.9647878298859
-15720000.00000015	193.5577077807047
-15700000.00000015	205.9475491762406
-15680000.00000015	197.63918733797698
-15660000.00000015	746.6030268547728
-15640000.00000015	146.2424084026292
-15620000.00000015	391.2539320272877
-15600000.00000015	110.26561691987958
-15580000.00000015	44.33381403467693
-15560000.00000015	211.68312180796684
-15540000.000000149	62.08252521569484
-15520000.000000149	292.5817372905564
-15500000.000000149	76.59012303262425
-15480000.000000149	59.614159099359696
-15460000.000000149	44.631567937425444
-15440000.000000149	121.1683537866527
-15420000.000000149	150.62940290224964
-15400000.000000149	219.41632014765776
-15380000.000000149	269.1381558874046
-15360000.000000149	465.97635243849805
-15340000.000000147	336.17689897613633
-15320000.000000147	291.96986199999236
-15300000.000000147	237.47267104676192
-15280000.000000147	548.2119443194675
-15260000.000000147	114.54585010491196
-15240000.000000147	416.70346053420445
-15220000.000000147	112.81344264123298
-15200000.000000147	358.28163414918464
-15180000.000000147	280.05976568744666
-15160000.000000145	177.02032582131716
-15140000.000000145	552.0360864153979
-15120000.000000145	251.34951384409771
-15100000.000000145	90.75901635466859
-15080000.000000145	116.72147751891885
-15060000.000000145	374.480281570406
-15040000.000000145	401.9228585780041
-15020000.000000145	36.42268001802774
-15000000.000000145	390.3959879579883
-14980000.000000145	217.1945407137708
-14960000.000000143	170.94935173729849
-14940000.000000143	209.56374843705822
-14920000.000000143	236.9848504093234
-14900000.000000143	118.5647544063642
-14880000.000000143	220.56084540461794
-14860000.000000143	261.6509955764645
-14840000.000000143	245.93358242171703
-14820000.000000143	364.6430662701496
-14800000.000000143	100.01784154891439
-14780000.000000142	61.665816453125096
-14760000.000000142	498.53385044534235
-14740000.000000142	93.43941096958635
-14720000.000000142	328.7757065811042
-14700000.000000142	146.76688123873106
-14680000.000000142	116.85880024356324
-14660000.000000142	303.6051844430391
-14640000.000000142	265.9658116288986
-14620000.000000142	404.7673140224556
-14600000.000000142	214.22084930772374
-14580000.00000014	149.3225277955562
-14560000.00000014	215.20542636671448
-14540000.00000014	362.6563843353251
-14520000.00000014	303.47839445058787
-14500000.00000014	43.61620285200375
-14480000.00000014	349.653711901694
-14460000.00000014	400.70950163379877
-14440000.00000014	453.82213810400924
-14420000.00000014	316.45960547264934
-14400000.00000014	296.5440518961823
-14380000.000000138	151.09858597689478
-14360000.000000138	164.03032232258533
-14340000.000000138	91.50234313430023
-14320000.000000138	440.87970535519696
-14300000.000000138	268.0495995722886
-14280000.000000138	124.10338754267238
-14260000.000000138	418.78161562305763
-14240000.000000138	272.4199822491337
-14220000.000000138	217.36855523584455
-14200000.000000136	187.1535306002775
-14180000.000000136	197.3594234360968
-14160000.000000136	354.286631028361
-14140000.000000136	229.9100951702337
-14120000.000000136	233.4915673720672
-14100000.000000136	46.55440493795877
-14080000.000000136	496.6056964321276
-14060000.000000136	260.37759823510976
-14040000.000000136	128.87401022843693
-14020000.000000136	608.0704923735663
-14000000.000000134	101.24596993843508
-13980000.000000134	70.80182373890986
-13960000.000000134	303.6940472046845
-13940000.000000134	152.78018862586248
-13920000.000000134	88.05590639027719
-13900000.000000134	321.0827925873667
-13880000.000000134	139.90205018537844
-13860000.000000134	348.8654008384674
-13840000.000000134	342.1813740828314
-13820000.000000134	176.9688842166211
-13800000.000000132	74.37497043711308
-13780000.000000132	108.21837825829277
-13760000.000000132	258.793193826774
-13740000.000000132	161.18668569902636
-13720000.000000132	336.87867395522113
-13700000.000000132	274.8696161852691
-13680000.000000132	159.56614531668356
-13660000.000000132	286.42561346095704
-13640000.000000132	95.26815187417337
-13620000.00000013	113.61366892218835
-13600000.00000013	285.0930767436631
-13580000.00000013	374.2513508010446
-13560000.00000013	393.2725201064314
-13540000.00000013	75.16558899961618
-13520000.00000013	393.1409917851021
-13500000.00000013	280.7681992915437
-13480000.00000013	231.9686432110175
-13460000.00000013	342.3043817804639
-13440000.00000013	380.584315164109
-13420000.000000129	39.208556005115504
-13400000.000000129	241.76493064756437
-13380000.000000129	181.3602205552364
-13360000.000000129	413.22717358226913
-13340000.000000129	132.3109771332825
-13320000.000000129	384.78661783272463
-13300000.000000129	264.26278049462013
-13280000.000000129	233.33793692540112
-13260000.000000129	173.52171492853205
-13240000.000000129	218.3140847547593
-13220000.000000127	142.03473998096877
-13200000.000000127	304.32713339699615
-13180000.000000127	376.34851053439803
-13160000.000000127	400.76303080287664
-13140000.000000127	659.613497451035
-13120000.000000127	159.17596566102347
-13100000.000000127	141.1490994786059
-13080000.000000127	179.2681403246307
-13060000.000000127	64.83637601514208
-13040000.000000125	118.23731801311278
-13020000.000000125	221.03392841644128
-13000000.000000125	361.627021407314
-12980000.000000125	146.97943940195714
-12960000.000000125	268.28911935971314
-12940000.000000125	402.409130857383
-12920000.000000125	99.14102385890881
-12900000.000000125	115.2406735722479
-12880000.000000125	387.107981205801
-12860000.000000125	134.41532034752012
-12840000.000000123	328.08274907694243
-12820000.000000123	153.51477251653532
-12800000.000000123	159.82774921618952
-12780000.000000123	148.42013647717874
-12760000.000000123	193.9581774064119
-12740000.000000123	169.82971431740944
-12720000.000000123	214.30437089804252
-12700000.000000123	306.27791565810406
-12680000.000000123	233.8229212774041
-12660000.000000123	148.69576141648363
-12640000.000000121	232.9940421621654
-12620000.000000121	515.7037375512635
-12600000.000000121	265.72798132918587
-12580000.000000121	151.44396987668745
-12560000.000000121	234.679962263547
-12540000.000000121	228.63125029060967
-12520000.000000121	60.53738901344396
-12500000.000000121	368.7817782917158
-12480000.000000121	180.58971373352665
-12460000.00000012	246.26296926293244
-12440000.00000012	375.5828303348456
-12420000.00000012	593.6289311575155
-12400000.00000012	309.53029047120765
-12380000.00000012	470.1644898943954
-12360000.00000012	243.10935721143966
-12340000.00000012	332.5590069891083
-12320000.00000012	455.5413412606699
-12300000.00000012	259.53005227209434
-12280000.00000012	317.5778862648194
-12260000.000000117	310.6487568420684
-12240000.000000117	175.6900198419655
-12220000.000000117	535.9798104335846
-12200000.000000117	404.63449546268174
-12180000.000000117	345.0023274050858
-12160000.000000117	51.51605472788952
-12140000.000000117	345.86135951950143
-12120000.000000117	385.6452042167425
-12100000.000000117	189.45759463784032
-12080000.000000117	112.64436177699615
-12060000.000000115	265.5626701073239
-12040000.000000115	292.62198423283115
-12020000.000000115	323.4853635851014
-12000000.000000115	200.31034656789203
-11980000.000000115	223.92660362196133
-11960000.000000115	516.5497037469487
-11940000.000000115	149.51523574144795
-11920000.000000115	130.73615652032808
-11900000.000000115	223.2922530461971
-11880000.000000114	168.19884820762815
-11860000.000000114	93.21649545104225
-11840000.000000114	130.88483829065342
-11820000.000000114	691.2845582016243
-11800000.000000114	360.6591048122964
-11780000.000000114	208.4397338803024
-11760000.000000114	246.5362506583566
-11740000.000000114	292.6290506876852
-11720000.000000114	299.8491899616641
-11700000.000000114	235.93673684762254
-11680000.000000112	170.9620956221174
-11660000.000000112	192.7122675075162
-11640000.000000112	209.0008248076256
-11620000.000000112	213.084398743381
-11600000.000000112	122.92622095432615
-11580000.000000112	170.4668981279808
-11560000.000000112	432.3607687661566
-11540000.000000112	503.02270261324855
-11520000.000000112	105.60433465209647
-11500000.000000112	175.18659503097564
-11480000.00000011	57.41368993102471
-11460000.00000011	212.59937555643114
-11440000.00000011	249.72455765542182
-11420000.00000011	719.3598225303017
-11400000.00000011	247.05333828203962
-11380000.00000011	70.75023373852605
-11360000.00000011	43.85914767414589
-11340000.00000011	366.02613679286156
-11320000.00000011	308.32254590093766
-11300000.000000108	102.81271183111329
-11280000.000000108	254.502970832655
-11260000.000000108	87.96026920015824
-11240000.000000108	98.2454915005513
-11220000.000000108	267.5278125697227
-11200000.000000108	552.1648861789392
-11180000.000000108	386.1901304752688
-11160000.000000108	240.9671600283701
-11140000.000000108	351.1753803618004
-11120000.000000108	683.414561425946
-11100000.000000106	447.514001367826
-11080000.000000106	226.10816736628632
-11060000.000000106	87.60527229795048
-11040000.000000106	243.66536296019598
-11020000.000000106	785.198917944077
-11000000.000000106	308.30725674949787
-10980000.000000106	144.08104385448576
-10960000.000000106	348.2212894108265
-10940000.000000106	269.1841623084343
-10920000.000000106	108.58716098916636
-10900000.000000104	128.06144860144556
-10880000.000000104	397.55768250038307
-10860000.000000104	367.607090366547
-10840000.000000104	221.5002104774969
-10820000.000000104	579.0960023527683
-10800000.000000104	449.71875927185306
-10780000.000000104	236.35043258195046
-10760000.000000104	358.5862443836556
-10740000.000000104	229.59817190420637
-10720000.000000102	228.02023227213058
-10700000.000000102	251.5362653964814
-10680000.000000102	308.6393721675094
-10660000.000000102	263.8297430644548
-10640000.000000102	439.53062600177185
-10620000.000000102	454.864376711579
-10600000.000000102	416.1141329250679
-10580000.000000102	195.54724419913632
-10560000.000000102	122.12228173584238
-10540000.000000102	113.50531912887419
-10520000.0000001	276.59624443239926
-10500000.0000001	306.2960545909209
-10480000.0000001	122.04735805527223
-10460000.0000001	135.80956224642847
-10440000.0000001	507.84591610301175
-10420000.0000001	790.6217357312262
-10400000.0000001	414.0079527706081
-10380000.0000001	369.1297047655175
-10360000.0000001	307.4288881803926
-10340000.0000001	199.80978687077877
-10320000.000000099	144.75739505607015
-10300000.000000099	376.99397362755815
-10280000.000000099	178.92966308819544
-10260000.000000099	278.9994196979306
-10240000.000000099	386.8019083103881
-10220000.000000099	959.1951800747594
-10200000.000000099	314.8474968356162
-10180000.000000099	49.80247307502285
-10160000.000000099	149.52335725524478
-10140000.000000097	317.9600832826235
-10120000.000000097	68.42838027679247
-10100000.000000097	80.61381448194412
-10080000.000000097	303.75811866807487
-10060000.000000097	224.54010644619763
-10040000.000000097	352.5125382013743
-10020000.000000097	1435.2475345055784
-10000000.000000097	329.4810693045748
-9980000.000000097	255.6124581572573
-9960000.000000097	97.95016459330071
-9940000.000000095	213.2942254325556
-9920000.000000095	155.57860779492665
-9900000.000000095	326.6231960570386
-9880000.000000095	101.73719516676444
-9860000.000000095	375.4451036360233
-9840000.000000095	156.00946639118962
-9820000.000000095	1088.0418300845129
-9800000.000000095	257.54755514994247
-9780000.000000095	236.01492516822776
-9760000.000000095	188.3124378042276
-9740000.000000093	230.024444210855
-9720000.000000093	14.304520500758782
-9700000.000000093	256.7998039333322
-9680000.000000093	176.65683049940466
-9660000.000000093	230.2545661627144
-9640000.000000093	271.6844412069684
-9620000.000000093	1153.0666403862824
-9600000.000000093	868.393759072619
-9580000.000000093	138.13112755092942
-9560000.000000091	264.99581459550603
-9540000.000000091	237.5189406199323
-9520000.000000091	102.32654003979525
-9500000.000000091	222.6869593252122
-9480000.000000091	53.29214798366624
-9460000.000000091	198.51595236174222
-9440000.000000091	124.27071947094957
-9420000.000000091	1607.7890952592986
-9400000.000000091	255.31559294366681
-9380000.000000091	182.57938235366808
-9360000.00000009	257.4950994651842
-9340000.00000009	503.8902786643337
-9320000.00000009	286.6000753116133
-9300000.00000009	288.7075568509712
-9280000.00000009	216.06759225842603
-9260000.00000009	269.6971981508449
-9240000.00000009	270.5814946930462
-9220000.00000009	1313.1562026512215
-9200000.00000009	312.8990763473955
-9180000.00000009	144.78006407284076
-9160000.000000088	357.62498635468984
-9140000.000000088	72.07741492884776
-9120000.000000088	257.6992433219232
-9100000.000000088	465.76206053967366
-9080000.000000088	244.3437298189361
-9060000.000000088	85.5842157531639
-9040000.000000088	141.53609749344386
-9020000.000000088	1049.9319032320545
-9000000.000000088	536.242175109384
-8980000.000000086	418.846680831613
-8960000.000000086	435.0050898171558
-8940000.000000086	98.68781055450121
-8920000.000000086	165.0948504167591
-8900000.000000086	225.35531392898773
-8880000.000000086	551.893787768707
-8860000.000000086	53.42130163286009
-8840000.000000086	51.787683512556455
-8820000.000000086	974.5996757400777
-8800000.000000086	292.5743590015759
-8780000.000000084	231.74947394757882
-8760000.000000084	135.47143141130326
-8740000.000000084	262.37570100200236
-8720000.000000084	190.46270914237417
-8700000.000000084	386.86308386417346
-8680000.000000084	491.0547136131404
-8660000.000000084	130.91418262052952
-8640000.000000084	191.50153868268902
-8620000.000000084	1628.4956879941637
-8600000.000000084	140.07840356132525
-8580000.000000082	208.86770035949812
-8560000.000000082	113.20982202373675
-8540000.000000082	307.69997372476485
-8520000.000000082	233.61551046980998
-8500000.000000082	274.51320240353976
-8480000.000000082	240.44852053460522
-8460000.000000082	300.9613333639061
-8440000.000000082	272.6056788261939
-8420000.000000082	1614.6188697385974
-8400000.00000008	430.19903293872574
-8380000.000000081	157.62474836270772
-8360000.000000081	58.62635242712405
-8340000.00000008	225.30039584562184
-8320000.00000008	173.49750004011418
-8300000.00000008	187.1674953094981
-8280000.00000008	481.033352132038
-8260000.00000008	147.62950169020934
-8240000.000000079	470.4629270350218
-8220000.000000079	1713.3024131604695
-8200000.000000079	812.767775158018
-8180000.000000079	88.98537746475354
-8160000.000000078	430.59089741268065
-8140000.000000078	75.0074735564141
-8120000.000000078	107.95984539648327
-8100000.000000078	103.82238214921665
-8080000.000000078	238.41990295977158
-8060000.000000077	69.0034809761505
-8040000.000000077	220.5224609028388
-8020000.000000077	1496.91445713048
-8000000.000000077	283.6043014874486
-7980000.000000077	291.74680191120035
-7960000.000000076	572.173561351885
-7940000.000000076	343.1683687996745
-7920000.000000076	228.94582586633857
-7900000.000000076	245.51906517432488
-7880000.000000076	88.8702083024993
-7860000.000000075	167.44617261643378
-7840000.000000075	157.49419346708652
-7820000.000000075	1467.6702264384996
-7800000.000000075	398.91598945928973
-7780000.000000075	252.9904450423137
-7760000.0000000745	596.9097140353941
-7740000.0000000745	247.58150026465847
-7720000.0000000745	261.6240640036807
-7700000.0000000745	412.1110467589839
-7680000.0000000745	36.076853986478355
-7660000.000000074	71.9464166693849
-7640000.000000074	175.46603350445656
-7620000.000000074	1682.3223916544107
-7600000.000000074	754.8738911447891
-7580000.000000073	843.5340437854682
-7560000.000000073	268.2009049787048
-7540000.000000073	114.12535127468644
-7520000.000000073	211.5643459571131
-7500000.000000073	286.5827422819402
-7480000.000000072	311.0549473481984
-7460000.000000072	96.02907896154287
-7440000.000000072	254.94665490575207
-7420000.000000072	1734.0784287120541
-7400000.000000072	482.86587625776315
-7380000.000000071	611.811117907137
-7360000.000000071	298.84930993108725
-7340000.000000071	265.56764684992237
-7320000.000000071	156.70286963415055
-7300000.000000071	371.80252092666154
-7280000.00000007	104.79489755870314
-7260000.00000007	151.83406092428194
-7240000.00000007	248.18844218775132
-7220000.00000007	1861.7115250582185
-7200000.00000007	810.7487087035614
-7180000.000000069	441.7575076654897
-7160000.000000069	96.17124700239071
-7140000.000000069	201.30449028471344
-7120000.000000069	364.30593131872735
-7100000.000000068	293.58573299045713
-7080000.000000068	70.27096240944486
-7060000.000000068	560.9841740340029
-7040000.000000068	871.1220755242263
-7020000.000000068	1981.7667098995212
-7000000.000000067	903.7665047453594
-6980000.000000067	449.3553223783835
-6960000.000000067	76.87808413148262
-6940000.000000067	648.4577762279876
-6920000.000000067	52.33705344739259
-6900000.000000066	471.899262245918
-6880000.000000066	277.1533734598195
-6860000.000000066	513.0478034981721
-6840000.000000066	313.5487502968785
-6820000.000000066	2478.3903048628918
-6800000.000000065	1023.9423756264374
-6780000.000000065	609.7150609865317
-6760000.000000065	148.7960403611591
-6740000.000000065	182.5379173763054
-6720000.000000065	229.60739673564194
-6700000.000000064	256.8297352800105
-6680000.000000064	433.33149538485225
-6660000.000000064	602.4527067660354
-6640000.000000064	756.5567318230547
-6620000.000000064	2731.5085678710607
-6600000.000000063	1542.0018234933536
-6580000.000000063	410.2326610744171
-6560000.000000063	1170.5769260788406
-6540000.000000063	552.8224665151695
-6520000.000000062	261.5714250715373
-6500000.000000062	371.94053823878664
-6480000.000000062	399.2312738183923
-6460000.000000062	409.06893865349724
-6440000.000000062	994.5655087864936
-6420000.0000000615	2742.024794045497
-6400000.0000000615	1641.7553165171003
-6380000.0000000615	509.4177091205731
-6360000.0000000615	530.2088921006057
-6340000.0000000615	150.0189535372963
-6320000.000000061	351.020532242158
-6300000.000000061	132.4718026758598
-6280000.000000061	484.9044368946541
-6260000.000000061	317.9744424587785
-6240000.000000061	642.6599275392908
-6220000.00000006	2939.72089025824
-6200000.00000006	1563.4939642368925
-6180000.00000006	955.6111869683348
-6160000.00000006	370.4424056181242
-6140000.00000006	124.54258085890942
-6120000.000000059	78.32826632340067
-6100000.000000059	381.3335713674312
-6080000.000000059	496.31669248005494
-6060000.000000059	640.4702488965663
-6040000.000000059	1059.2316471543363
-6020000.000000058	3403.841374581542
-6000000.000000058	2106.9213677744733
-5980000.000000058	1026.6956068447355
-5960000.000000058	798.0261260349165
-5940000.000000057	594.7524104851695
-5920000.000000057	359.92294278129003
-5900000.000000057	452.16568554286715
-5880000.000000057	782.6263474484578
-5860000.000000057	757.7530243910786
-5840000.000000056	1000.2960208882904
-5820000.000000056	3136.6746143811156
-5800000.000000056	2020.3234958702928
-5780000.000000056	796.8127521050857
-5760000.000000056	105.49421861206457
-5740000.000000055	567.3021328209089
-5720000.000000055	427.61408080292045
-5700000.000000055	465.8043352244741
-5680000.000000055	644.7552925055427
-5660000.000000055	733.2335530422733
-5640000.000000054	963.1349156436021
-5620000.000000054	3303.629781152334
-5600000.000000054	2098.709343345003
-5580000.000000054	819.5332702957807
-5560000.000000054	224.47753820335708
-5540000.000000053	238.73287538461713
-5520000.000000053	535.3258548135401
-5500000.000000053	319.57884344341545
-5480000.000000053	597.7023763363956
-5460000.000000053	1076.2739889089273
-5440000.000000052	1182.025705646768
-5420000.000000052	2954.9257154131383
-5400000.000000052	2302.5131228886385
-5380000.000000052	851.4609414277622
-5360000.000000051	741.3121000469858
-5340000.000000051	492.72778832390304
-5320000.000000051	346.88391914056757
-5300000.000000051	304.41087134990266
-5280000.000000051	735.6337524042428
-5260000.00000005	564.7616746409519
-5240000.00000005	954.4703154181043
-5220000.00000005	2795.896666339012
-5200000.00000005	2387.4724992778915
-5180000.00000005	777.392037200965
-5160000.000000049	488.5979733014964
-5140000.000000049	414.577816238873
-5120000.000000049	550.4750068855537
-5100000.000000049	152.48539087033166
-5080000.000000049	328.40385664423945
-5060000.000000048	426.19047538450724
-5040000.000000048	1084.9095182915214
-5020000.000000048	2431.7538818391
-5000000.000000048	2347.786824348911
-4980000.000000048	397.44356824017495
-4960000.0000000475	838.2046796622103
-4940000.0000000475	361.415860355866
-4920000.0000000475	431.625868727841
-4900000.0000000475	265.97481181373985
-4880000.0000000475	886.8693682678448
-4860000.000000047	588.0574112435328
-4840000.000000047	1261.6378755559579
-4820000.000000047	2912.2193568381977
-4800000.000000047	2580.3343509327224
-4780000.000000046	959.7924026651942
-4760000.000000046	621.5291881123668
-4740000.000000046	662.1222095125311
-4720000.000000046	139.05331332381286
-4700000.000000046	218.86740909420027
-4680000.000000045	469.17247158485327
-4660000.000000045	727.5364777810292
-4640000.000000045	655.6482658313818
-4620000.000000045	2178.737469835855
-4600000.000000045	3007.669910185277
-4580000.000000044	901.0335168353383
-4560000.000000044	561.4307406584979
-4540000.000000044	760.1618820258253
-4520000.000000044	835.3280794805015
-4500000.000000044	501.0918615597806
-4480000.000000043	912.9700048587691
-4460000.000000043	1106.9613124387415
-4440000.000000043	1626.6755253851995
-4420000.000000043	3879.1951534642467
-4400000.000000043	4774.007270520914
-4380000.000000042	1361.6596357201743
-4360000.000000042	1298.9339392158806
-4340000.000000042	739.4087517457212
-4320000.000000042	707.1345549687786
-4300000.000000042	813.7165489047349
-4280000.000000041	339.951946820098
-4260000.000000041	373.2067109480729
-4240000.000000041	879.6280022025238
-4220000.000000041	2686.3905460233586
-4200000.00000004	4369.456820553802
-4180000.0000000405	1572.2239989697825
-4160000.00000004	1107.6735848189342
-4140000.00000004	720.7731458408643
-4120000.0000000396	898.1976905106385
-4100000.0000000396	913.1766748971005
-4080000.000000039	1241.2330618627764
-4060000.000000039	1551.2153919197049
-4040000.000000039	1579.7528518107854
-4020000.0000000386	5880.0110229277025
-4000000.0000000386	8186.317634097899
-3980000.000000038	2557.318384464787
-3960000.000000038	1563.8061339906517
-3940000.000000038	1443.2456919464848
-3920000.0000000377	496.2439739063664
-3900000.0000000377	850.9838987693086
-3880000.0000000373	697.8665480475548
-3860000.0000000373	616.9663006068808
-3840000.0000000373	1296.4981068338593
-3820000.000000037	3991.2792230660716
-3800000.000000037	6325.907762004906
-3780000.0000000363	1964.715554724825
-3760000.0000000363	1516.4363852580066
-3740000.000000036	1421.2696538022951
-3720000.000000036	1427.6541249332265
-3700000.000000036	1194.2993214096516
-3680000.0000000354	1675.3280216319613
-3660000.0000000354	1911.676798402629
-3640000.000000035	2629.011441682411
-3620000.000000035	7785.583535131167
-3600000.000000035	12865.156588713311
-3580000.0000000345	3589.428234184775
-3560000.0000000345	2085.0073652079404
-3540000.000000034	1077.7612422431082
-3520000.000000034	1629.1229157528142
-3500000.0000000335	1511.6110865799267
-3480000.0000000335	1527.6974175199684
-3460000.0000000335	1714.4784711030502
-3440000.000000033	2211.779143840886
-3420000.000000033	5929.239220487519
-3400000.0000000326	10560.41855754695
-3380000.0000000326	2948.7803931334806
-3360000.0000000326	1675.4746405130709
-3340000.000000032	1208.1946980747025
-3320000.000000032	1314.6031841081053
-3300000.0000000317	1865.0019339512203
-3280000.0000000317	2249.9979321000437
-3260000.000000031	2498.3536412352755
-3240000.000000031	4074.8146074322276
-3220000.000000031	9094.901231082125
-3200000.0000000307	19484.673789861212
-3180000.0000000307	4942.116469223482
-3160000.0000000303	2830.2752717052667
-3140000.0000000303	2439.183281438336
-3120000.0000000303	1883.6718959192888
-3100000.00000003	2398.3904318371096
-3080000.00000003	2377.684105257544
-3060000.0000000293	2916.4131868892177
-3040000.0000000293	3772.3658993602367
-3020000.0000000293	9862.750857794073
-3000000.000000029	21532.05719669441
-2980000.000000029	5062.246698762179
-2960000.0000000284	2753.213362676429
-2940000.0000000284	2360.5026623995686
-2920000.000000028	2160.251450647869
-2900000.000000028	2308.071132404953
-2880000.000000028	3054.0136536572663
-2860000.0000000275	2886.348441813782
-2840000.0000000275	4198.740913226158
-2820000.000000027	10834.525656235788
-2800000.000000027	26221.38588195757
-2780000.000000027	6386.66982541053
-2760000.0000000265	3582.7017981869203
-2740000.0000000265	3269.384448797293
-2720000.000000026	2733.2572488819333
-2700000.000000026	2344.8918316440154
-2680000.0000000256	3327.3587399138446
-2660000.0000000256	3776.545740422137
-2640000.0000000256	4972.38911352776
-2620000.000000025	12014.475709263981
-2600000.000000025	33606.50758427557
-2580000.0000000247	7594.249785725925
-2560000.0000000247	4266.050038812863
-2540000.0000000247	3683.0443109940597
-2520000.000000024	2615.369052126567
-2500000.000000024	2587.2272915982358
-2480000.0000000237	2782.0883586123355
-2460000.0000000237	3519.137914190878
-2440000.0000000237	4833.354727829113
-2420000.0000000233	10665.85560536891
-2400000.0000000233	30837.252150300297
-2380000.000000023	6190.562330686055
-2360000.000000023	3542.0632287587073
-2340000.0000000224	2829.66536513275
-2320000.0000000224	2380.578842689982
-2300000.0000000224	1928.533297281448
-2280000.000000022	2624.8062337540414
-2260000.000000022	2728.3602597818954
-2240000.0000000214	4475.653229077604
-2220000.0000000214	9581.046786455208
-2200000.0000000214	31954.221268548124
-2180000.000000021	6229.061525095609
-2160000.000000021	3467.0220519729482
-2140000.0000000205	2735.8040837600092
-2120000.0000000205	2207.0881851393624
-2100000.00000002	2556.096387344773
-2080000.00000002	2437.1829911151867
-2060000.0000000198	2881.9073187947256
-2040000.0000000196	4135.64998665273
-2020000.0000000196	8961.205044207318
-2000000.0000000193	31011.719873333546
-1980000.000000019	5133.653301378238
-1960000.0000000189	3045.3966801509814
-1940000.0000000186	1955.8428316823438
-1920000.0000000186	1721.6175001908507
-1900000.0000000184	1279.5295662923625
-1880000.0000000182	1823.977920823038
-1860000.000000018	1835.4293046595228
-1840000.0000000177	2666.932724698851
-1820000.0000000175	5937.042943748492
-1800000.0000000175	26036.14743781353
-1780000.0000000172	4192.066787522422
-1760000.000000017	2377.889045250985
-1740000.0000000168	1946.5693205434447
-1720000.0000000165	1859.0440728340611
-1700000.0000000163	1700.815906776207
-1680000.0000000163	2100.935450909436
-1660000.000000016	2223.6793094085992
-1640000.0000000158	3375.1002270917024
-1620000.0000000156	7304.840133770037
-1600000.0000000154	36044.67099794732
-1580000.0000000151	4999.232032344878
-1560000.0000000151	3059.8757694772476
-1540000.000000015	2458.004411603614
-1520000.0000000147	2133.662292493603
-1500000.0000000144	1499.7281377294232
-1480000.0000000142	1903.033382259063
-1460000.000000014	1930.7696823408792
-1440000.000000014	2570.2610921186297
-1420000.0000000137	4897.765992109573
-1400000.0000000135	28765.796036525928
-1380000.0000000133	3229.6664654678534
-1360000.000000013	2131.44793784301
-1340000.0000000128	1503.6754253625918
-1320000.0000000128	1300.5042695293216
-1300000.0000000126	1209.176365270532
-1280000.0000000123	1317.0344934669529
-1260000.000000012	1834.9302470151154
-1240000.0000000119	2351.7507331812467
-1220000.0000000119	4885.24065701925
-1200000.0000000116	37433.925864515026
-1180000.0000000114	4368.3292901137
-1160000.0000000112	2773.7908616271275
-1140000.000000011	2116.95430916255
-1120000.0000000107	1567.6902143905752
-1100000.0000000107	1713.1152615130402
-1080000.0000000105	2134.8082092359073
-1060000.0000000102	2335.2836284785285
-1040000.00000001	3114.7289406084615
-1020000.0000000098	5545.695870605692
-1000000.0000000097	48841.16796844734
-980000.0000000094	4288.896677147354
-960000.0000000093	2288.759425052718
-940000.0000000091	1269.5153967236347
-920000.0000000088	802.9853853041138
-900000.0000000087	1045.2952846020248
-880000.0000000085	741.2834784359707
-860000.0000000083	851.2462014650212
-840000.0000000081	1271.4066859940497
-820000.0000000079	3079.8268843515707
-800000.0000000077	36973.42943379211
-780000.0000000076	3610.743016763464
-760000.0000000073	2285.7126034358153
-740000.0000000071	1956.0312983034764
-720000.000000007	1739.139504627187
-700000.0000000068	1951.573553532535
-680000.0000000065	2264.661972310746
-660000.0000000064	2546.012159802469
-640000.0000000062	3714.658898910378
-620000.0000000059	7215.821738517801
-600000.0000000058	105993.4231599824
-580000.0000000056	5590.048571079743
-560000.0000000054	2892.8659886885903
-540000.0000000052	1963.8297488146834
-520000.000000005	1888.4181093007692
-500000.00000000483	409.1384085312303
-480000.00000000466	869.374227141271
-460000.0000000044	785.9729783818868
-440000.00000000425	444.40768603194914
-420000.0000000041	663.6775229898604
-400000.00000000384	35686.38986704966
-380000.00000000367	2285.0718247598147
-360000.0000000035	1849.809605648426
-340000.00000000326	2018.7156132247287
-320000.0000000031	1662.1613630658715
-300000.0000000029	2036.2807662666276
-280000.0000000027	1950.5735886451255
-260000.0000000025	2875.7717478896943
-240000.00000000233	3877.571867528088
-220000.00000000212	7844.195375554332
-200000.00000000192	366835.25148374704
-180000.00000000175	7533.812482027896
-160000.00000000154	3847.9951005833113
-140000.00000000134	2499.27972046078
-120000.00000000116	1455.2793988251588
-100000.00000000096	997.3926650046157
-80000.00000000077	1761.2941843786666
-60000.00000000058	1323.0232480849168
-40000.000000000386	1553.1289925408523
-20000.000000000193	915.4255042998894
