-1.48e-05	-432
-1.478e-05	-440
-1.476e-05	-440
-1.474e-05	-440
-1.472e-05	-424
-1.47e-05	-432
-1.468e-05	-432
-1.466e-05	-432
-1.464e-05	-440
-1.462e-05	-440
-1.46e-05	-432
-1.458e-05	-432
-1.456e-05	-432
-1.454e-05	-432
-1.452e-05	-432
-1.45e-05	-424
-1.448e-05	-432
-1.446e-05	-432
-1.444e-05	-432
-1.442e-05	-424
-1.44e-05	-432
-1.438e-05	-424
-1.436e-05	-432
-1.434e-05	-440
-1.432e-05	-424
-1.43e-05	-432
-1.428e-05	-432
-1.426e-05	-432
-1.424e-05	-432
-1.422e-05	-440
-1.42e-05	-432
-1.418e-05	-432
-1.416e-05	-440
-1.414e-05	-432
-1.412e-05	-440
-1.41e-05	-424
-1.408e-05	-432
-1.406e-05	-440
-1.404e-05	-432
-1.402e-05	-432
-1.4e-05	-440
-1.398e-05	-432
-1.396e-05	-432
-1.394e-05	-440
-1.392e-05	-432
-1.39e-05	-432
-1.388e-05	-432
-1.386e-05	-432
-1.384e-05	-440
-1.382e-05	-440
-1.38e-05	-432
-1.378e-05	-440
-1.376e-05	-432
-1.374e-05	-440
-1.372e-05	-432
-1.37e-05	-440
-1.368e-05	-440
-1.366e-05	-432
-1.364e-05	-432
-1.362e-05	-440
-1.36e-05	-432
-1.358e-05	-448
-1.356e-05	-432
-1.354e-05	-432
-1.352e-05	-440
-1.35e-05	-432
-1.348e-05	-432
-1.346e-05	-432
-1.344e-05	-432
-1.342e-05	-440
-1.34e-05	-440
-1.338e-05	-432
-1.336e-05	-432
-1.334e-05	-424
-1.332e-05	-440
-1.33e-05	-432
-1.328e-05	-432
-1.326e-05	-424
-1.324e-05	-424
-1.322e-05	-360
-1.32e-05	-208
-1.318e-05	-64
-1.316e-05	64
-1.314e-05	152
-1.312e-05	216
-1.31e-05	240
-1.308e-05	256
-1.306e-05	232
-1.304e-05	192
-1.302e-05	144
-1.3e-05	88
-1.298e-05	32
-1.296e-05	-24
-1.294e-05	-64
-1.292e-05	-104
-1.29e-05	-112
-1.288e-05	-96
-1.286e-05	-64
-1.284e-05	-24
-1.282e-05	16
-1.28e-05	32
-1.278e-05	64
-1.276e-05	72
-1.274e-05	72
-1.272e-05	88
-1.27e-05	96
-1.268e-05	80
-1.266e-05	72
-1.264e-05	56
-1.262e-05	32
-1.26e-05	24
-1.258e-05	4.6566e-14
-1.256e-05	-8
-1.254e-05	-16
-1.252e-05	-4.6566e-14
-1.25e-05	-8
-1.248e-05	-8
-1.246e-05	16
-1.244e-05	24
-1.242e-05	24
-1.24e-05	56
-1.238e-05	40
-1.236e-05	56
-1.234e-05	48
-1.232e-05	56
-1.23e-05	56
-1.228e-05	48
-1.226e-05	40
-1.224e-05	40
-1.222e-05	32
-1.22e-05	24
-1.218e-05	16
-1.216e-05	24
-1.214e-05	16
-1.212e-05	24
-1.21e-05	24
-1.208e-05	16
-1.206e-05	24
-1.204e-05	24
-1.202e-05	32
-1.2e-05	40
-1.198e-05	32
-1.196e-05	32
-1.194e-05	32
-1.192e-05	32
-1.19e-05	40
-1.188e-05	32
-1.186e-05	48
-1.184e-05	32
-1.182e-05	40
-1.18e-05	32
-1.178e-05	24
-1.176e-05	32
-1.174e-05	40
-1.172e-05	24
-1.17e-05	40
-1.168e-05	24
-1.166e-05	24
-1.164e-05	40
-1.162e-05	24
-1.16e-05	32
-1.158e-05	24
-1.156e-05	40
-1.154e-05	32
-1.152e-05	24
-1.15e-05	32
-1.148e-05	32
-1.146e-05	40
-1.144e-05	32
-1.142e-05	40
-1.14e-05	32
-1.138e-05	32
-1.136e-05	32
-1.134e-05	32
-1.132e-05	40
-1.13e-05	32
-1.128e-05	32
-1.126e-05	32
-1.124e-05	32
-1.122e-05	40
-1.12e-05	32
-1.118e-05	24
-1.116e-05	24
-1.114e-05	32
-1.112e-05	32
-1.11e-05	32
-1.108e-05	32
-1.106e-05	40
-1.104e-05	32
-1.102e-05	40
-1.1e-05	24
-1.098e-05	32
-1.096e-05	32
-1.094e-05	32
-1.092e-05	32
-1.09e-05	40
-1.088e-05	32
-1.086e-05	32
-1.084e-05	40
-1.082e-05	16
-1.08e-05	32
-1.078e-05	32
-1.076e-05	32
-1.074e-05	32
-1.072e-05	32
-1.07e-05	32
-1.068e-05	32
-1.066e-05	48
-1.064e-05	24
-1.062e-05	32
-1.06e-05	32
-1.058e-05	24
-1.056e-05	8
-1.054e-05	4.6566e-14
-1.052e-05	-16
-1.05e-05	-48
-1.048e-05	-64
-1.046e-05	-104
-1.044e-05	-136
-1.042e-05	-160
-1.04e-05	-176
-1.038e-05	-184
-1.036e-05	-208
-1.034e-05	-208
-1.032e-05	-200
-1.03e-05	-216
-1.028e-05	-208
-1.026e-05	-224
-1.024e-05	-248
-1.022e-05	-264
-1.02e-05	-288
-1.018e-05	-304
-1.016e-05	-320
-1.014e-05	-336
-1.012e-05	-344
-1.01e-05	-352
-1.008e-05	-360
-1.006e-05	-368
-1.004e-05	-368
-1.002e-05	-376
-1e-05	-392
-9.98e-06	-400
-9.96e-06	-408
-9.94e-06	-416
-9.92e-06	-432
-9.9e-06	-440
-9.88e-06	-432
-9.86e-06	-440
-9.84e-06	-448
-9.82e-06	-448
-9.8e-06	-440
-9.78e-06	-440
-9.76e-06	-440
-9.74e-06	-432
-9.72e-06	-432
-9.7e-06	-424
-9.68e-06	-432
-9.66e-06	-424
-9.64e-06	-432
-9.62e-06	-424
-9.6e-06	-424
-9.58e-06	-424
-9.56e-06	-440
-9.54e-06	-432
-9.52e-06	-432
-9.5e-06	-440
-9.48e-06	-432
-9.46e-06	-440
-9.44e-06	-432
-9.42e-06	-432
-9.4e-06	-440
-9.38e-06	-424
-9.36e-06	-424
-9.34e-06	-432
-9.32e-06	-432
-9.3e-06	-424
-9.28e-06	-432
-9.26e-06	-424
-9.24e-06	-432
-9.22e-06	-432
-9.2e-06	-424
-9.18e-06	-432
-9.16e-06	-424
-9.14e-06	-424
-9.12e-06	-424
-9.1e-06	-432
-9.08e-06	-432
-9.06e-06	-432
-9.04e-06	-432
-9.02e-06	-440
-9e-06	-432
-8.98e-06	-432
-8.96e-06	-432
-8.94e-06	-432
-8.92e-06	-432
-8.9e-06	-432
-8.88e-06	-432
-8.86e-06	-432
-8.84e-06	-432
-8.82e-06	-432
-8.8e-06	-424
-8.78e-06	-424
-8.76e-06	-424
-8.74e-06	-432
-8.72e-06	-432
-8.7e-06	-432
-8.68e-06	-432
-8.66e-06	-432
-8.64e-06	-432
-8.62e-06	-432
-8.6e-06	-440
-8.58e-06	-424
-8.56e-06	-432
-8.54e-06	-432
-8.52e-06	-432
-8.5e-06	-424
-8.48e-06	-432
-8.46e-06	-440
-8.44e-06	-424
-8.42e-06	-424
-8.4e-06	-440
-8.38e-06	-432
-8.36e-06	-432
-8.34e-06	-424
-8.32e-06	-440
-8.3e-06	-432
-8.28e-06	-432
-8.26e-06	-432
-8.24e-06	-448
-8.22e-06	-440
-8.2e-06	-440
-8.18e-06	-432
-8.16e-06	-424
-8.14e-06	-424
-8.12e-06	-440
-8.1e-06	-432
-8.08e-06	-432
-8.06e-06	-432
-8.04e-06	-432
-8.02e-06	-424
-8e-06	-432
-7.98e-06	-432
-7.96e-06	-440
-7.94e-06	-432
-7.92e-06	-432
-7.9e-06	-424
-7.88e-06	-432
-7.86e-06	-440
-7.84e-06	-432
-7.82e-06	-440
-7.8e-06	-432
-7.78e-06	-440
-7.76e-06	-440
-7.74e-06	-432
-7.72e-06	-432
-7.7e-06	-432
-7.68e-06	-432
-7.66e-06	-440
-7.64e-06	-432
-7.62e-06	-432
-7.6e-06	-432
-7.58e-06	-440
-7.56e-06	-440
-7.54e-06	-432
-7.52e-06	-432
-7.5e-06	-432
-7.48e-06	-432
-7.46e-06	-432
-7.44e-06	-432
-7.42e-06	-448
-7.4e-06	-432
-7.38e-06	-440
-7.36e-06	-440
-7.34e-06	-432
-7.32e-06	-432
-7.3e-06	-440
-7.28e-06	-432
-7.26e-06	-432
-7.24e-06	-432
-7.22e-06	-440
-7.2e-06	-440
-7.18e-06	-424
-7.16e-06	-432
-7.14e-06	-440
-7.12e-06	-424
-7.1e-06	-432
-7.08e-06	-432
-7.06e-06	-432
-7.04e-06	-440
-7.02e-06	-432
-7e-06	-432
-6.98e-06	-440
-6.96e-06	-440
-6.94e-06	-440
-6.92e-06	-432
-6.9e-06	-432
-6.88e-06	-424
-6.86e-06	-440
-6.84e-06	-432
-6.82e-06	-424
-6.8e-06	-432
-6.78e-06	-440
-6.76e-06	-432
-6.74e-06	-440
-6.72e-06	-440
-6.7e-06	-440
-6.68e-06	-440
-6.66e-06	-440
-6.64e-06	-440
-6.62e-06	-432
-6.6e-06	-424
-6.58e-06	-352
-6.56e-06	-200
-6.54e-06	-56
-6.52e-06	72
-6.5e-06	160
-6.48e-06	216
-6.46e-06	256
-6.44e-06	248
-6.42e-06	240
-6.4e-06	200
-6.38e-06	152
-6.36e-06	96
-6.34e-06	24
-6.32e-06	-32
-6.3e-06	-72
-6.28e-06	-104
-6.26e-06	-104
-6.24e-06	-88
-6.22e-06	-48
-6.2e-06	-16
-6.18e-06	24
-6.16e-06	56
-6.14e-06	56
-6.12e-06	72
-6.1e-06	80
-6.08e-06	96
-6.06e-06	88
-6.04e-06	88
-6.02e-06	72
-6e-06	40
-5.98e-06	40
-5.96e-06	24
-5.94e-06	16
-5.92e-06	-4.6566e-14
-5.9e-06	-8
-5.88e-06	-8
-5.86e-06	0
-5.84e-06	8
-5.82e-06	16
-5.8e-06	24
-5.78e-06	32
-5.76e-06	48
-5.74e-06	40
-5.72e-06	48
-5.7e-06	48
-5.68e-06	56
-5.66e-06	48
-5.64e-06	40
-5.62e-06	40
-5.6e-06	32
-5.58e-06	32
-5.56e-06	32
-5.54e-06	32
-5.52e-06	24
-5.5e-06	24
-5.48e-06	16
-5.46e-06	16
-5.44e-06	24
-5.42e-06	24
-5.4e-06	16
-5.38e-06	24
-5.36e-06	24
-5.34e-06	32
-5.32e-06	40
-5.3e-06	32
-5.28e-06	48
-5.26e-06	40
-5.24e-06	32
-5.22e-06	24
-5.2e-06	40
-5.18e-06	24
-5.16e-06	32
-5.14e-06	40
-5.12e-06	24
-5.1e-06	24
-5.08e-06	32
-5.06e-06	32
-5.04e-06	32
-5.02e-06	32
-5e-06	32
-4.98e-06	32
-4.96e-06	40
-4.94e-06	24
-4.92e-06	32
-4.9e-06	16
-4.88e-06	32
-4.86e-06	24
-4.84e-06	24
-4.82e-06	24
-4.8e-06	32
-4.78e-06	32
-4.76e-06	32
-4.74e-06	32
-4.72e-06	32
-4.7e-06	32
-4.68e-06	32
-4.66e-06	32
-4.64e-06	24
-4.62e-06	40
-4.6e-06	32
-4.58e-06	32
-4.56e-06	16
-4.54e-06	32
-4.52e-06	40
-4.5e-06	32
-4.48e-06	40
-4.46e-06	32
-4.44e-06	32
-4.42e-06	40
-4.4e-06	32
-4.38e-06	40
-4.36e-06	32
-4.34e-06	32
-4.32e-06	32
-4.3e-06	32
-4.28e-06	32
-4.26e-06	24
-4.24e-06	32
-4.22e-06	32
-4.2e-06	40
-4.18e-06	32
-4.16e-06	24
-4.14e-06	32
-4.12e-06	32
-4.1e-06	32
-4.08e-06	40
-4.06e-06	32
-4.04e-06	32
-4.02e-06	32
-4e-06	24
-3.98e-06	32
-3.96e-06	24
-3.94e-06	32
-3.92e-06	16
-3.9e-06	-8
-3.88e-06	-24
-3.86e-06	-40
-3.84e-06	-80
-3.82e-06	-104
-3.8e-06	-136
-3.78e-06	-160
-3.76e-06	-184
-3.74e-06	-192
-3.72e-06	-208
-3.7e-06	-200
-3.68e-06	-208
-3.66e-06	-216
-3.64e-06	-224
-3.62e-06	-240
-3.6e-06	-248
-3.58e-06	-272
-3.56e-06	-304
-3.54e-06	-312
-3.52e-06	-336
-3.5e-06	-336
-3.48e-06	-344
-3.46e-06	-368
-3.44e-06	-360
-3.42e-06	-368
-3.4e-06	-360
-3.38e-06	-384
-3.36e-06	-384
-3.34e-06	-400
-3.32e-06	-416
-3.3e-06	-416
-3.28e-06	-424
-3.26e-06	-432
-3.24e-06	-448
-3.22e-06	-432
-3.2e-06	-440
-3.18e-06	-440
-3.16e-06	-432
-3.14e-06	-432
-3.12e-06	-432
-3.1e-06	-432
-3.08e-06	-432
-3.06e-06	-440
-3.04e-06	-424
-3.02e-06	-432
-3e-06	-424
-2.98e-06	-416
-2.96e-06	-432
-2.94e-06	-424
-2.92e-06	-424
-2.9e-06	-440
-2.88e-06	-424
-2.86e-06	-440
-2.84e-06	-440
-2.82e-06	-432
-2.8e-06	-432
-2.78e-06	-440
-2.76e-06	-432
-2.74e-06	-424
-2.72e-06	-432
-2.7e-06	-432
-2.68e-06	-440
-2.66e-06	-432
-2.64e-06	-432
-2.62e-06	-432
-2.6e-06	-432
-2.58e-06	-432
-2.56e-06	-440
-2.54e-06	-432
-2.52e-06	-440
-2.5e-06	-416
-2.48e-06	-432
-2.46e-06	-432
-2.44e-06	-432
-2.42e-06	-440
-2.4e-06	-424
-2.38e-06	-432
-2.36e-06	-432
-2.34e-06	-424
-2.32e-06	-440
-2.3e-06	-424
-2.28e-06	-432
-2.26e-06	-440
-2.24e-06	-432
-2.22e-06	-424
-2.2e-06	-432
-2.18e-06	-432
-2.16e-06	-448
-2.14e-06	-432
-2.12e-06	-432
-2.1e-06	-424
-2.08e-06	-424
-2.06e-06	-440
-2.04e-06	-432
-2.02e-06	-432
-2e-06	-432
-1.98e-06	-424
-1.96e-06	-424
-1.94e-06	-440
-1.92e-06	-432
-1.9e-06	-432
-1.88e-06	-432
-1.86e-06	-432
-1.84e-06	-432
-1.82e-06	-440
-1.8e-06	-424
-1.78e-06	-432
-1.76e-06	-432
-1.74e-06	-440
-1.72e-06	-432
-1.7e-06	-432
-1.68e-06	-432
-1.66e-06	-424
-1.64e-06	-432
-1.62e-06	-440
-1.6e-06	-424
-1.58e-06	-440
-1.56e-06	-424
-1.54e-06	-432
-1.52e-06	-432
-1.5e-06	-432
-1.48e-06	-432
-1.46e-06	-432
-1.44e-06	-432
-1.42e-06	-432
-1.4e-06	-432
-1.38e-06	-432
-1.36e-06	-432
-1.34e-06	-440
-1.32e-06	-432
-1.3e-06	-424
-1.28e-06	-432
-1.26e-06	-432
-1.24e-06	-432
-1.22e-06	-424
-1.2e-06	-424
-1.18e-06	-432
-1.16e-06	-440
-1.14e-06	-432
-1.12e-06	-432
-1.1e-06	-448
-1.08e-06	-440
-1.06e-06	-432
-1.04e-06	-432
-1.02e-06	-432
-1e-06	-416
-9.8e-07	-432
-9.6e-07	-432
-9.4e-07	-432
-9.2e-07	-440
-9e-07	-432
-8.8e-07	-432
-8.6e-07	-432
-8.4e-07	-432
-8.2e-07	-424
-8e-07	-440
-7.8e-07	-424
-7.6e-07	-432
-7.4e-07	-432
-7.2e-07	-440
-7e-07	-432
-6.8e-07	-440
-6.6e-07	-440
-6.4e-07	-432
-6.2e-07	-432
-6e-07	-440
-5.8e-07	-432
-5.6e-07	-440
-5.4e-07	-432
-5.2e-07	-432
-5e-07	-424
-4.8e-07	-424
-4.6e-07	-432
-4.4e-07	-432
-4.2e-07	-424
-4e-07	-432
-3.8e-07	-432
-3.6e-07	-440
-3.4e-07	-432
-3.2e-07	-432
-3e-07	-440
-2.8e-07	-432
-2.6e-07	-432
-2.4e-07	-432
-2.2e-07	-424
-2e-07	-440
-1.8e-07	-440
-1.6e-07	-432
-1.4e-07	-432
-1.2e-07	-432
-1e-07	-424
-8e-08	-432
-6e-08	-432
-4e-08	-432
-2e-08	-432
0	-432
2e-08	-432
4e-08	-424
6e-08	-320
8e-08	-176
1e-07	-16
1.2e-07	104
1.4e-07	176
1.6e-07	240
1.8e-07	264
2e-07	248
2.2e-07	224
2.4e-07	184
2.6e-07	136
2.8e-07	80
3e-07	8
3.2e-07	-56
3.4e-07	-96
3.6e-07	-112
3.8e-07	-96
4e-07	-88
4.2e-07	-40
4.4e-07	-8
4.6e-07	24
4.8e-07	48
5e-07	72
5.2e-07	72
5.4e-07	88
5.6e-07	88
5.8e-07	88
6e-07	80
6.2e-07	72
6.4e-07	48
6.6e-07	40
6.8e-07	16
7e-07	0
7.2e-07	-9.3132e-14
7.4e-07	-8
7.6e-07	-8
7.8e-07	0
8e-07	8
8.2e-07	24
8.4e-07	16
8.6e-07	40
8.8e-07	48
9e-07	40
9.2e-07	56
9.4e-07	48
9.6e-07	40
9.8e-07	48
1e-06	48
1.02e-06	32
1.04e-06	40
1.06e-06	24
1.08e-06	32
1.1e-06	32
1.12e-06	16
1.14e-06	24
1.16e-06	8
1.18e-06	16
1.2e-06	24
1.22e-06	24
1.24e-06	32
1.26e-06	32
1.28e-06	32
1.3e-06	32
1.32e-06	40
1.34e-06	40
1.36e-06	32
1.38e-06	40
1.4e-06	40
1.42e-06	48
1.44e-06	32
1.46e-06	40
1.48e-06	32
1.5e-06	32
1.52e-06	32
1.54e-06	32
1.56e-06	40
1.58e-06	32
1.6e-06	32
1.62e-06	32
1.64e-06	32
1.66e-06	32
1.68e-06	32
1.7e-06	32
1.72e-06	32
1.74e-06	32
1.76e-06	40
1.78e-06	32
1.8e-06	40
1.82e-06	32
1.84e-06	32
1.86e-06	32
1.88e-06	40
1.9e-06	40
1.92e-06	32
1.94e-06	32
1.96e-06	32
1.98e-06	32
2e-06	40
2.02e-06	32
2.04e-06	32
2.06e-06	40
2.08e-06	32
2.1e-06	40
2.12e-06	32
2.14e-06	32
2.16e-06	48
2.18e-06	32
2.2e-06	32
2.22e-06	24
2.24e-06	32
2.26e-06	40
2.28e-06	32
2.3e-06	40
2.32e-06	24
2.34e-06	40
2.36e-06	32
2.38e-06	32
2.4e-06	32
2.42e-06	32
2.44e-06	32
2.46e-06	32
2.48e-06	24
2.5e-06	40
2.52e-06	32
2.54e-06	32
2.56e-06	32
2.58e-06	32
2.6e-06	32
2.62e-06	48
2.64e-06	40
2.66e-06	40
2.68e-06	32
2.7e-06	16
2.72e-06	16
2.74e-06	-16
2.76e-06	-24
2.78e-06	-56
2.8e-06	-80
2.82e-06	-112
2.84e-06	-152
2.86e-06	-168
2.88e-06	-192
2.9e-06	-200
2.92e-06	-200
2.94e-06	-200
2.96e-06	-200
2.98e-06	-216
3e-06	-216
3.02e-06	-232
3.04e-06	-248
3.06e-06	-280
3.08e-06	-304
3.1e-06	-312
3.12e-06	-336
3.14e-06	-336
3.16e-06	-344
3.18e-06	-360
3.2e-06	-360
3.22e-06	-368
3.24e-06	-376
3.26e-06	-376
3.28e-06	-392
3.3e-06	-400
3.32e-06	-424
3.34e-06	-424
3.36e-06	-440
3.38e-06	-448
3.4e-06	-432
3.42e-06	-448
3.44e-06	-440
3.46e-06	-440
3.48e-06	-440
3.5e-06	-448
3.52e-06	-440
3.54e-06	-432
3.56e-06	-424
3.58e-06	-432
3.6e-06	-432
3.62e-06	-424
3.64e-06	-424
3.66e-06	-432
3.68e-06	-432
3.7e-06	-432
3.72e-06	-432
3.74e-06	-440
3.76e-06	-440
3.78e-06	-432
3.8e-06	-432
3.82e-06	-432
3.84e-06	-448
3.86e-06	-432
3.88e-06	-424
3.9e-06	-424
3.92e-06	-424
3.94e-06	-432
3.96e-06	-432
3.98e-06	-432
4e-06	-424
4.02e-06	-440
4.04e-06	-424
4.06e-06	-424
4.08e-06	-440
4.1e-06	-432
4.12e-06	-432
4.14e-06	-432
4.16e-06	-424
4.18e-06	-424
4.2e-06	-440
4.22e-06	-416
4.24e-06	-440
4.26e-06	-432
4.28e-06	-432
4.3e-06	-432
4.32e-06	-432
4.34e-06	-440
4.36e-06	-432
4.38e-06	-432
4.4e-06	-424
4.42e-06	-440
4.44e-06	-424
4.46e-06	-424
4.48e-06	-432
4.5e-06	-432
4.52e-06	-432
4.54e-06	-432
4.56e-06	-432
4.58e-06	-440
4.6e-06	-424
4.62e-06	-432
4.64e-06	-432
4.66e-06	-424
4.68e-06	-432
4.7e-06	-424
4.72e-06	-440
4.74e-06	-432
4.76e-06	-432
4.78e-06	-432
4.8e-06	-432
4.82e-06	-440
4.84e-06	-440
4.86e-06	-440
4.88e-06	-424
4.9e-06	-432
4.92e-06	-440
4.94e-06	-432
4.96e-06	-424
4.98e-06	-432
5e-06	-432
5.02e-06	-432
5.04e-06	-432
5.06e-06	-424
5.08e-06	-440
5.1e-06	-440
5.12e-06	-440
5.14e-06	-424
5.16e-06	-432
5.18e-06	-440
5.2e-06	-440
5.22e-06	-448
5.24e-06	-432
5.26e-06	-432
5.28e-06	-432
5.3e-06	-440
5.32e-06	-432
5.34e-06	-440
5.36e-06	-432
5.38e-06	-432
5.4e-06	-432
5.42e-06	-432
5.44e-06	-440
5.46e-06	-432
5.48e-06	-432
5.5e-06	-432
5.52e-06	-432
5.54e-06	-440
5.56e-06	-432
5.58e-06	-440
5.6e-06	-432
5.62e-06	-432
5.64e-06	-440
5.66e-06	-440
5.68e-06	-440
5.7e-06	-440
5.72e-06	-440
5.74e-06	-440
5.76e-06	-432
5.78e-06	-432
5.8e-06	-440
5.82e-06	-432
5.84e-06	-440
5.86e-06	-440
5.88e-06	-432
5.9e-06	-440
5.92e-06	-432
5.94e-06	-440
5.96e-06	-432
5.98e-06	-440
6e-06	-432
6.02e-06	-432
6.04e-06	-424
6.06e-06	-432
6.08e-06	-440
6.1e-06	-440
6.12e-06	-424
6.14e-06	-432
6.16e-06	-432
6.18e-06	-440
6.2e-06	-432
6.22e-06	-440
6.24e-06	-448
6.26e-06	-440
6.28e-06	-440
6.3e-06	-432
6.32e-06	-432
6.34e-06	-448
6.36e-06	-432
6.38e-06	-440
6.4e-06	-448
6.42e-06	-440
6.44e-06	-432
6.46e-06	-432
6.48e-06	-440
6.5e-06	-440
6.52e-06	-432
6.54e-06	-432
6.56e-06	-440
6.58e-06	-432
6.6e-06	-432
6.62e-06	-432
6.64e-06	-432
6.66e-06	-440
6.68e-06	-408
6.7e-06	-296
6.72e-06	-160
6.74e-06	-8
6.76e-06	104
6.78e-06	184
6.8e-06	240
6.82e-06	256
6.84e-06	240
6.86e-06	224
6.88e-06	176
6.9e-06	136
6.92e-06	64
6.94e-06	8
6.96e-06	-48
6.98e-06	-88
7e-06	-104
7.02e-06	-104
7.04e-06	-80
7.06e-06	-32
7.08e-06	-8
7.1e-06	24
7.12e-06	40
7.14e-06	72
7.16e-06	88
7.18e-06	88
7.2e-06	88
7.22e-06	80
7.24e-06	72
7.26e-06	56
7.28e-06	40
7.3e-06	32
7.32e-06	8
7.34e-06	8
7.36e-06	1.397e-13
7.38e-06	-8
7.4e-06	-8
7.42e-06	0
7.44e-06	8
7.46e-06	32
7.48e-06	40
7.5e-06	40
7.52e-06	32
7.54e-06	56
7.56e-06	56
7.58e-06	48
7.6e-06	40
7.62e-06	48
7.64e-06	40
7.66e-06	40
7.68e-06	32
7.7e-06	32
7.72e-06	32
7.74e-06	24
7.76e-06	24
7.78e-06	16
7.8e-06	24
7.82e-06	24
7.84e-06	16
7.86e-06	24
7.88e-06	32
7.9e-06	24
7.92e-06	32
7.94e-06	40
7.96e-06	32
7.98e-06	40
8e-06	32
8.02e-06	40
8.04e-06	40
8.06e-06	32
8.08e-06	32
8.1e-06	40
8.12e-06	32
8.14e-06	40
8.16e-06	32
8.18e-06	24
8.2e-06	40
8.22e-06	32
8.24e-06	40
8.26e-06	24
8.28e-06	32
8.3e-06	40
8.32e-06	32
8.34e-06	32
8.36e-06	32
8.38e-06	32
8.4e-06	32
8.42e-06	32
8.44e-06	32
8.46e-06	40
8.48e-06	40
8.5e-06	32
8.52e-06	40
8.54e-06	32
8.56e-06	24
8.58e-06	40
8.6e-06	24
8.62e-06	32
8.64e-06	32
8.66e-06	40
8.68e-06	24
8.7e-06	32
8.72e-06	40
8.74e-06	24
8.76e-06	24
8.78e-06	40
8.8e-06	32
8.82e-06	32
8.84e-06	32
8.86e-06	32
8.88e-06	40
8.9e-06	32
8.92e-06	24
8.94e-06	40
8.96e-06	32
8.98e-06	32
9e-06	32
9.02e-06	32
9.04e-06	40
9.06e-06	32
9.08e-06	24
9.1e-06	16
9.12e-06	32
9.14e-06	32
9.16e-06	32
9.18e-06	32
9.2e-06	24
9.22e-06	32
9.24e-06	32
9.26e-06	32
9.28e-06	40
9.3e-06	32
9.32e-06	32
9.34e-06	24
9.36e-06	8
9.38e-06	-8
9.4e-06	-40
9.42e-06	-56
9.44e-06	-88
9.46e-06	-112
9.48e-06	-144
9.5e-06	-168
9.52e-06	-192
9.54e-06	-200
9.56e-06	-208
9.58e-06	-208
9.6e-06	-208
9.62e-06	-216
9.64e-06	-216
9.66e-06	-240
9.68e-06	-248
9.7e-06	-280
9.72e-06	-288
9.74e-06	-320
9.76e-06	-328
9.78e-06	-344
9.8e-06	-352
9.82e-06	-352
9.84e-06	-360
9.86e-06	-360
9.88e-06	-376
9.9e-06	-384
9.92e-06	-400
9.94e-06	-400
9.96e-06	-416
9.98e-06	-424
1e-05	-424
1.002e-05	-440
1.004e-05	-448
1.006e-05	-448
1.008e-05	-440
1.01e-05	-440
1.012e-05	-448
1.014e-05	-440
1.016e-05	-440
1.018e-05	-440
1.02e-05	-432
1.022e-05	-432
1.024e-05	-432
1.026e-05	-424
1.028e-05	-424
1.03e-05	-432
1.032e-05	-416
1.034e-05	-432
1.036e-05	-424
1.038e-05	-432
1.04e-05	-440
1.042e-05	-424
1.044e-05	-440
1.046e-05	-432
1.048e-05	-432
1.05e-05	-440
1.052e-05	-432
1.054e-05	-432
1.056e-05	-424
1.058e-05	-424
1.06e-05	-424
1.062e-05	-424
1.064e-05	-432
1.066e-05	-440
1.068e-05	-432
1.07e-05	-440
1.072e-05	-424
1.074e-05	-424
1.076e-05	-424
1.078e-05	-432
1.08e-05	-432
1.082e-05	-432
1.084e-05	-432
1.086e-05	-432
1.088e-05	-432
1.09e-05	-440
1.092e-05	-440
1.094e-05	-440
1.096e-05	-432
1.098e-05	-424
1.1e-05	-432
1.102e-05	-440
1.104e-05	-440
1.106e-05	-432
1.108e-05	-440
1.11e-05	-440
1.112e-05	-424
1.114e-05	-440
1.116e-05	-432
1.118e-05	-440
1.12e-05	-432
1.122e-05	-432
1.124e-05	-448
1.126e-05	-424
1.128e-05	-440
1.13e-05	-424
1.132e-05	-424
1.134e-05	-424
1.136e-05	-424
1.138e-05	-432
1.14e-05	-424
1.142e-05	-440
1.144e-05	-432
1.146e-05	-424
1.148e-05	-440
1.15e-05	-432
1.152e-05	-440
1.154e-05	-432
1.156e-05	-432
1.158e-05	-432
1.16e-05	-432
1.162e-05	-440
1.164e-05	-440
1.166e-05	-432
1.168e-05	-432
1.17e-05	-432
1.172e-05	-432
1.174e-05	-432
1.176e-05	-432
1.178e-05	-424
1.18e-05	-440
1.182e-05	-432
1.184e-05	-432
1.186e-05	-440
1.188e-05	-440
1.19e-05	-432
1.192e-05	-432
1.194e-05	-440
1.196e-05	-424
1.198e-05	-432
1.2e-05	-424
1.202e-05	-424
1.204e-05	-432
1.206e-05	-432
1.208e-05	-432
1.21e-05	-432
1.212e-05	-440
1.214e-05	-432
1.216e-05	-432
1.218e-05	-432
1.22e-05	-440
1.222e-05	-432
1.224e-05	-440
1.226e-05	-424
1.228e-05	-432
1.23e-05	-440
1.232e-05	-432
1.234e-05	-432
1.236e-05	-448
1.238e-05	-432
1.24e-05	-432
1.242e-05	-432
1.244e-05	-432
1.246e-05	-432
1.248e-05	-440
1.25e-05	-424
1.252e-05	-432
1.254e-05	-424
1.256e-05	-424
1.258e-05	-440
1.26e-05	-432
1.262e-05	-432
1.264e-05	-432
1.266e-05	-440
1.268e-05	-432
1.27e-05	-432
1.272e-05	-424
1.274e-05	-432
1.276e-05	-440
1.278e-05	-432
1.28e-05	-432
1.282e-05	-424
1.284e-05	-432
1.286e-05	-432
1.288e-05	-432
1.29e-05	-432
1.292e-05	-440
1.294e-05	-440
1.296e-05	-440
1.298e-05	-440
1.3e-05	-440
1.302e-05	-432
1.304e-05	-440
1.306e-05	-440
1.308e-05	-432
1.31e-05	-432
1.312e-05	-432
1.314e-05	-432
1.316e-05	-432
1.318e-05	-440
1.32e-05	-440
1.322e-05	-432
1.324e-05	-432
1.326e-05	-440
1.328e-05	-424
1.33e-05	-424
1.332e-05	-400
1.334e-05	-280
1.336e-05	-120
1.338e-05	16
1.34e-05	128
1.342e-05	200
1.344e-05	240
1.346e-05	256
1.348e-05	240
1.35e-05	208
1.352e-05	176
1.354e-05	112
1.356e-05	56
1.358e-05	-8
1.36e-05	-48
1.362e-05	-88
1.364e-05	-104
1.366e-05	-96
1.368e-05	-56
1.37e-05	-40
1.372e-05	-9.3132e-14
1.374e-05	32
1.376e-05	64
1.378e-05	80
1.38e-05	72
1.382e-05	96
1.384e-05	88
1.386e-05	80
1.388e-05	72
1.39e-05	56
1.392e-05	40
1.394e-05	32
1.396e-05	8
1.398e-05	16
1.4e-05	-8
1.402e-05	-8
1.404e-05	4.6566e-14
1.406e-05	4.6566e-14
1.408e-05	16
1.41e-05	24
1.412e-05	24
1.414e-05	48
1.416e-05	40
1.418e-05	56
1.42e-05	48
1.422e-05	48
1.424e-05	56
1.426e-05	48
1.428e-05	48
1.43e-05	32
1.432e-05	32
1.434e-05	32
1.436e-05	40
1.438e-05	32
1.44e-05	8
1.442e-05	16
1.444e-05	16
1.446e-05	24
1.448e-05	24
1.45e-05	24
1.452e-05	40
1.454e-05	40
1.456e-05	32
1.458e-05	24
1.46e-05	32
1.462e-05	32
1.464e-05	40
1.466e-05	32
1.468e-05	32
1.47e-05	40
1.472e-05	40
1.474e-05	40
1.476e-05	32
1.478e-05	40
1.48e-05	24
1.482e-05	24
1.484e-05	40
1.486e-05	24
1.488e-05	32
1.49e-05	40
1.492e-05	24
1.494e-05	24
1.496e-05	40
1.498e-05	24
1.5e-05	24
1.502e-05	32
1.504e-05	32
1.506e-05	32
1.508e-05	32
1.51e-05	32
1.512e-05	32
1.514e-05	24
1.516e-05	32
1.518e-05	40
1.52e-05	32
1.522e-05	32
1.524e-05	24
1.526e-05	32
1.528e-05	40
1.53e-05	32
1.532e-05	48
1.534e-05	32
1.536e-05	40
1.538e-05	40
1.54e-05	40
1.542e-05	32
1.544e-05	24
1.546e-05	48
1.548e-05	32
1.55e-05	32
1.552e-05	40
1.554e-05	32
1.556e-05	40
1.558e-05	24
1.56e-05	32
1.562e-05	32
1.564e-05	32
1.566e-05	40
1.568e-05	24
1.57e-05	32
1.572e-05	32
1.574e-05	32
1.576e-05	40
1.578e-05	24
1.58e-05	32
1.582e-05	32
1.584e-05	32
1.586e-05	40
1.588e-05	32
1.59e-05	24
1.592e-05	40
1.594e-05	24
1.596e-05	32
1.598e-05	24
1.6e-05	16
1.602e-05	-4.6566e-14
1.604e-05	-32
1.606e-05	-48
1.608e-05	-88
1.61e-05	-120
1.612e-05	-152
1.614e-05	-184
1.616e-05	-176
1.618e-05	-208
1.62e-05	-200
1.622e-05	-208
1.624e-05	-216
1.626e-05	-208
1.628e-05	-224
1.63e-05	-240
1.632e-05	-256
1.634e-05	-288
1.636e-05	-304
1.638e-05	-328
1.64e-05	-336
1.642e-05	-344
1.644e-05	-352
1.646e-05	-368
1.648e-05	-352
1.65e-05	-368
1.652e-05	-368
1.654e-05	-384
1.656e-05	-392
1.658e-05	-400
1.66e-05	-416
1.662e-05	-416
1.664e-05	-432
1.666e-05	-440
1.668e-05	-440
1.67e-05	-456
1.672e-05	-448
1.674e-05	-440
1.676e-05	-432
1.678e-05	-440
1.68e-05	-440
1.682e-05	-432
1.684e-05	-440
1.686e-05	-424
1.688e-05	-432
1.69e-05	-432
1.692e-05	-432
1.694e-05	-424
1.696e-05	-424
1.698e-05	-432
1.7e-05	-432
1.702e-05	-440
1.704e-05	-432
1.706e-05	-424
1.708e-05	-440
1.71e-05	-440
1.712e-05	-432
1.714e-05	-424
1.716e-05	-432
1.718e-05	-432
1.72e-05	-424
1.722e-05	-440
1.724e-05	-424
1.726e-05	-440
1.728e-05	-432
1.73e-05	-432
1.732e-05	-432
1.734e-05	-440
1.736e-05	-424
1.738e-05	-424
1.74e-05	-424
1.742e-05	-424
1.744e-05	-432
1.746e-05	-432
1.748e-05	-432
1.75e-05	-440
1.752e-05	-440
1.754e-05	-432
1.756e-05	-432
1.758e-05	-432
1.76e-05	-432
1.762e-05	-432
1.764e-05	-432
1.766e-05	-432
1.768e-05	-424
1.77e-05	-432
1.772e-05	-424
1.774e-05	-440
1.776e-05	-424
1.778e-05	-432
1.78e-05	-440
1.782e-05	-432
1.784e-05	-432
1.786e-05	-432
1.788e-05	-424
1.79e-05	-424
1.792e-05	-432
1.794e-05	-432
1.796e-05	-432
1.798e-05	-432
1.8e-05	-424
1.802e-05	-432
1.804e-05	-424
1.806e-05	-440
1.808e-05	-432
1.81e-05	-432
1.812e-05	-432
1.814e-05	-440
1.816e-05	-432
1.818e-05	-432
1.82e-05	-440
1.822e-05	-432
1.824e-05	-432
1.826e-05	-432
1.828e-05	-432
1.83e-05	-424
1.832e-05	-432
1.834e-05	-432
1.836e-05	-432
1.838e-05	-432
1.84e-05	-432
1.842e-05	-432
1.844e-05	-432
1.846e-05	-424
1.848e-05	-432
1.85e-05	-424
1.852e-05	-432
1.854e-05	-432
1.856e-05	-424
1.858e-05	-440
1.86e-05	-440
1.862e-05	-424
1.864e-05	-432
1.866e-05	-424
1.868e-05	-432
1.87e-05	-440
1.872e-05	-432
1.874e-05	-424
1.876e-05	-432
1.878e-05	-432
1.88e-05	-440
1.882e-05	-440
1.884e-05	-432
1.886e-05	-432
1.888e-05	-432
1.89e-05	-432
1.892e-05	-432
1.894e-05	-432
1.896e-05	-432
1.898e-05	-440
1.9e-05	-432
1.902e-05	-440
1.904e-05	-432
1.906e-05	-440
1.908e-05	-432
1.91e-05	-432
1.912e-05	-432
1.914e-05	-432
1.916e-05	-432
1.918e-05	-432
1.92e-05	-432
1.922e-05	-424
1.924e-05	-424
1.926e-05	-440
1.928e-05	-432
1.93e-05	-432
1.932e-05	-432
1.934e-05	-440
1.936e-05	-432
1.938e-05	-416
1.94e-05	-432
1.942e-05	-432
1.944e-05	-432
1.946e-05	-424
1.948e-05	-440
1.95e-05	-432
1.952e-05	-432
1.954e-05	-440
1.956e-05	-424
1.958e-05	-440
1.96e-05	-440
1.962e-05	-432
1.964e-05	-432
1.966e-05	-440
1.968e-05	-432
1.97e-05	-432
1.972e-05	-432
1.974e-05	-432
1.976e-05	-432
1.978e-05	-432
1.98e-05	-440
1.982e-05	-440
1.984e-05	-432
1.986e-05	-440
1.988e-05	-432
1.99e-05	-432
1.992e-05	-432
1.994e-05	-432
1.996e-05	-368
1.998e-05	-240
2e-05	-80
2.002e-05	48
2.004e-05	136
2.006e-05	200
2.008e-05	240
2.01e-05	256
2.012e-05	240
2.014e-05	200
2.016e-05	160
2.018e-05	104
2.02e-05	40
2.022e-05	-8
2.024e-05	-64
2.026e-05	-104
2.028e-05	-112
2.03e-05	-104
2.032e-05	-64
2.034e-05	-32
2.036e-05	16
2.038e-05	40
2.04e-05	56
2.042e-05	72
2.044e-05	88
2.046e-05	88
2.048e-05	88
2.05e-05	88
2.052e-05	64
2.054e-05	64
2.056e-05	40
2.058e-05	24
2.06e-05	16
2.062e-05	0
2.064e-05	-9.3132e-14
2.066e-05	4.6566e-14
2.068e-05	-8
2.07e-05	-8
2.072e-05	16
2.074e-05	32
2.076e-05	32
2.078e-05	40
2.08e-05	40
2.082e-05	48
2.084e-05	56
2.086e-05	40
2.088e-05	48
2.09e-05	56
2.092e-05	40
2.094e-05	40
2.096e-05	40
2.098e-05	24
2.1e-05	24
2.102e-05	32
2.104e-05	24
2.106e-05	24
2.108e-05	24
2.11e-05	24
2.112e-05	32
2.114e-05	24
2.116e-05	32
2.118e-05	32
2.12e-05	32
2.122e-05	48
2.124e-05	32
2.126e-05	56
2.128e-05	32
2.13e-05	40
2.132e-05	32
2.134e-05	32
2.136e-05	32
2.138e-05	40
2.14e-05	40
2.142e-05	32
2.144e-05	40
2.146e-05	24
2.148e-05	24
2.15e-05	32
2.152e-05	32
2.154e-05	32
2.156e-05	40
2.158e-05	24
2.16e-05	48
2.162e-05	40
2.164e-05	24
2.166e-05	32
2.168e-05	32
2.17e-05	32
2.172e-05	32
2.174e-05	32
2.176e-05	40
2.178e-05	32
2.18e-05	48
2.182e-05	24
2.184e-05	24
2.186e-05	32
2.188e-05	32
2.19e-05	32
2.192e-05	32
2.194e-05	24
2.196e-05	40
2.198e-05	32
2.2e-05	40
2.202e-05	40
2.204e-05	32
2.206e-05	32
2.208e-05	32
2.21e-05	40
2.212e-05	40
2.214e-05	32
2.216e-05	40
2.218e-05	32
2.22e-05	32
2.222e-05	32
2.224e-05	40
2.226e-05	40
2.228e-05	32
2.23e-05	32
2.232e-05	24
2.234e-05	32
2.236e-05	32
2.238e-05	40
2.24e-05	24
2.242e-05	40
2.244e-05	32
2.246e-05	48
2.248e-05	24
2.25e-05	32
2.252e-05	32
2.254e-05	16
2.256e-05	40
2.258e-05	32
2.26e-05	32
2.262e-05	16
2.264e-05	16
2.266e-05	-16
2.268e-05	-48
2.27e-05	-56
2.272e-05	-88
2.274e-05	-128
2.276e-05	-152
2.278e-05	-176
2.28e-05	-184
2.282e-05	-192
2.284e-05	-208
2.286e-05	-200
2.288e-05	-208
2.29e-05	-224
2.292e-05	-232
2.294e-05	-240
2.296e-05	-264
2.298e-05	-288
2.3e-05	-312
2.302e-05	-320
2.304e-05	-344
2.306e-05	-344
2.308e-05	-352
2.31e-05	-360
2.312e-05	-360
2.314e-05	-368
2.316e-05	-376
2.318e-05	-384
2.32e-05	-392
2.322e-05	-408
2.324e-05	-408
2.326e-05	-424
2.328e-05	-432
2.33e-05	-440
2.332e-05	-448
2.334e-05	-440
2.336e-05	-440
2.338e-05	-432
2.34e-05	-440
2.342e-05	-432
2.344e-05	-432
2.346e-05	-432
2.348e-05	-424
2.35e-05	-432
2.352e-05	-424
2.354e-05	-416
2.356e-05	-432
2.358e-05	-432
2.36e-05	-424
2.362e-05	-416
2.364e-05	-424
2.366e-05	-432
2.368e-05	-440
2.37e-05	-432
2.372e-05	-432
2.374e-05	-432
2.376e-05	-432
2.378e-05	-432
2.38e-05	-432
2.382e-05	-432
2.384e-05	-424
2.386e-05	-424
2.388e-05	-424
2.39e-05	-432
2.392e-05	-424
2.394e-05	-424
2.396e-05	-432
2.398e-05	-432
2.4e-05	-440
2.402e-05	-424
2.404e-05	-424
2.406e-05	-432
2.408e-05	-424
2.41e-05	-432
2.412e-05	-432
2.414e-05	-424
2.416e-05	-424
2.418e-05	-424
2.42e-05	-432
2.422e-05	-432
2.424e-05	-432
2.426e-05	-440
2.428e-05	-424
2.43e-05	-432
2.432e-05	-432
2.434e-05	-432
2.436e-05	-424
2.438e-05	-424
2.44e-05	-424
2.442e-05	-432
2.444e-05	-424
2.446e-05	-432
2.448e-05	-432
2.45e-05	-432
2.452e-05	-440
2.454e-05	-424
2.456e-05	-424
2.458e-05	-432
2.46e-05	-424
2.462e-05	-424
2.464e-05	-432
2.466e-05	-432
2.468e-05	-432
2.47e-05	-432
2.472e-05	-432
2.474e-05	-424
2.476e-05	-440
2.478e-05	-440
2.48e-05	-440
2.482e-05	-440
2.484e-05	-440
2.486e-05	-432
2.488e-05	-440
2.49e-05	-432
2.492e-05	-432
2.494e-05	-432
2.496e-05	-440
2.498e-05	-424
2.5e-05	-432
2.502e-05	-440
2.504e-05	-440
2.506e-05	-440
2.508e-05	-432
2.51e-05	-440
2.512e-05	-432
2.514e-05	-440
2.516e-05	-432
2.518e-05	-424
2.52e-05	-440
2.522e-05	-432
2.524e-05	-432
2.526e-05	-432
2.528e-05	-440
2.53e-05	-432
2.532e-05	-432
2.534e-05	-432
2.536e-05	-432
2.538e-05	-440
2.54e-05	-432
2.542e-05	-440
2.544e-05	-440
2.546e-05	-440
2.548e-05	-440
2.55e-05	-432
2.552e-05	-432
2.554e-05	-432
2.556e-05	-440
2.558e-05	-432
2.56e-05	-432
2.562e-05	-432
2.564e-05	-440
2.566e-05	-440
2.568e-05	-432
2.57e-05	-432
2.572e-05	-432
2.574e-05	-440
2.576e-05	-432
2.578e-05	-440
2.58e-05	-432
2.582e-05	-432
2.584e-05	-424
2.586e-05	-440
2.588e-05	-432
2.59e-05	-440
2.592e-05	-424
2.594e-05	-424
2.596e-05	-424
2.598e-05	-440
2.6e-05	-440
2.602e-05	-440
2.604e-05	-432
2.606e-05	-432
2.608e-05	-432
2.61e-05	-432
2.612e-05	-440
2.614e-05	-424
2.616e-05	-424
2.618e-05	-440
2.62e-05	-440
2.622e-05	-432
2.624e-05	-440
2.626e-05	-432
2.628e-05	-432
2.63e-05	-432
2.632e-05	-440
2.634e-05	-432
2.636e-05	-432
2.638e-05	-432
2.64e-05	-440
2.642e-05	-440
2.644e-05	-440
2.646e-05	-440
2.648e-05	-432
2.65e-05	-432
2.652e-05	-440
2.654e-05	-440
2.656e-05	-432
2.658e-05	-432
2.66e-05	-360
2.662e-05	-208
2.664e-05	-64
2.666e-05	72
2.668e-05	152
2.67e-05	216
2.672e-05	256
2.674e-05	240
2.676e-05	248
2.678e-05	192
2.68e-05	144
2.682e-05	96
2.684e-05	40
2.686e-05	-32
2.688e-05	-80
2.69e-05	-112
2.692e-05	-112
2.694e-05	-80
2.696e-05	-56
2.698e-05	-16
2.7e-05	16
2.702e-05	32
2.704e-05	64
2.706e-05	88
2.708e-05	80
2.71e-05	88
2.712e-05	80
2.714e-05	80
2.716e-05	72
2.718e-05	56
2.72e-05	32
2.722e-05	24
2.724e-05	16
2.726e-05	-8
2.728e-05	-1.397e-13
2.73e-05	-8
2.732e-05	0
2.734e-05	16
2.736e-05	24
2.738e-05	32
2.74e-05	32
2.742e-05	40
2.744e-05	40
2.746e-05	40
2.748e-05	56
2.75e-05	48
2.752e-05	40
2.754e-05	56
2.756e-05	24
2.758e-05	32
2.76e-05	24
2.762e-05	32
2.764e-05	24
2.766e-05	16
2.768e-05	16
2.77e-05	24
2.772e-05	16
2.774e-05	24
2.776e-05	24
2.778e-05	16
2.78e-05	32
2.782e-05	32
2.784e-05	40
2.786e-05	32
2.788e-05	40
2.79e-05	48
2.792e-05	32
2.794e-05	40
2.796e-05	40
2.798e-05	32
2.8e-05	40
2.802e-05	24
2.804e-05	32
2.806e-05	32
2.808e-05	40
2.81e-05	32
2.812e-05	24
2.814e-05	32
2.816e-05	32
2.818e-05	24
2.82e-05	32
2.822e-05	32
2.824e-05	32
2.826e-05	24
2.828e-05	40
2.83e-05	32
2.832e-05	24
2.834e-05	32
2.836e-05	32
2.838e-05	40
2.84e-05	32
2.842e-05	32
2.844e-05	32
2.846e-05	32
2.848e-05	32
2.85e-05	32
2.852e-05	40
2.854e-05	32
2.856e-05	32
2.858e-05	40
2.86e-05	32
2.862e-05	24
2.864e-05	32
2.866e-05	32
2.868e-05	32
2.87e-05	40
2.872e-05	32
2.874e-05	32
2.876e-05	32
2.878e-05	24
2.88e-05	24
2.882e-05	32
2.884e-05	24
2.886e-05	24
2.888e-05	32
2.89e-05	32
2.892e-05	32
2.894e-05	32
2.896e-05	24
2.898e-05	32
2.9e-05	32
2.902e-05	40
2.904e-05	40
2.906e-05	32
2.908e-05	40
2.91e-05	24
2.912e-05	32
2.914e-05	32
2.916e-05	32
2.918e-05	40
2.92e-05	24
2.922e-05	40
2.924e-05	32
2.926e-05	24
2.928e-05	8
2.93e-05	-16
2.932e-05	-40
2.934e-05	-72
2.936e-05	-96
2.938e-05	-136
2.94e-05	-160
2.942e-05	-184
2.944e-05	-192
2.946e-05	-208
2.948e-05	-208
2.95e-05	-208
2.952e-05	-200
2.954e-05	-224
2.956e-05	-224
2.958e-05	-248
2.96e-05	-272
2.962e-05	-288
2.964e-05	-312
2.966e-05	-320
2.968e-05	-336
2.97e-05	-352
2.972e-05	-360
2.974e-05	-360
2.976e-05	-368
2.978e-05	-368
2.98e-05	-368
2.982e-05	-400
2.984e-05	-400
2.986e-05	-408
2.988e-05	-416
2.99e-05	-424
2.992e-05	-432
2.994e-05	-440
2.996e-05	-440
2.998e-05	-448
3e-05	-448
3.002e-05	-440
3.004e-05	-440
3.006e-05	-424
3.008e-05	-424
3.01e-05	-432
3.012e-05	-424
3.014e-05	-432
3.016e-05	-424
3.018e-05	-432
3.02e-05	-424
3.022e-05	-416
3.024e-05	-432
3.026e-05	-440
3.028e-05	-432
3.03e-05	-432
3.032e-05	-432
3.034e-05	-432
3.036e-05	-432
3.038e-05	-424
3.04e-05	-432
3.042e-05	-424
3.044e-05	-424
3.046e-05	-424
3.048e-05	-432
3.05e-05	-424
3.052e-05	-432
3.054e-05	-424
3.056e-05	-424
3.058e-05	-424
3.06e-05	-432
3.062e-05	-432
3.064e-05	-440
3.066e-05	-432
3.068e-05	-432
3.07e-05	-432
3.072e-05	-432
3.074e-05	-440
3.076e-05	-440
3.078e-05	-432
3.08e-05	-424
3.082e-05	-448
3.084e-05	-440
3.086e-05	-440
3.088e-05	-440
3.09e-05	-432
3.092e-05	-424
3.094e-05	-440
3.096e-05	-432
3.098e-05	-432
3.1e-05	-432
3.102e-05	-432
3.104e-05	-432
3.106e-05	-432
3.108e-05	-440
3.11e-05	-432
3.112e-05	-432
3.114e-05	-432
3.116e-05	-432
3.118e-05	-440
3.12e-05	-424
3.122e-05	-432
3.124e-05	-440
3.126e-05	-424
3.128e-05	-440
3.13e-05	-432
3.132e-05	-424
3.134e-05	-424
3.136e-05	-424
3.138e-05	-432
3.14e-05	-440
3.142e-05	-432
3.144e-05	-432
3.146e-05	-432
3.148e-05	-432
3.15e-05	-424
3.152e-05	-432
3.154e-05	-424
3.156e-05	-424
3.158e-05	-432
3.16e-05	-432
3.162e-05	-432
3.164e-05	-432
3.166e-05	-424
3.168e-05	-432
3.17e-05	-432
3.172e-05	-432
3.174e-05	-440
3.176e-05	-432
3.178e-05	-432
3.18e-05	-424
3.182e-05	-440
3.184e-05	-440
3.186e-05	-432
3.188e-05	-424
3.19e-05	-432
3.192e-05	-432
3.194e-05	-432
3.196e-05	-432
3.198e-05	-432
3.2e-05	-440
3.202e-05	-440
3.204e-05	-440
3.206e-05	-432
3.208e-05	-432
3.21e-05	-432
3.212e-05	-432
3.214e-05	-440
3.216e-05	-432
3.218e-05	-440
3.22e-05	-432
3.222e-05	-432
3.224e-05	-440
3.226e-05	-432
3.228e-05	-432
3.23e-05	-432
3.232e-05	-432
3.234e-05	-424
3.236e-05	-432
3.238e-05	-432
3.24e-05	-432
3.242e-05	-440
3.244e-05	-440
3.246e-05	-432
3.248e-05	-432
3.25e-05	-432
3.252e-05	-432
3.254e-05	-440
3.256e-05	-432
3.258e-05	-440
3.26e-05	-432
3.262e-05	-440
3.264e-05	-440
3.266e-05	-424
3.268e-05	-448
3.27e-05	-432
3.272e-05	-432
3.274e-05	-432
3.276e-05	-432
3.278e-05	-432
3.28e-05	-440
3.282e-05	-440
3.284e-05	-432
3.286e-05	-440
3.288e-05	-440
3.29e-05	-440
3.292e-05	-440
3.294e-05	-432
3.296e-05	-432
3.298e-05	-440
3.3e-05	-432
3.302e-05	-432
3.304e-05	-432
3.306e-05	-432
3.308e-05	-424
3.31e-05	-432
3.312e-05	-432
3.314e-05	-432
3.316e-05	-440
3.318e-05	-440
3.32e-05	-440
3.322e-05	-424
3.324e-05	-344
3.326e-05	-200
3.328e-05	-40
3.33e-05	72
3.332e-05	160
3.334e-05	208
3.336e-05	240
3.338e-05	248
3.34e-05	240
3.342e-05	192
3.344e-05	144
3.346e-05	80
3.348e-05	32
3.35e-05	-40
3.352e-05	-80
3.354e-05	-104
3.356e-05	-104
3.358e-05	-80
3.36e-05	-56
3.362e-05	-8
3.364e-05	24
3.366e-05	48
3.368e-05	72
3.37e-05	72
3.372e-05	88
3.374e-05	88
3.376e-05	88
3.378e-05	88
3.38e-05	72
3.382e-05	48
3.384e-05	40
3.386e-05	16
3.388e-05	8
3.39e-05	-8
3.392e-05	-8
3.394e-05	0
3.396e-05	-16
3.398e-05	4.6566e-14
3.4e-05	8
3.402e-05	32
3.404e-05	32
3.406e-05	32
3.408e-05	48
3.41e-05	40
3.412e-05	48
3.414e-05	56
3.416e-05	56
3.418e-05	48
3.42e-05	48
3.422e-05	32
3.424e-05	40
3.426e-05	32
3.428e-05	24
3.43e-05	24
3.432e-05	24
3.434e-05	8
3.436e-05	32
3.438e-05	24
3.44e-05	32
3.442e-05	16
3.444e-05	24
3.446e-05	32
3.448e-05	32
3.45e-05	32
3.452e-05	32
3.454e-05	40
3.456e-05	32
3.458e-05	32
3.46e-05	24
3.462e-05	32
3.464e-05	40
3.466e-05	24
3.468e-05	32
3.47e-05	32
3.472e-05	24
3.474e-05	24
3.476e-05	32
3.478e-05	32
3.48e-05	32
3.482e-05	32
3.484e-05	32
3.486e-05	32
3.488e-05	32
3.49e-05	24
3.492e-05	32
3.494e-05	24
3.496e-05	32
3.498e-05	32
3.5e-05	32
3.502e-05	32
3.504e-05	32
3.506e-05	32
3.508e-05	32
3.51e-05	32
3.512e-05	40
3.514e-05	32
3.516e-05	32
3.518e-05	40
