0.0	512500.0
20000.000000000193	0.0
40000.000000000386	3.823599844271263e-12
60000.00000000058	0.0
80000.00000000077	2.6588316563186908e-11
100000.00000000096	0.0
120000.00000000116	1.2325282660120127e-11
140000.00000000134	0.0
160000.00000000154	1.0755335848598301e-11
180000.00000000175	0.0
200000.00000000192	374023.96010429057
220000.00000000212	0.0
240000.00000000233	7.170374872491032e-12
260000.0000000025	0.0
280000.0000000027	4.22915374904162e-12
300000.0000000029	0.0
320000.0000000031	6.647499025935357e-12
340000.00000000326	0.0
360000.0000000035	1.1459946971193382e-12
380000.00000000367	0.0
400000.00000000384	0.0
420000.0000000041	0.0
440000.00000000425	5.139970960500449e-12
460000.0000000044	0.0
480000.00000000466	4.432039287034447e-12
500000.00000000483	0.0
520000.000000005	2.2724658238304853e-12
540000.0000000052	0.0
560000.0000000054	3.0735354943394105e-12
580000.0000000056	0.0
600000.0000000058	124700.9079568402
620000.0000000059	0.0
640000.0000000062	2.689513452727035e-12
660000.0000000064	0.0
680000.0000000065	9.127995298452143e-12
700000.0000000068	0.0
720000.000000007	2.955252869939652e-12
740000.0000000071	0.0
760000.0000000073	1.604363742243549e-12
780000.0000000076	0.0
800000.0000000077	0.0
820000.0000000079	0.0
840000.0000000081	4.59805378315693e-12
860000.0000000083	0.0
880000.0000000085	2.4183415497846766e-12
900000.0000000087	0.0
920000.0000000088	1.2726732429372681e-12
940000.0000000091	0.0
960000.0000000093	1.7936132094558502e-12
980000.0000000094	0.0
1000000.0000000097	74852.06421657068
1020000.0000000098	0.0
1040000.00000001	1.6558173168237076e-12
1060000.0000000102	0.0
1080000.0000000105	7.1127265555232786e-12
1100000.0000000107	0.0
1120000.0000000107	1.9007258700933643e-12
1140000.000000011	0.0
1160000.0000000112	3.905513219447032e-12
1180000.0000000114	0.0
1200000.0000000116	0.0
1220000.0000000119	0.0
1240000.0000000119	3.105550268878658e-12
1260000.000000012	0.0
1280000.0000000123	1.6635555603525395e-12
1300000.0000000126	0.0
1320000.0000000128	1.9134617823847276e-12
1340000.0000000128	0.0
1360000.000000013	1.266853498660024e-12
1380000.0000000133	0.0
1400000.0000000135	53499.555891481374
1420000.0000000137	0.0
1440000.000000014	1.1966491962954386e-12
1460000.000000014	0.0
1480000.0000000142	2.7908812015504263e-12
1500000.0000000144	0.0
1520000.0000000147	1.401508766765014e-12
1540000.000000015	0.0
1560000.0000000151	2.5184470159537658e-12
1580000.0000000151	0.0
1600000.0000000154	0.0
1620000.0000000156	0.0
1640000.0000000158	3.299206959668964e-12
1660000.000000016	0.0
1680000.0000000163	1.268459279934309e-12
1700000.0000000163	0.0
1720000.0000000165	3.694364876310574e-12
1740000.0000000168	0.0
1760000.000000017	9.797369546317428e-13
1780000.0000000172	0.0
1800000.0000000175	41645.84932672583
1820000.0000000175	0.0
1840000.0000000177	9.373174488854049e-13
1860000.000000018	0.0
1880000.0000000182	1.672663295846613e-12
1900000.0000000184	0.0
1920000.0000000186	1.1105335579789472e-12
1940000.0000000186	0.0
1960000.0000000189	9.534475812903743e-13
1980000.000000019	0.0
2000000.0000000193	0.0
2020000.0000000196	0.0
2040000.0000000196	1.6332768113282593e-12
2060000.0000000198	0.0
2080000.00000002	1.025540122769602e-12
2100000.00000002	0.0
2120000.0000000205	2.761289683108314e-12
2140000.0000000205	0.0
2160000.000000021	7.991290663203733e-13
2180000.000000021	0.0
2200000.0000000214	34109.80539083798
2220000.0000000214	0.0
2240000.0000000214	7.707674646102653e-13
2260000.000000022	0.0
2280000.000000022	3.222227579966852e-12
2300000.0000000224	0.0
2320000.0000000224	9.200896577424773e-13
2340000.0000000224	0.0
2360000.000000023	1.2608517153697046e-12
2380000.000000023	0.0
2400000.0000000233	0.0
2420000.0000000233	0.0
2440000.0000000237	1.2133467504175023e-12
2460000.0000000237	0.0
2480000.0000000237	8.611647532654925e-13
2500000.000000024	0.0
2520000.000000024	3.071398460038626e-12
2540000.0000000247	0.0
2560000.0000000247	6.751045197193017e-13
2580000.0000000247	0.0
2600000.000000025	28898.68373177878
2620000.000000025	0.0
2640000.0000000256	6.548263392854106e-13
2660000.0000000256	0.0
2680000.0000000256	3.5880493895281417e-12
2700000.000000026	0.0
2720000.000000026	7.858257973244245e-13
2740000.0000000265	0.0
2760000.0000000265	2.80674145354101e-12
2780000.000000027	0.0
2800000.000000027	0.0
2820000.000000027	0.0
2840000.0000000275	5.787698339958785e-13
2860000.0000000275	0.0
2880000.000000028	7.426073858010772e-13
2900000.000000028	0.0
2920000.000000028	1.0463514791484876e-12
2940000.0000000284	0.0
2960000.0000000284	5.847247685068737e-13
2980000.000000029	0.0
3000000.000000029	25082.543637774554
3020000.0000000293	0.0
3040000.0000000293	5.695175428544933e-13
3060000.0000000293	0.0
3080000.00000003	2.4297700348452673e-12
3100000.00000003	0.0
3120000.0000000303	6.861350796608937e-13
3140000.0000000303	0.0
3160000.0000000303	2.6056946180007404e-12
3180000.0000000307	0.0
3200000.0000000307	0.0
3220000.000000031	0.0
3240000.000000031	1.1641874448569515e-12
3260000.000000031	0.0
3280000.0000000317	6.531061580992454e-13
3300000.0000000317	0.0
3320000.000000032	1.8333126108637215e-12
3340000.000000032	0.0
3360000.0000000326	5.159744830018777e-13
3380000.0000000326	0.0
3400000.0000000326	22169.067828564697
3420000.000000033	0.0
3440000.000000033	5.041560518721188e-13
3460000.0000000335	0.0
3480000.0000000335	7.032718815090103e-12
3500000.0000000335	0.0
3520000.000000034	6.092320423597077e-13
3540000.000000034	0.0
3560000.0000000345	7.344940679241698e-13
3580000.0000000345	0.0
3600000.000000035	0.0
3620000.000000035	0.0
3640000.000000035	2.720884617257663e-12
3660000.0000000354	0.0
3680000.0000000354	5.831870874125842e-13
3700000.000000036	0.0
3720000.000000036	2.054457171479564e-12
3740000.000000036	0.0
3760000.0000000363	4.619513297563004e-13
3780000.0000000363	0.0
3800000.000000037	19873.234386395787
3820000.000000037	0.0
3840000.0000000373	4.5250902436518457e-13
3860000.0000000373	0.0
3880000.0000000373	4.980258618088045e-12
3900000.0000000377	0.0
3920000.0000000377	5.481417231663973e-13
3940000.000000038	0.0
3960000.000000038	2.911279544113923e-12
3980000.000000038	0.0
4000000.0000000386	6.956301058463797e-12
4020000.0000000386	0.0
4040000.000000039	1.6438153491717447e-12
4060000.000000039	0.0
4080000.000000039	5.270915821068793e-13
4100000.0000000396	0.0
4120000.0000000396	5.083349454393474e-12
4140000.00000004	0.0
4160000.00000004	4.1840780155276677e-13
4180000.0000000405	0.0
4200000.00000004	18018.60473377448
4220000.000000041	0.0
4240000.000000041	4.106957155061394e-13
4260000.000000041	0.0
4280000.000000041	1.6344815590920363e-12
4300000.000000042	0.0
4320000.000000042	4.984725781532496e-13
4340000.000000042	0.0
4360000.000000042	5.360389365626583e-13
4380000.000000042	0.0
4400000.000000043	0.0
4420000.000000043	0.0
4440000.000000043	6.010725898246382e-13
4460000.000000043	0.0
4480000.000000043	4.811177865239328e-13
4500000.000000044	0.0
4520000.000000044	3.1116586657733865e-12
4540000.000000044	0.0
4560000.000000044	3.825868212466463e-13
4580000.000000044	0.0
4600000.000000045	16490.11354274731
4620000.000000045	0.0
4640000.000000045	3.761736439573532e-13
4660000.000000045	0.0
4680000.000000045	2.859803534694116e-12
4700000.000000046	0.0
4720000.000000046	4.573218145807564e-13
4740000.000000046	0.0
4760000.000000046	4.239346530993956e-13
4780000.000000046	0.0
4800000.000000047	0.0
4820000.000000047	0.0
4840000.000000047	1.6493954851128745e-12
4860000.000000047	0.0
4880000.0000000475	4.427776580673098e-13
4900000.0000000475	0.0
4920000.0000000475	1.438292133554115e-12
4940000.0000000475	0.0
4960000.0000000475	3.526207632547046e-13
4980000.000000048	0.0
5000000.000000048	15209.51949424902
5020000.000000048	0.0
5040000.000000048	3.472075362960937e-13
5060000.000000048	0.0
5080000.000000049	3.308548618704353e-12
5100000.000000049	0.0
5120000.000000049	4.226938491631675e-13
5140000.000000049	0.0
5160000.000000049	2.1310193164688905e-12
5180000.00000005	0.0
5200000.00000005	0.0
5220000.00000005	0.0
5240000.00000005	1.4211446977107484e-12
5260000.00000005	0.0
5280000.000000051	4.103371912470413e-13
5300000.000000051	0.0
5320000.000000051	2.966602179157558e-12
5340000.000000051	0.0
5360000.000000051	3.271995700438214e-13
5380000.000000052	0.0
5400000.000000052	14121.766817319189
5420000.000000052	0.0
5440000.000000052	3.2257256080688596e-13
5460000.000000053	0.0
5480000.000000053	2.0408870350767535e-12
5500000.000000053	0.0
5520000.000000053	3.9317161074199225e-13
5540000.000000053	0.0
5560000.000000054	6.4547545718791606e-12
5580000.000000054	0.0
5600000.000000054	0.0
5620000.000000054	0.0
5640000.000000054	1.7844741435342871e-12
5660000.000000055	0.0
5680000.000000055	3.8255091342787485e-13
5700000.000000055	0.0
5720000.000000055	2.8071253201893903e-12
5740000.000000055	0.0
5760000.000000056	3.053771535552291e-13
5780000.000000056	0.0
5800000.000000056	13186.990335362423
5820000.000000056	0.0
5840000.000000056	3.013795201276332e-13
5860000.000000057	0.0
5880000.000000057	2.8188064182578836e-12
5900000.000000057	0.0
5920000.000000057	3.6772109880231765e-13
5940000.000000057	0.0
5960000.000000058	1.6427389663981966e-12
5980000.000000058	0.0
6000000.000000058	4.699392400473607e-12
6020000.000000058	0.0
6040000.000000059	3.048673616431268e-12
6060000.000000059	0.0
6080000.000000059	3.585011850554614e-13
6100000.000000059	0.0
6120000.000000059	3.093654082660341e-13
6140000.00000006	0.0
6160000.00000006	2.8645322478053844e-13
6180000.00000006	0.0
6200000.00000006	12375.615339075968
6220000.00000006	0.0
6240000.000000061	2.829672776279781e-13
6260000.000000061	0.0
6280000.000000061	2.585438454357864e-12
6300000.000000061	0.0
6320000.000000061	3.4557016043969156e-13
6340000.0000000615	0.0
6360000.0000000615	2.62296197158986e-12
6380000.0000000615	0.0
6400000.0000000615	0.0
6420000.0000000615	0.0
6440000.000000062	1.7258326114149523e-12
6460000.000000062	0.0
6480000.000000062	3.37497018481529e-13
6500000.000000062	0.0
6520000.000000062	7.387100319679357e-13
6540000.000000063	0.0
6560000.000000063	2.6989835655206683e-13
6580000.000000063	0.0
6600000.000000063	11665.239329510721
6620000.000000064	0.0
6640000.000000064	2.6683406595148003e-13
6660000.000000064	0.0
6680000.000000064	3.4642829855797426e-12
6700000.000000064	0.0
6720000.000000065	3.2613056142987796e-13
6740000.000000065	0.0
6760000.000000065	3.093432924686266e-12
6780000.000000065	0.0
6800000.000000065	0.0
6820000.000000066	0.0
6840000.000000066	9.370288305427253e-13
6860000.000000066	0.0
6880000.000000066	3.190081927092329e-13
6900000.000000066	0.0
6920000.000000067	4.0723470903387525e-13
6940000.000000067	0.0
6960000.000000067	2.5530488688063113e-13
6980000.000000067	0.0
7000000.000000067	11038.582883455454
7020000.000000068	0.0
7040000.000000068	2.525922132302491e-13
7060000.000000068	0.0
7080000.000000068	2.734183709039986e-12
7100000.000000068	0.0
7120000.000000069	3.0894632563772966e-13
7140000.000000069	0.0
7160000.000000069	1.882025487104372e-12
7180000.000000069	0.0
7200000.00000007	0.0
7220000.00000007	0.0
7240000.00000007	1.2015545305994061e-12
7260000.00000007	0.0
7280000.00000007	3.026210887119112e-13
7300000.000000071	0.0
7320000.000000071	1.4035123543682714e-12
7340000.000000071	0.0
7360000.000000071	2.423538322035533e-13
7380000.000000071	0.0
7400000.000000072	10482.105108627162
7420000.000000072	0.0
7440000.000000072	2.3993747387536313e-13
7460000.000000072	0.0
7480000.000000072	1.0416039380249273e-12
7500000.000000073	0.0
7520000.000000073	2.9365856200788505e-13
7540000.000000073	0.0
7560000.000000073	2.711190412513787e-12
7580000.000000073	0.0
7600000.000000074	0.0
7620000.000000074	0.0
7640000.000000074	1.9427235416481052e-12
7660000.000000074	0.0
7680000.0000000745	2.880083263735901e-13
7700000.0000000745	0.0
7720000.0000000745	1.0514135681562446e-12
7740000.0000000745	0.0
7760000.0000000745	2.307920337772114e-13
7780000.000000075	0.0
7800000.000000075	9985.045118231872
7820000.000000075	0.0
7840000.000000075	2.286277480292475e-13
7860000.000000075	0.0
7880000.000000076	4.7425419257290175e-12
7900000.000000076	0.0
7920000.000000076	2.7998095020184366e-13
7940000.000000076	0.0
7960000.000000076	1.1738384269583847e-12
7980000.000000077	0.0
8000000.000000077	0.0
8020000.000000077	0.0
8040000.000000077	2.3081155699473715e-12
8060000.000000077	0.0
8080000.000000078	2.74907420318782e-13
8100000.000000078	0.0
8120000.000000078	1.3143419285611213e-12
8140000.000000078	0.0
8160000.000000078	2.2041602584730826e-13
8180000.000000079	0.0
8200000.000000079	9538.744055142628
8220000.000000079	0.0
8240000.000000079	2.1846799936435232e-13
8260000.00000008	0.0
8280000.00000008	7.468781461493934e-12
8300000.00000008	0.0
8320000.00000008	2.6768229784488834e-13
8340000.00000008	0.0
8360000.000000081	2.5036250261397885e-12
8380000.000000081	0.0
8400000.00000008	0.0
8420000.000000082	0.0
8440000.000000082	2.4731775410762063e-12
8460000.000000082	0.0
8480000.000000082	2.631054767044851e-13
8500000.000000082	0.0
8520000.000000082	2.565859483748836e-12
8540000.000000082	0.0
8560000.000000082	2.1106042689111212e-13
8580000.000000082	0.0
8600000.000000084	9136.156324245852
8620000.000000084	0.0
8640000.000000084	2.092993625114284e-13
8660000.000000084	0.0
8680000.000000084	3.0225774147496315e-12
8700000.000000084	0.0
8720000.000000084	2.565738986907248e-13
8740000.000000084	0.0
8760000.000000084	1.259418236287619e-12
8780000.000000084	0.0
8800000.000000086	0.0
8820000.000000086	0.0
8840000.000000086	1.6982601017353346e-13
8860000.000000086	0.0
8880000.000000086	2.5242802617490534e-13
8900000.000000086	0.0
8920000.000000086	6.366615780466398e-13
8940000.000000086	0.0
8960000.000000086	2.0258944047853653e-13
8980000.000000086	0.0
9000000.000000088	8771.491168492674
9020000.000000088	0.0
9040000.000000088	2.0099114245144444e-13
9060000.000000088	0.0
9080000.000000088	4.924886721929355e-12
9100000.000000088	0.0
9120000.000000088	2.465002177465079e-13
9140000.000000088	0.0
9160000.000000088	1.253517296051753e-12
9180000.00000009	0.0
9200000.00000009	0.0
9220000.00000009	0.0
9240000.00000009	2.8227630173737693e-12
9260000.00000009	0.0
9280000.00000009	2.4273074500756817e-13
9300000.00000009	0.0
9320000.00000009	9.237882855388439e-13
9340000.00000009	0.0
9360000.00000009	1.9489053553138759e-13
9380000.000000091	0.0
9400000.000000091	8439.945763184061
9420000.000000091	0.0
9440000.000000091	1.934348480925652e-13
9460000.000000091	0.0
9480000.000000091	4.279612893678195e-12
9500000.000000091	0.0
9520000.000000091	2.373319248495267e-13
9540000.000000091	0.0
9560000.000000091	1.234403595354545e-12
9580000.000000093	0.0
9600000.000000093	0.0
9620000.000000093	0.0
9640000.000000093	2.713567191465128e-12
9660000.000000093	0.0
9680000.000000093	2.3389322903274e-13
9700000.000000093	0.0
9720000.000000093	2.1698580303043637e-13
9740000.000000093	0.0
9760000.000000095	1.878696807511015e-13
9780000.000000095	0.0
9800000.000000095	8137.503680750974
9820000.000000095	0.0
9840000.000000095	1.8653968120661755e-13
9860000.000000095	0.0
9880000.000000095	1.2739532759629743e-12
9900000.000000095	0.0
9920000.000000095	2.2896061383558586e-13
9940000.000000095	0.0
9960000.000000097	9.945559934556508e-13
9980000.000000097	0.0
10000000.000000097	0.0
10020000.000000097	0.0
10040000.000000097	1.4444236056396115e-12
10060000.000000097	0.0
10080000.000000097	2.258142501209997e-13
10100000.000000097	0.0
10120000.000000097	2.5963108069641018e-12
10140000.000000097	0.0
10160000.000000099	1.814477049086834e-13
10180000.000000099	0.0
10200000.000000099	7860.78078153073
10220000.000000099	0.0
10240000.000000099	1.802290827831156e-13
10260000.000000099	0.0
10280000.000000099	4.614702196628646e-12
10300000.000000099	0.0
10320000.000000099	2.212947499778842e-13
10340000.0000001	0.0
10360000.0000001	1.7512634511687359e-12
10380000.0000001	0.0
10400000.0000001	0.0
10420000.0000001	0.0
10440000.0000001	7.023370419976511e-13
10460000.0000001	0.0
10480000.0000001	2.1840809914302866e-13
10500000.0000001	0.0
10520000.0000001	9.592423912031018e-13
10540000.000000102	0.0
10560000.000000102	1.7555748448102588e-13
10580000.000000102	0.0
10600000.000000102	7606.906003278194
10620000.000000102	0.0
10640000.000000102	1.7443805854139488e-13
10660000.000000102	0.0
10680000.000000102	3.4420616444975284e-12
10700000.000000102	0.0
10720000.000000102	2.1425652488989143e-13
10740000.000000104	0.0
10760000.000000104	7.177965440617579e-13
10780000.000000104	0.0
10800000.000000104	0.0
10820000.000000104	0.0
10840000.000000104	1.1460584150345474e-12
10860000.000000104	0.0
10880000.000000104	2.1160173580541474e-13
10900000.000000104	0.0
10920000.000000106	7.275994194801251e-13
10940000.000000106	0.0
10960000.000000106	1.7014174727638305e-13
10980000.000000106	0.0
11000000.000000106	7373.428166475229
11020000.000000106	0.0
11040000.000000106	1.6911108599701817e-13
11060000.000000106	0.0
11080000.000000106	4.830361428879814e-12
11100000.000000106	0.0
11120000.000000108	2.0777939040494726e-13
11140000.000000108	0.0
11160000.000000108	1.4830528211735873e-12
11180000.000000108	0.0
11200000.000000108	0.0
11220000.000000108	0.0
11240000.000000108	6.328087800853156e-13
11260000.000000108	0.0
11280000.000000108	2.0533254508519363e-13
11300000.000000108	0.0
11320000.00000011	1.9410360409806586e-12
11340000.00000011	0.0
11360000.00000011	1.651513402297835e-13
11380000.00000011	0.0
11400000.00000011	7158.242405990298
11420000.00000011	0.0
11440000.00000011	1.6420046075318116e-13
11460000.00000011	0.0
11480000.00000011	3.186349773136009e-12
11500000.000000112	0.0
11520000.000000112	2.018061064150272e-13
11540000.000000112	0.0
11560000.000000112	2.9126110319586652e-12
11580000.000000112	0.0
11600000.000000112	0.0
11620000.000000112	0.0
11640000.000000112	1.0298190781774665e-12
11660000.000000112	0.0
11680000.000000112	1.9954655485734983e-13
11700000.000000114	0.0
11720000.000000114	1.4705724080949624e-12
11740000.000000114	0.0
11760000.000000114	1.6054385086129777e-13
11780000.000000114	0.0
11800000.000000114	6959.53157240618
11820000.000000114	0.0
11840000.000000114	1.5966497815600723e-13
11860000.000000114	0.0
11880000.000000114	2.507209241339475e-12
11900000.000000115	0.0
11920000.000000115	1.9628718195206316e-13
11940000.000000115	0.0
11960000.000000115	3.2469394176480247e-12
11980000.000000115	0.0
12000000.000000115	0.0
12020000.000000115	0.0
12040000.000000115	4.754804707695537e-13
12060000.000000115	0.0
12080000.000000117	1.94197007828552e-13
12100000.000000117	0.0
12120000.000000117	3.922888777667455e-12
12140000.000000117	0.0
12160000.000000117	1.5628250097170783e-13
12180000.000000117	0.0
12200000.000000117	6775.719167794721
12220000.000000117	0.0
12240000.000000117	1.5546887360668378e-13
12260000.000000117	0.0
12280000.00000012	3.5233539647937716e-12
12300000.00000012	0.0
12320000.00000012	1.9117962015123952e-13
12340000.00000012	0.0
12360000.00000012	2.30588097731007e-12
12380000.00000012	0.0
12400000.00000012	0.0
12420000.00000012	0.0
12440000.00000012	1.0731116940938727e-12
12460000.00000012	0.0
12480000.000000121	1.8924320829836218e-13
12500000.000000121	0.0
12520000.000000121	1.6188397351493747e-12
12540000.000000121	0.0
12560000.000000121	1.523352518963468e-13
12580000.000000121	0.0
12600000.000000121	6605.431253192907
12620000.000000121	0.0
12640000.000000121	1.515809642437961e-13
12660000.000000123	0.0
12680000.000000123	4.464552070771256e-12
12700000.000000123	0.0
12720000.000000123	1.8644590021744355e-13
12740000.000000123	0.0
12760000.000000123	3.4908399097323276e-12
12780000.000000123	0.0
12800000.000000123	0.0
12820000.000000123	0.0
12840000.000000123	1.3706883896784793e-12
12860000.000000125	0.0
12880000.000000125	1.846495840165339e-13
12900000.000000125	0.0
12920000.000000125	1.9509411841800444e-12
12940000.000000125	0.0
12960000.000000125	1.4867407562134097e-13
12980000.000000125	0.0
13000000.000000125	6447.465395905105
13020000.000000125	0.0
13040000.000000125	1.4797394876821392e-13
13060000.000000127	0.0
13080000.000000127	2.7898699696852075e-12
13100000.000000127	0.0
13120000.000000127	1.8205314582913204e-13
13140000.000000127	0.0
13160000.000000127	3.0785746663594027e-12
13180000.000000127	0.0
13200000.000000127	0.0
13220000.000000127	0.0
13240000.000000129	2.1476815954237284e-12
13260000.000000129	0.0
13280000.000000129	1.803849177993528e-13
13300000.000000129	0.0
13320000.000000129	1.335861312441851e-12
13340000.000000129	0.0
13360000.000000129	1.452743570125478e-13
13380000.000000129	0.0
13400000.000000129	6300.765186142571
13420000.000000129	0.0
13440000.00000013	1.4462383247619603e-13
13460000.00000013	0.0
13480000.00000013	1.8486676428730998e-12
13500000.00000013	0.0
13520000.00000013	1.7797244138334614e-13
13540000.00000013	0.0
13560000.00000013	6.199944928738225e-13
13580000.00000013	0.0
13600000.00000013	0.0
13620000.00000013	0.0
13640000.000000132	1.815064379584904e-12
13660000.000000132	0.0
13680000.000000132	1.7642171417440135e-13
13700000.000000132	0.0
13720000.000000132	1.5161965643338713e-12
13740000.000000132	0.0
13760000.000000132	1.421144004898879e-13
13780000.000000132	0.0
13800000.000000132	6164.399193540548
13820000.000000134	0.0
13840000.000000134	1.4150945218231075e-13
13860000.000000134	0.0
13880000.000000134	3.691314876688213e-12
13900000.000000134	0.0
13920000.000000134	1.7417826635965607e-13
13940000.000000134	0.0
13960000.000000134	1.375693051349473e-12
13980000.000000134	0.0
14000000.000000134	2.245206998755661e-12
14020000.000000136	0.0
14040000.000000136	2.0015518972369166e-12
14060000.000000136	0.0
14080000.000000136	1.7273567421782796e-13
14100000.000000136	0.0
14120000.000000136	1.6228638501807117e-12
14140000.000000136	0.0
14160000.000000136	1.3917502050738115e-13
14180000.000000136	0.0
14200000.000000136	6037.543488668657
14220000.000000138	0.0
14240000.000000138	1.3861208140444598e-13
14260000.000000138	0.0
14280000.000000138	3.920138273806166e-12
14300000.000000138	0.0
14320000.000000138	1.7064802472407698e-13
14340000.000000138	0.0
14360000.000000138	1.1989306543064351e-12
14380000.000000138	0.0
14400000.00000014	0.0
14420000.00000014	0.0
14440000.00000014	1.5292975150810613e-13
14460000.00000014	0.0
14480000.00000014	1.693052576802487e-13
14500000.00000014	0.0
14520000.00000014	2.8327050102902903e-12
14540000.00000014	0.0
14560000.00000014	1.3643919973661493e-13
14580000.00000014	0.0
14600000.000000142	5919.467046458107
14620000.000000142	0.0
14640000.000000142	1.3591510047460612e-13
14660000.000000142	0.0
14680000.000000142	1.7312030778282302e-12
14700000.000000142	0.0
14720000.000000142	1.6736165131268398e-13
14740000.000000142	0.0
14760000.000000142	2.5315915455130628e-12
14780000.000000142	0.0
14800000.000000143	0.0
14820000.000000143	0.0
14840000.000000143	1.2205917409959718e-12
14860000.000000143	0.0
14880000.000000143	1.661113159944603e-13
14900000.000000143	0.0
14920000.000000143	3.2536985104989274e-12
14940000.000000143	0.0
14960000.000000143	1.338918022969782e-13
14980000.000000145	0.0
15000000.000000145	5809.519494249006
15020000.000000145	0.0
15040000.000000145	1.3340371950355403e-13
15060000.000000145	0.0
15080000.000000145	6.67202659286358e-13
15100000.000000145	0.0
15120000.000000145	1.6430128095859243e-13
15140000.000000145	0.0
15160000.000000145	3.563861233271798e-12
15180000.000000147	0.0
15200000.000000147	0.0
15220000.000000147	0.0
15240000.000000147	9.173201396984066e-13
15260000.000000147	0.0
15280000.000000147	1.6313678319578276e-13
15300000.000000147	0.0
15320000.000000147	3.657603050167048e-12
15340000.000000147	0.0
15360000.000000149	1.315193320142064e-13
15380000.000000149	0.0
15400000.000000149	5707.120778867589
15420000.000000149	0.0
15440000.000000149	1.3106474463071202e-13
15460000.000000149	0.0
15480000.000000149	2.8966456913153998e-12
15500000.000000149	0.0
15520000.000000149	1.614509690630368e-13
15540000.000000149	0.0
15560000.00000015	1.6609244997734928e-12
15580000.00000015	0.0
15600000.00000015	0.0
15620000.00000015	0.0
15640000.00000015	2.7614090814370867e-12
15660000.00000015	0.0
15680000.00000015	1.603664144344657e-13
15700000.00000015	0.0
15720000.00000015	2.339582026253081e-12
15740000.00000015	0.0
15760000.000000153	1.293097277244592e-13
15780000.000000153	0.0
15800000.000000153	5611.75241340399
15820000.000000153	0.0
15840000.000000153	1.2888637992530105e-13
15860000.000000153	0.0
15880000.000000153	1.6062889980506976e-12
15900000.000000153	0.0
15920000.000000153	1.5879645458440468e-13
15940000.000000155	0.0
15960000.000000155	9.497783596178064e-13
15980000.000000155	0.0
16000000.000000155	2.0489216015039794e-12
16020000.000000155	0.0
16040000.000000155	7.103815879937895e-13
16060000.000000155	0.0
16080000.000000155	1.5778656381537625e-13
16100000.000000155	0.0
16120000.000000155	1.504530299676507e-12
16140000.000000156	0.0
16160000.000000156	1.2725218922351836e-13
16180000.000000156	0.0
16200000.000000156	5522.95003145967
16220000.000000156	0.0
16240000.000000156	1.2685805881056045e-13
16260000.000000156	0.0
16280000.000000156	1.270415238447366e-12
16300000.000000156	0.0
16320000.000000156	1.5632495819096072e-13
16340000.000000158	0.0
16360000.000000158	1.896254547082257e-12
16380000.000000158	0.0
16400000.000000158	0.0
16420000.000000158	0.0
16440000.000000158	7.899718026735406e-13
16460000.000000158	0.0
16480000.000000158	1.553849949071119e-13
16500000.000000158	0.0
16520000.00000016	2.7201053414112096e-12
16540000.00000016	0.0
16560000.00000016	1.2533702869922667e-13
16580000.00000016	0.0
16600000.00000016	5440.29702918785
16620000.00000016	0.0
16640000.00000016	1.2497030006316655e-13
16660000.00000016	0.0
16680000.00000016	2.288188220433495e-12
16700000.00000016	0.0
16720000.000000162	1.5402500971357688e-13
16740000.000000162	0.0
16760000.000000162	1.6412756218362056e-12
16780000.00000016	0.0
16800000.00000016	0.0
16820000.000000164	0.0
16840000.000000164	2.662814275204919e-12
16860000.000000164	0.0
16880000.000000164	1.5315071852714293e-13
16900000.000000164	0.0
16920000.000000164	1.4889904580367099e-12
16940000.000000164	0.0
16960000.000000164	1.2355554346109282e-13
16980000.000000164	0.0
17000000.000000164	5363.419116883538
17020000.000000164	0.0
17040000.000000164	1.232145843710295e-13
17060000.000000164	0.0
17080000.000000164	5.776904874317107e-12
17100000.000000164	0.0
17120000.000000164	1.518863001332147e-13
17140000.000000164	0.0
17160000.000000164	4.4893205340089396e-12
17180000.000000164	0.0
17200000.000000168	0.0
17220000.000000168	0.0
17240000.000000168	1.886556140662818e-12
17260000.000000168	0.0
17280000.000000168	1.5107385341079735e-13
17300000.000000168	0.0
17320000.000000168	1.714964520265239e-12
17340000.000000168	0.0
17360000.000000168	1.2189990655467193e-13
17380000.000000168	0.0
17400000.000000168	5291.979634749474
17420000.000000168	0.0
17440000.000000168	1.2158324817177646e-13
17460000.000000168	0.0
17480000.000000168	3.557096511999927e-12
17500000.000000168	0.0
17520000.000000168	1.4989955421085996e-13
17540000.000000168	0.0
17560000.000000168	1.6898861660844432e-12
17580000.000000168	0.0
17600000.00000017	0.0
17620000.00000017	0.0
17640000.00000017	3.5624202891797395e-12
17660000.00000017	0.0
17680000.00000017	1.4914550616961556e-13
17700000.00000017	0.0
17720000.00000017	1.5580428347582066e-12
17740000.00000017	0.0
17760000.00000017	1.2036307246536978e-13
17780000.00000017	0.0
17800000.00000017	5225.675513696028
17820000.00000017	0.0
17840000.00000017	1.2006939208438893e-13
17860000.00000017	0.0
17880000.00000017	3.585758415660354e-12
17900000.00000017	0.0
17920000.00000017	1.4805642056549926e-13
17940000.00000017	0.0
17960000.00000017	2.0896819747099156e-12
17980000.000000175	0.0
18000000.000000175	0.0
18020000.000000175	0.0
18040000.000000175	3.0897320359318202e-12
18060000.000000175	0.0
18080000.000000175	1.4735766758366603e-13
18100000.000000175	0.0
18120000.000000175	4.770638792042161e-12
18140000.000000175	0.0
18160000.000000175	1.1893869561131713e-13
18180000.000000175	0.0
18200000.000000175	5164.233783086289
18220000.000000175	0.0
18240000.000000175	1.1866680172041873e-13
18260000.000000175	0.0
18280000.000000175	4.927627490925025e-12
18300000.000000175	0.0
18320000.000000175	1.4634937656678973e-13
18340000.000000175	0.0
18360000.00000018	4.944701097187743e-13
18380000.00000018	0.0
18400000.00000018	0.0
18420000.00000018	0.0
18440000.00000018	9.063875826831905e-13
18460000.00000018	0.0
18480000.00000018	1.4570312278740067e-13
18500000.00000018	0.0
18520000.00000018	1.7055801251337631e-12
18540000.00000018	0.0
18560000.00000018	1.176210597241826e-13
18580000.00000018	0.0
18600000.00000018	5107.408544328887
18620000.00000018	0.0
18640000.00000018	1.1736987904388219e-13
18660000.00000018	0.0
18680000.00000018	3.3265282946888064e-12
18700000.00000018	0.0
18720000.00000018	1.4477164586255755e-13
18740000.00000018	0.0
18760000.000000183	2.4315298252426516e-12
18780000.000000183	0.0
18800000.000000183	0.0
18820000.000000183	0.0
18840000.000000183	3.337349047880609e-13
18860000.000000183	0.0
18880000.000000183	1.4417537332570892e-13
18900000.000000183	0.0
18920000.000000183	2.811277485344118e-12
18940000.000000183	0.0
18960000.000000183	1.1640501654054061e-13
18980000.000000183	0.0
19000000.000000183	5054.978343004561
19020000.000000183	0.0
19040000.000000183	1.161735827595809e-13
19060000.000000183	0.0
19080000.000000183	3.647716766152098e-12
19100000.000000183	0.0
19120000.000000183	1.4331712672980328e-13
19140000.000000186	0.0
19160000.000000186	2.3272252902465192e-12
19180000.000000186	0.0
19200000.000000186	0.0
19220000.000000186	0.0
19240000.000000186	2.1563257587919435e-12
19260000.000000186	0.0
19280000.000000186	1.4276856939649654e-13
19300000.000000186	0.0
19320000.000000186	1.6791011742016643e-12
19340000.000000186	0.0
19360000.000000186	1.1528593249026484e-13
19380000.000000186	0.0
19400000.000000186	5006.743883454287
19420000.000000186	0.0
19440000.000000186	1.1507337646302165e-13
19460000.000000186	0.0
19480000.000000186	4.535971198832984e-12
19500000.000000186	0.0
19520000.00000019	1.419803297388108e-13
19540000.00000019	0.0
19560000.00000019	1.8000401935937454e-12
19580000.00000019	0.0
19600000.00000019	0.0
19620000.00000019	0.0
19640000.00000019	5.313904900003618e-13
19660000.00000019	0.0
19680000.00000019	1.4147745087402334e-13
19700000.00000019	0.0
19720000.00000019	1.5725864730060909e-12
19740000.00000019	0.0
19760000.00000019	1.1425964228457488e-13
19780000.00000019	0.0
19800000.00000019	4962.5260389691975
19820000.00000019	0.0
19840000.00000019	1.1406518349295163e-13
19860000.00000019	0.0
19880000.00000019	5.04209553931721e-12
19900000.00000019	0.0
19920000.000000194	1.4075632346702828e-13
19940000.000000194	0.0
19960000.000000194	4.134855040024984e-13
19980000.000000194	0.0
20000000.000000194	0.0
20020000.000000194	0.0
20040000.000000194	1.7071941589161811e-12
20060000.000000194	0.0
20080000.000000194	1.402972959358619e-13
20100000.000000194	0.0
20120000.000000194	1.57980501456044e-12
20140000.000000194	0.0
20160000.000000194	1.1332240848432955e-13
20180000.000000194	0.0
20200000.000000194	4922.164118311734
20220000.000000194	0.0
20240000.000000194	1.1314534759880325e-13
20260000.000000194	0.0
20280000.000000194	4.2862777956303075e-12
20300000.000000197	0.0
20320000.000000197	1.396406872032006e-13
20340000.000000197	0.0
20360000.000000197	2.5617957160275673e-12
20380000.000000197	0.0
20400000.000000197	0.0
20420000.000000197	0.0
20440000.000000197	3.2075504980163436e-12
20460000.000000197	0.0
20480000.000000197	1.3922387630530855e-13
20500000.000000197	0.0
20520000.000000197	1.295085279965878e-12
20540000.000000197	0.0
20560000.000000197	1.1247088627641654e-13
20580000.000000197	0.0
20600000.000000197	4885.5143555810155
20620000.000000197	0.0
20640000.000000197	1.1231059867719783e-13
20660000.000000197	0.0
20680000.0000002	1.615535632237874e-12
20700000.0000002	0.0
20720000.0000002	1.386294697511616e-13
20740000.0000002	0.0
20760000.0000002	9.032749469103854e-13
20780000.0000002	0.0
20800000.0000002	0.0
20820000.0000002	0.0
20840000.0000002	1.6544832662531199e-12
20860000.0000002	0.0
20880000.0000002	1.3825341827806377e-13
20900000.0000002	0.0
20920000.0000002	4.1068774712279834e-12
20940000.0000002	0.0
20960000.0000002	1.1170209280855158e-13
20980000.0000002	0.0
21000000.0000002	4852.448595661502
21020000.0000002	0.0
21040000.0000002	1.1155802294978506e-13
21060000.000000205	0.0
21080000.000000205	1.527002965500746e-12
21100000.000000205	0.0
21120000.000000205	1.3771915358358666e-13
21140000.000000205	0.0
21160000.000000205	2.460397110453594e-12
21180000.000000205	0.0
21200000.000000205	0.0
21220000.000000205	0.0
21240000.000000205	1.302240802982506e-12
21260000.000000205	0.0
21280000.000000205	1.3738256883311972e-13
21300000.000000205	0.0
21320000.000000205	1.998541620163135e-12
21340000.000000205	0.0
21360000.000000205	1.1101338053519459e-13
21380000.000000205	0.0
21400000.000000205	4822.853151869221
21420000.000000205	0.0
21440000.000000205	1.1088503705353359e-13
21460000.00000021	0.0
21480000.00000021	2.853235333416188e-12
21500000.00000021	0.0
21520000.00000021	1.3690662371394207e-13
21540000.00000021	0.0
21560000.00000021	8.087170325674693e-13
21580000.00000021	0.0
21600000.00000021	0.0
21620000.00000021	0.0
21640000.00000021	6.431633329042756e-13
21660000.00000021	0.0
21680000.00000021	1.3660836623792682e-13
21700000.00000021	0.0
21720000.00000021	1.5641821804296535e-12
21740000.00000021	0.0
21760000.00000021	1.1040241411337848e-13
21780000.00000021	0.0
21800000.00000021	4796.627816087336
21820000.00000021	0.0
21840000.000000212	1.102893655978079e-13
21860000.000000212	0.0
21880000.000000212	3.1686358856275533e-12
21900000.000000212	0.0
21920000.000000212	1.3618914075434475e-13
21940000.000000212	0.0
21960000.000000212	1.6976337370111555e-12
21980000.000000212	0.0
22000000.000000212	0.0
22020000.000000212	0.0
22040000.000000212	1.3081828378379205e-12
22060000.000000212	0.0
22080000.000000212	1.3592821465090144e-13
22100000.000000212	0.0
22120000.000000212	5.488764856231091e-13
22140000.000000212	0.0
22160000.000000212	1.0986715046005053e-13
22180000.000000212	0.0
22200000.000000212	4773.685004797002
22220000.000000216	0.0
22240000.000000216	1.0976902181303046e-13
22260000.000000216	0.0
22280000.000000216	4.882954402890663e-12
22300000.000000216	0.0
22320000.000000216	1.3556431771135334e-13
22340000.000000216	0.0
22360000.000000216	7.894482237796523e-13
22380000.000000216	0.0
22400000.000000216	0.0
22420000.000000216	0.0
22440000.000000216	3.440494143377405e-12
22460000.000000216	0.0
22480000.000000216	1.3533986230343992e-13
22500000.000000216	0.0
22520000.000000216	9.218115327998951e-13
22540000.000000216	0.0
22560000.000000216	1.0940582164452945e-13
22580000.000000216	0.0
22600000.000000216	4753.949027062042
22620000.00000022	0.0
22640000.00000022	1.09322290975803e-13
22660000.00000022	0.0
22680000.00000022	1.5760887423089604e-12
22700000.00000022	0.0
22720000.00000022	1.3503010014370836e-13
22740000.00000022	0.0
22760000.00000022	2.6346466613657197e-12
22780000.00000022	0.0
22800000.00000022	0.0
22820000.00000022	0.0
22840000.00000022	1.1417201541833587e-12
22860000.00000022	0.0
22880000.00000022	1.3484138291133834e-13
22900000.00000022	0.0
22920000.00000022	2.398186701876978e-12
22940000.00000022	0.0
22960000.00000022	1.0901692034284373e-13
22980000.00000022	0.0
23000000.000000224	4737.3554628036945
23020000.000000224	0.0
23040000.000000224	1.0894771634699526e-13
23060000.000000224	0.0
23080000.000000224	5.267359164560126e-12
23100000.000000224	0.0
23120000.000000224	1.3458474936800292e-13
23140000.000000224	0.0
23160000.000000224	1.76214151724749e-12
23180000.000000224	0.0
23200000.000000224	0.0
23220000.000000224	0.0
23240000.000000224	2.4261779589038425e-12
23260000.000000224	0.0
23280000.000000224	1.3443116002399403e-13
23300000.000000224	0.0
23320000.000000224	8.699712230412261e-13
23340000.000000224	0.0
23360000.000000224	1.0869918762672483e-13
23380000.000000227	0.0
23400000.000000227	4723.850641672684
23420000.000000227	0.0
23440000.000000227	1.0864408740402773e-13
23460000.000000227	0.0
23480000.000000227	5.515274077338598e-12
23500000.000000227	0.0
23520000.000000227	1.3422682845205634e-13
23540000.000000227	0.0
23560000.000000227	7.833028243946419e-13
23580000.000000227	0.0
23600000.000000227	0.0
23620000.000000227	0.0
23640000.000000227	2.708329639018861e-12
23660000.000000227	0.0
23680000.000000227	1.3410787407076414e-13
23700000.000000227	0.0
23720000.000000227	1.2987369235938647e-12
23740000.000000227	0.0
23760000.000000227	1.0845160290021827e-13
23780000.00000023	0.0
23800000.00000023	4713.391214551286
23820000.00000023	0.0
23840000.00000023	1.0841043018775495e-13
23860000.00000023	0.0
23880000.00000023	7.702791183774902e-13
23900000.00000023	0.0
23920000.00000023	1.3395519078298306e-13
23940000.00000023	0.0
23960000.00000023	8.454119563108748e-13
23980000.00000023	0.0
24000000.00000023	1.7333821590515192e-12
24020000.00000023	0.0
24040000.00000023	3.5654307032451565e-12
24060000.00000023	0.0
24080000.00000023	1.3387049190881346e-13
24100000.00000023	0.0
24120000.00000023	8.050748172296754e-13
24140000.00000023	0.0
24160000.000000235	1.08273375832377e-13
24180000.000000235	0.0
24200000.000000235	4705.943811243255
24220000.000000235	0.0
24240000.000000235	1.082459996190469e-13
24260000.000000235	0.0
24280000.000000235	4.114738361121186e-12
24300000.000000235	0.0
24320000.000000235	1.337689710388646e-13
24340000.000000235	0.0
24360000.000000235	1.6167097192392888e-12
24380000.000000235	0.0
24400000.000000235	0.0
24420000.000000235	0.0
24440000.000000235	2.590183208845758e-12
24460000.000000235	0.0
24480000.000000235	1.3371825871689178e-13
24500000.000000235	0.0
24520000.000000235	5.563409852137159e-13
24540000.00000024	0.0
24560000.00000024	1.0816394016631158e-13
24580000.00000024	0.0
24600000.00000024	4701.484779277691
24620000.00000024	0.0
24640000.00000024	1.0815027367133163e-13
24660000.00000024	0.0
24680000.00000024	3.419066018765189e-12
24700000.00000024	0.0
24720000.00000024	1.336675784307008e-13
24740000.00000024	0.0
24760000.00000024	1.934530887233782e-12
24780000.00000024	0.0
24800000.00000024	0.0
24820000.00000024	0.0
24840000.00000024	1.0984543366443046e-12
24860000.00000024	0.0
24880000.00000024	1.3365069211591213e-13
24900000.00000024	0.0
24920000.00000024	2.2401334848662493e-12
24940000.000000242	0.0
24960000.000000242	1.0812294931378845e-13
24980000.000000242	0.0
25000000.000000242	4700.000000000003
24980000.000000242	0.0
24960000.000000242	1.0812294931378837e-13
24940000.000000242	0.0
24920000.00000024	4.6848687153775296e-12
24900000.00000024	0.0
24880000.00000024	1.3365069211591203e-13
24860000.00000024	0.0
24840000.00000024	2.4367189758849976e-12
24820000.00000024	0.0
24800000.00000024	0.0
24780000.00000024	0.0
24760000.00000024	7.704597503102241e-13
24740000.00000024	0.0
24720000.00000024	1.3366757843070043e-13
24700000.00000024	0.0
24680000.00000024	2.0059037783944244e-12
24660000.00000024	0.0
24640000.00000024	1.081502736713313e-13
24620000.00000024	0.0
24600000.00000024	4701.484779277706
24580000.00000024	0.0
24560000.00000024	1.0816394016631148e-13
24540000.00000024	0.0
24520000.000000235	2.928711689712282e-12
24500000.000000235	0.0
24480000.000000235	1.3371825871689166e-13
24460000.000000235	0.0
24440000.000000235	6.893369011847144e-13
24420000.000000235	0.0
24400000.000000235	0.0
24380000.000000235	0.0
24360000.000000235	9.13266724748603e-13
24340000.000000235	0.0
24320000.000000235	1.3376897103886462e-13
24300000.000000235	0.0
24280000.000000235	7.608140428920929e-13
24260000.000000235	0.0
24240000.000000235	1.0824599961904687e-13
24220000.000000235	0.0
24200000.000000235	4705.94381124325
24180000.000000235	0.0
24160000.000000235	1.0827337583237714e-13
24140000.00000023	0.0
24120000.00000023	2.4367953256057575e-12
24100000.00000023	0.0
24080000.00000023	1.338704919088129e-13
24060000.00000023	0.0
24040000.00000023	4.259202183314623e-13
24020000.00000023	0.0
24000000.00000023	1.7333821590515192e-12
23980000.00000023	0.0
23960000.00000023	1.371848057959662e-12
23940000.00000023	0.0
23920000.00000023	1.3395519078298382e-13
23900000.00000023	0.0
23880000.00000023	5.530138032771257e-13
23860000.00000023	0.0
23840000.00000023	1.0841043018775493e-13
23820000.00000023	0.0
23800000.00000023	4713.391214551278
23780000.00000023	0.0
23760000.000000227	1.0845160290021844e-13
23740000.000000227	0.0
23720000.000000227	3.340022166654186e-12
23700000.000000227	0.0
23680000.000000227	1.3410787407076467e-13
23660000.000000227	0.0
23640000.000000227	1.0708240668310529e-12
23620000.000000227	0.0
23600000.000000227	0.0
23580000.000000227	0.0
23560000.000000227	1.449471099759728e-12
23540000.000000227	0.0
23520000.000000227	1.3422682845205654e-13
23500000.000000227	0.0
23480000.000000227	3.676769884712199e-12
23460000.000000227	0.0
23440000.000000227	1.0864408740402783e-13
23420000.000000227	0.0
23400000.000000227	4723.850641672687
23380000.000000227	0.0
23360000.000000224	1.0869918762672468e-13
23340000.000000224	0.0
23320000.000000224	2.5990366199853317e-12
23300000.000000224	0.0
23280000.000000224	1.344311600239937e-13
23260000.000000224	0.0
23240000.000000224	1.9326188255732996e-12
23220000.000000224	0.0
23200000.000000224	0.0
23180000.000000224	0.0
23160000.000000224	1.6239141845545672e-12
23140000.000000224	0.0
23120000.000000224	1.3458474936800292e-13
23100000.000000224	0.0
23080000.000000224	1.2025943872748428e-12
23060000.000000224	0.0
23040000.000000224	1.0894771634699512e-13
23020000.000000224	0.0
23000000.000000224	4737.3554628037
22980000.00000022	0.0
22960000.00000022	1.0901692034284377e-13
22940000.00000022	0.0
22920000.00000022	5.983194292982489e-12
22900000.00000022	0.0
22880000.00000022	1.3484138291133857e-13
22860000.00000022	0.0
22840000.00000022	2.875287548551935e-12
22820000.00000022	0.0
22800000.00000022	0.0
22780000.00000022	0.0
22760000.00000022	1.0687303174978307e-12
22740000.00000022	0.0
22720000.00000022	1.350301001437084e-13
22700000.00000022	0.0
22680000.00000022	1.1183752011769607e-12
22660000.00000022	0.0
22640000.00000022	1.0932229097580285e-13
22620000.00000022	0.0
22600000.000000216	4753.949027062052
22580000.000000216	0.0
22560000.000000216	1.0940582164452951e-13
22540000.000000216	0.0
22520000.000000216	2.351062007175678e-12
22500000.000000216	0.0
22480000.000000216	1.3533986230343965e-13
22460000.000000216	0.0
22440000.000000216	4.8593499367029435e-12
22420000.000000216	0.0
22400000.000000216	0.0
22380000.000000216	0.0
22360000.000000216	1.496392695349158e-12
22340000.000000216	0.0
22320000.000000216	1.3556431771135307e-13
22300000.000000216	0.0
22280000.000000216	9.6121093099603e-13
22260000.000000216	0.0
22240000.000000216	1.0976902181303025e-13
22220000.000000216	0.0
22200000.000000212	4773.685004797001
22180000.000000212	0.0
22160000.000000212	1.0986715046005077e-13
22140000.000000212	0.0
22120000.000000212	2.5591535873520604e-12
22100000.000000212	0.0
22080000.000000212	1.3592821465090058e-13
22060000.000000212	0.0
22040000.000000212	3.2366748881102854e-12
22020000.000000212	0.0
22000000.000000212	0.0
21980000.000000212	0.0
21960000.000000212	1.352657490276514e-12
21940000.000000212	0.0
21920000.000000212	1.3618914075434369e-13
21900000.000000212	0.0
21880000.000000212	9.061119410750773e-13
21860000.000000212	0.0
21840000.000000212	1.1028936559780818e-13
21820000.00000021	0.0
21800000.00000021	4796.627816087341
21780000.00000021	0.0
21760000.00000021	1.1040241411337834e-13
21740000.00000021	0.0
21720000.00000021	6.17246281744698e-12
21700000.00000021	0.0
21680000.00000021	1.366083662379268e-13
21660000.00000021	0.0
21640000.00000021	1.4023687890909071e-12
21620000.00000021	0.0
21600000.00000021	0.0
21580000.00000021	0.0
21560000.00000021	1.129416762986555e-12
21540000.00000021	0.0
21520000.00000021	1.369066237139421e-13
21500000.00000021	0.0
21480000.00000021	1.1366162341239137e-12
21460000.00000021	0.0
21440000.000000205	1.1088503705353336e-13
21420000.000000205	0.0
21400000.000000205	4822.8531518692225
21380000.000000205	0.0
21360000.000000205	1.1101338053519446e-13
21340000.000000205	0.0
21320000.000000205	3.1111029807587604e-12
21300000.000000205	0.0
21280000.000000205	1.373825688331195e-13
21260000.000000205	0.0
21240000.000000205	2.5556067178709903e-12
21220000.000000205	0.0
21200000.000000205	0.0
21180000.000000205	0.0
21160000.000000205	8.703005995174658e-13
21140000.000000205	0.0
21120000.000000205	1.3771915358358674e-13
21100000.000000205	0.0
21080000.000000205	3.714601439081448e-13
21060000.000000205	0.0
21040000.0000002	1.1155802294978478e-13
21020000.0000002	0.0
21000000.0000002	4852.4485956615035
20980000.0000002	0.0
20960000.0000002	1.1170209280855158e-13
20940000.0000002	0.0
20920000.0000002	5.485593399952738e-12
20900000.0000002	0.0
20880000.0000002	1.3825341827806374e-13
20860000.0000002	0.0
20840000.0000002	1.7896227079118005e-12
20820000.0000002	0.0
20800000.0000002	0.0
20780000.0000002	0.0
20760000.0000002	1.7749453874753013e-12
20740000.0000002	0.0
20720000.0000002	1.3862946975116146e-13
20700000.0000002	0.0
20680000.0000002	2.7330863338096035e-12
20660000.000000197	0.0
20640000.000000197	1.1231059867719788e-13
20620000.000000197	0.0
20600000.000000197	4885.514355581014
20580000.000000197	0.0
20560000.000000197	1.1247088627641665e-13
20540000.000000197	0.0
20520000.000000197	4.505139096275414e-12
20500000.000000197	0.0
20480000.000000197	1.3922387630530868e-13
20460000.000000197	0.0
20440000.000000197	2.9646220796245712e-12
20420000.000000197	0.0
20400000.000000197	0.0
20380000.000000197	0.0
20360000.000000197	2.112272113062998e-12
20340000.000000197	0.0
20320000.000000197	1.3964068720320045e-13
20300000.000000197	0.0
20280000.000000194	2.24015520314554e-12
20260000.000000194	0.0
20240000.000000194	1.1314534759880313e-13
20220000.000000194	0.0
20200000.000000194	4922.164118311746
20180000.000000194	0.0
20160000.000000194	1.1332240848432937e-13
20140000.000000194	0.0
20120000.000000194	2.8030908912800292e-12
20100000.000000194	0.0
20080000.000000194	1.4029729593586195e-13
20060000.000000194	0.0
20040000.000000194	1.7017183084305072e-12
20020000.000000194	0.0
20000000.000000194	0.0
19980000.000000194	0.0
19960000.000000194	6.529295020797479e-13
19940000.000000194	0.0
19920000.000000194	1.4075632346702813e-13
19900000.00000019	0.0
19880000.00000019	1.7157533881893853e-12
19860000.00000019	0.0
19840000.00000019	1.1406518349295184e-13
19820000.00000019	0.0
19800000.00000019	4962.526038969168
19780000.00000019	0.0
19760000.00000019	1.1425964228457493e-13
19740000.00000019	0.0
19720000.00000019	4.151894184930529e-12
19700000.00000019	0.0
19680000.00000019	1.4147745087402278e-13
19660000.00000019	0.0
19640000.00000019	1.682708318654611e-12
19620000.00000019	0.0
19600000.00000019	0.0
19580000.00000019	0.0
19560000.00000019	2.8068507247333655e-13
19540000.00000019	0.0
19520000.00000019	1.4198032973881037e-13
19500000.000000186	0.0
19480000.000000186	2.3941622275398525e-12
19460000.000000186	0.0
19440000.000000186	1.150733764630214e-13
19420000.000000186	0.0
19400000.000000186	5006.743883454298
19380000.000000186	0.0
19360000.000000186	1.1528593249026504e-13
19340000.000000186	0.0
19320000.000000186	3.812132613910108e-12
19300000.000000186	0.0
19280000.000000186	1.427685693964961e-13
19260000.000000186	0.0
19240000.000000186	2.226198734710763e-12
19220000.000000186	0.0
19200000.000000186	0.0
19180000.000000186	0.0
19160000.000000186	2.462106162402525e-12
19140000.000000186	0.0
19120000.000000183	1.433171267298041e-13
19100000.000000183	0.0
19080000.000000183	3.254622962925733e-12
19060000.000000183	0.0
19040000.000000183	1.1617358275958096e-13
19020000.000000183	0.0
19000000.000000183	5054.978343004569
18980000.000000183	0.0
18960000.000000183	1.1640501654054066e-13
18940000.000000183	0.0
18920000.000000183	3.4399692300883356e-12
18900000.000000183	0.0
18880000.000000183	1.4417537332570887e-13
18860000.000000183	0.0
18840000.000000183	4.609531851913468e-13
18820000.000000183	0.0
18800000.000000183	0.0
18780000.000000183	0.0
18760000.000000183	7.735815890003051e-13
18740000.00000018	0.0
18720000.00000018	1.4477164586255737e-13
18700000.00000018	0.0
18680000.00000018	2.368527928951797e-12
18660000.00000018	0.0
18640000.00000018	1.1736987904388219e-13
18620000.00000018	0.0
18600000.00000018	5107.408544328889
18580000.00000018	0.0
18560000.00000018	1.176210597241826e-13
18540000.00000018	0.0
18520000.00000018	6.10245936022097e-12
18500000.00000018	0.0
18480000.00000018	1.4570312278740032e-13
18460000.00000018	0.0
18440000.00000018	5.145114774177159e-13
18420000.00000018	0.0
18400000.00000018	0.0
18380000.00000018	0.0
18360000.00000018	1.818570958832528e-12
18340000.000000175	0.0
18320000.000000175	1.4634937656678946e-13
18300000.000000175	0.0
18280000.000000175	2.4185641663586818e-12
18260000.000000175	0.0
18240000.000000175	1.1866680172041863e-13
18220000.000000175	0.0
18200000.000000175	5164.233783086303
18180000.000000175	0.0
18160000.000000175	1.1893869561131675e-13
18140000.000000175	0.0
18120000.000000175	5.322250337435455e-12
18100000.000000175	0.0
18080000.000000175	1.4735766758366636e-13
18060000.000000175	0.0
18040000.000000175	1.9461915127475228e-12
18020000.000000175	0.0
18000000.000000175	0.0
17980000.000000175	0.0
17960000.00000017	1.6927536634299527e-12
17940000.00000017	0.0
17920000.00000017	1.4805642056549928e-13
17900000.00000017	0.0
17880000.00000017	2.177172635381696e-12
17860000.00000017	0.0
17840000.00000017	1.2006939208438908e-13
17820000.00000017	0.0
17800000.00000017	5225.675513696025
17780000.00000017	0.0
17760000.00000017	1.2036307246536988e-13
17740000.00000017	0.0
17720000.00000017	1.9094295255492758e-12
17700000.00000017	0.0
17680000.00000017	1.4914550616961528e-13
17660000.00000017	0.0
17640000.00000017	4.564048038982834e-13
17620000.00000017	0.0
17600000.00000017	0.0
17580000.000000168	0.0
17560000.000000168	1.0863421838286116e-12
17540000.000000168	0.0
17520000.000000168	1.498995542108596e-13
17500000.000000168	0.0
17480000.000000168	1.2679014926772123e-12
17460000.000000168	0.0
17440000.000000168	1.2158324817177634e-13
17420000.000000168	0.0
17400000.000000168	5291.979634749465
17380000.000000168	0.0
17360000.000000168	1.2189990655467165e-13
17340000.000000168	0.0
17320000.000000168	2.2322398142450907e-12
17300000.000000168	0.0
17280000.000000168	1.510738534107972e-13
17260000.000000168	0.0
17240000.000000168	1.6118783483708026e-12
17220000.000000168	0.0
17200000.000000168	0.0
17180000.000000164	0.0
17160000.000000164	1.8990422196689615e-12
17140000.000000164	0.0
17120000.000000164	1.518863001332153e-13
17100000.000000164	0.0
17080000.000000164	2.0629221899590225e-12
17060000.000000164	0.0
17040000.000000164	1.2321458437102948e-13
17020000.000000164	0.0
17000000.000000164	5363.419116883532
16980000.000000164	0.0
16960000.000000164	1.2355554346109284e-13
16940000.000000164	0.0
16920000.000000164	9.360472700198613e-13
16900000.000000164	0.0
16880000.000000164	1.5315071852714272e-13
16860000.000000164	0.0
16840000.000000164	1.7127937000114468e-12
16820000.000000164	0.0
16800000.00000016	0.0
16780000.00000016	0.0
16760000.000000162	1.8684465210616867e-12
16740000.000000162	0.0
16720000.000000162	1.5402500971357726e-13
16700000.00000016	0.0
16680000.00000016	1.5206646844081497e-12
16660000.00000016	0.0
16640000.00000016	1.2497030006316647e-13
16620000.00000016	0.0
16600000.00000016	5440.297029187848
16580000.00000016	0.0
16560000.00000016	1.2533702869922665e-13
16540000.00000016	0.0
16520000.00000016	2.2524356044004877e-12
16500000.000000158	0.0
16480000.000000158	1.5538499490711192e-13
16460000.000000158	0.0
16440000.000000158	1.3929015274143846e-12
16420000.000000158	0.0
16400000.000000158	0.0
16380000.000000158	0.0
16360000.000000158	3.789805405137308e-13
16340000.000000158	0.0
16320000.000000156	1.5632495819096075e-13
16300000.000000156	0.0
16280000.000000156	2.9186550238173785e-12
16260000.000000156	0.0
16240000.000000156	1.268580588105605e-13
16220000.000000156	0.0
16200000.000000156	5522.950031459674
16180000.000000156	0.0
16160000.000000156	1.2725218922351824e-13
16140000.000000156	0.0
16120000.000000155	1.883668665418524e-12
16100000.000000155	0.0
16080000.000000155	1.5778656381537455e-13
16060000.000000155	0.0
16040000.000000155	4.658845908684381e-13
16020000.000000155	0.0
16000000.000000155	2.0489216015039798e-12
15980000.000000155	0.0
15960000.000000155	5.554289261690626e-13
15940000.000000155	0.0
15920000.000000153	1.5879645458440453e-13
15900000.000000153	0.0
15880000.000000153	3.2227470207974553e-12
15860000.000000153	0.0
15840000.000000153	1.288863799253009e-13
15820000.000000153	0.0
15800000.000000153	5611.752413403992
15780000.000000153	0.0
15760000.000000153	1.2930972772445884e-13
15740000.00000015	0.0
15720000.00000015	9.813317045717792e-13
15700000.00000015	0.0
15680000.00000015	1.6036641443446604e-13
15660000.00000015	0.0
15640000.00000015	1.6828764909640698e-12
15620000.00000015	0.0
15600000.00000015	0.0
15580000.00000015	0.0
15560000.00000015	2.4011428474459947e-12
15540000.000000149	0.0
15520000.000000149	1.614509690630368e-13
15500000.000000149	0.0
15480000.000000149	1.485946683915671e-12
15460000.000000149	0.0
15440000.000000149	1.3106474463071217e-13
15420000.000000149	0.0
15400000.000000149	5707.120778867603
15380000.000000149	0.0
15360000.000000149	1.3151933201420649e-13
15340000.000000147	0.0
15320000.000000147	6.03849839806152e-13
15300000.000000147	0.0
15280000.000000147	1.6313678319578306e-13
15260000.000000147	0.0
15240000.000000147	8.725832677543901e-13
15220000.000000147	0.0
15200000.000000147	0.0
15180000.000000147	0.0
15160000.000000145	2.2499529531929525e-12
15140000.000000145	0.0
15120000.000000145	1.6430128095859258e-13
15100000.000000145	0.0
15080000.000000145	6.380208039417912e-13
15060000.000000145	0.0
15040000.000000145	1.334037195035538e-13
15020000.000000145	0.0
15000000.000000145	5809.519494249015
14980000.000000145	0.0
14960000.000000143	1.3389180229697815e-13
14940000.000000143	0.0
14920000.000000143	2.2270930988512143e-12
14900000.000000143	0.0
14880000.000000143	1.661113159944605e-13
14860000.000000143	0.0
14840000.000000143	2.7811154089830457e-12
14820000.000000143	0.0
14800000.000000143	0.0
14780000.000000142	0.0
14760000.000000142	1.7985357705787529e-12
14740000.000000142	0.0
14720000.000000142	1.6736165131268436e-13
14700000.000000142	0.0
14680000.000000142	1.0469977942711182e-12
14660000.000000142	0.0
14640000.000000142	1.359151004746061e-13
14620000.000000142	0.0
14600000.000000142	5919.467046458109
14580000.00000014	0.0
14560000.00000014	1.3643919973661478e-13
14540000.00000014	0.0
14520000.00000014	2.5559186185820998e-12
14500000.00000014	0.0
14480000.00000014	1.693052576802487e-13
14460000.00000014	0.0
14440000.00000014	3.503371297279806e-12
14420000.00000014	0.0
14400000.00000014	0.0
14380000.000000138	0.0
14360000.000000138	1.8009003416535018e-12
14340000.000000138	0.0
14320000.000000138	1.7064802472407698e-13
14300000.000000138	0.0
14280000.000000138	2.0551835886958764e-12
14260000.000000138	0.0
14240000.000000138	1.38612081404446e-13
14220000.000000138	0.0
14200000.000000136	6037.543488668671
14180000.000000136	0.0
14160000.000000136	1.3917502050738138e-13
14140000.000000136	0.0
14120000.000000136	3.503914065722105e-12
14100000.000000136	0.0
14080000.000000136	1.7273567421782804e-13
14060000.000000136	0.0
14040000.000000136	1.5307137669679103e-12
14020000.000000136	0.0
14000000.000000134	2.2452069987556612e-12
13980000.000000134	0.0
13960000.000000134	3.1920480875996773e-12
13940000.000000134	0.0
13920000.000000134	1.741782663596562e-13
13900000.000000134	0.0
13880000.000000134	1.7869521048790812e-12
13860000.000000134	0.0
13840000.000000134	1.4150945218231118e-13
13820000.000000134	0.0
13800000.000000132	6164.399193540546
13780000.000000132	0.0
13760000.000000132	1.4211440048988808e-13
13740000.000000132	0.0
13720000.000000132	2.202783798295667e-12
13700000.000000132	0.0
13680000.000000132	1.7642171417440177e-13
13660000.000000132	0.0
13640000.000000132	1.907663305236885e-12
13620000.00000013	0.0
13600000.00000013	0.0
13580000.00000013	0.0
13560000.00000013	1.5314082911444336e-12
13540000.00000013	0.0
13520000.00000013	1.7797244138334604e-13
13500000.00000013	0.0
13480000.00000013	1.7129750723615724e-12
13460000.00000013	0.0
13440000.00000013	1.4462383247619603e-13
13420000.000000129	0.0
13400000.000000129	6300.765186142588
13380000.000000129	0.0
13360000.000000129	1.4527435701254777e-13
13340000.000000129	0.0
13320000.000000129	2.7828806192626384e-12
13300000.000000129	0.0
13280000.000000129	1.8038491779935238e-13
13260000.000000129	0.0
13240000.000000129	3.195193917062914e-12
13220000.000000127	0.0
13200000.000000127	0.0
13180000.000000127	0.0
13160000.000000127	1.8795103314799012e-12
13140000.000000127	0.0
13120000.000000127	1.8205314582913217e-13
13100000.000000127	0.0
13080000.000000127	2.791166246485663e-13
13060000.000000127	0.0
13040000.000000125	1.4797394876821413e-13
13020000.000000125	0.0
13000000.000000125	6447.46539590511
12980000.000000125	0.0
12960000.000000125	1.486740756213408e-13
12940000.000000125	0.0
12920000.000000125	1.8197163076402365e-12
12900000.000000125	0.0
12880000.000000125	1.8464958401653367e-13
12860000.000000125	0.0
12840000.000000123	3.416452533517754e-12
12820000.000000123	0.0
12800000.000000123	0.0
12780000.000000123	0.0
12760000.000000123	2.0752239492152814e-12
12740000.000000123	0.0
12720000.000000123	1.864459002174437e-13
12700000.000000123	0.0
12680000.000000123	1.4335804720928716e-12
12660000.000000123	0.0
12640000.000000121	1.515809642437961e-13
12620000.000000121	0.0
12600000.000000121	6605.431253192921
12580000.000000121	0.0
12560000.000000121	1.523352518963469e-13
12540000.000000121	0.0
12520000.000000121	5.056519933497676e-12
12500000.000000121	0.0
12480000.000000121	1.8924320829836243e-13
12460000.00000012	0.0
12440000.00000012	1.1399944797214214e-12
12420000.00000012	0.0
12400000.00000012	0.0
12380000.00000012	0.0
12360000.00000012	1.4482327904040657e-12
12340000.00000012	0.0
12320000.00000012	1.911796201512394e-13
12300000.00000012	0.0
12280000.00000012	1.6470174883514453e-12
12260000.000000117	0.0
12240000.000000117	1.5546887360668398e-13
12220000.000000117	0.0
12200000.000000117	6775.719167794718
12180000.000000117	0.0
12160000.000000117	1.5628250097170765e-13
12140000.000000117	0.0
12120000.000000117	3.15011934874717e-12
12100000.000000117	0.0
12080000.000000117	1.9419700782855175e-13
12060000.000000115	0.0
12040000.000000115	2.854275519951143e-12
12020000.000000115	0.0
12000000.000000115	0.0
11980000.000000115	0.0
11960000.000000115	1.088841232638089e-12
11940000.000000115	0.0
11920000.000000115	1.962871819520638e-13
11900000.000000115	0.0
11880000.000000114	1.5763673696604481e-12
11860000.000000114	0.0
11840000.000000114	1.5966497815600687e-13
11820000.000000114	0.0
11800000.000000114	6959.531572406186
11780000.000000114	0.0
11760000.000000114	1.6054385086129794e-13
11740000.000000114	0.0
11720000.000000114	3.6995182212673925e-12
11700000.000000114	0.0
11680000.000000112	1.9954655485734937e-13
11660000.000000112	0.0
11640000.000000112	2.65270862808496e-12
11620000.000000112	0.0
11600000.000000112	0.0
11580000.000000112	0.0
11560000.000000112	2.0618073321940113e-12
11540000.000000112	0.0
11520000.000000112	2.018061064150273e-13
11500000.000000112	0.0
11480000.00000011	1.720065267351705e-12
11460000.00000011	0.0
11440000.00000011	1.642004607531811e-13
11420000.00000011	0.0
11400000.00000011	7158.242405990306
11380000.00000011	0.0
11360000.00000011	1.651513402297835e-13
11340000.00000011	0.0
11320000.00000011	4.8732363176392645e-12
11300000.000000108	0.0
11280000.000000108	2.0533254508519325e-13
11260000.000000108	0.0
11240000.000000108	1.234165067029011e-12
11220000.000000108	0.0
11200000.000000108	0.0
11180000.000000108	0.0
11160000.000000108	1.173883991210404e-12
11140000.000000108	0.0
11120000.000000108	2.0777939040494726e-13
11100000.000000106	0.0
11080000.000000106	7.357268264503113e-13
11060000.000000106	0.0
11040000.000000106	1.6911108599701833e-13
11020000.000000106	0.0
11000000.000000106	7373.428166475222
10980000.000000106	0.0
10960000.000000106	1.70141747276383e-13
10940000.000000106	0.0
10920000.000000106	2.7429390419406503e-12
10900000.000000104	0.0
10880000.000000104	2.1160173580541451e-13
10860000.000000104	0.0
10840000.000000104	1.1766051443620504e-13
10820000.000000104	0.0
10800000.000000104	0.0
10780000.000000104	0.0
10760000.000000104	2.0224282015929936e-12
10740000.000000104	0.0
10720000.000000102	2.1425652488989138e-13
10700000.000000102	0.0
10680000.000000102	2.4720046623177885e-13
10660000.000000102	0.0
10640000.000000102	1.7443805854139513e-13
10620000.000000102	0.0
10600000.000000102	7606.9060032781845
10580000.000000102	0.0
10560000.000000102	1.755574844810261e-13
10540000.000000102	0.0
10520000.0000001	5.194477040528361e-12
10500000.0000001	0.0
10480000.0000001	2.1840809914302914e-13
10460000.0000001	0.0
10440000.0000001	3.390241947154536e-12
10420000.0000001	0.0
10400000.0000001	0.0
10380000.0000001	0.0
10360000.0000001	1.450262821150103e-12
10340000.0000001	0.0
10320000.000000099	2.2129474997788423e-13
10300000.000000099	0.0
10280000.000000099	2.415398412035696e-12
10260000.000000099	0.0
10240000.000000099	1.802290827831157e-13
10220000.000000099	0.0
10200000.000000099	7860.780781530723
10180000.000000099	0.0
10160000.000000099	1.8144770490868245e-13
10140000.000000097	0.0
10120000.000000097	2.098659660688226e-12
10100000.000000097	0.0
10080000.000000097	2.2581425012099892e-13
10060000.000000097	0.0
10040000.000000097	6.382703709139426e-13
10020000.000000097	0.0
10000000.000000097	0.0
9980000.000000097	0.0
9960000.000000097	1.0757675493554225e-12
9940000.000000095	0.0
9920000.000000095	2.2896061383558495e-13
9900000.000000095	0.0
9880000.000000095	1.1359618448340541e-12
9860000.000000095	0.0
9840000.000000095	1.8653968120661684e-13
9820000.000000095	0.0
9800000.000000095	8137.503680750982
9780000.000000095	0.0
9760000.000000095	1.8786968075110104e-13
9740000.000000093	0.0
9720000.000000093	7.384736755584328e-13
9700000.000000093	0.0
9680000.000000093	2.338932290327404e-13
9660000.000000093	0.0
9640000.000000093	1.2809705904458291e-12
9620000.000000093	0.0
9600000.000000093	0.0
9580000.000000093	0.0
9560000.000000091	7.020277321441775e-13
9540000.000000091	0.0
9520000.000000091	2.37331924849527e-13
9500000.000000091	0.0
9480000.000000091	2.0885365445187506e-12
9460000.000000091	0.0
9440000.000000091	1.9343484809256557e-13
9420000.000000091	0.0
9400000.000000091	8439.945763184067
9380000.000000091	0.0
9360000.00000009	1.9489053553138784e-13
9340000.00000009	0.0
9320000.00000009	4.169532061624522e-12
9300000.00000009	0.0
9280000.00000009	2.427307450075679e-13
9260000.00000009	0.0
9240000.00000009	1.0212995429893917e-12
9220000.00000009	0.0
9200000.00000009	0.0
9180000.00000009	0.0
9160000.000000088	9.750947876839531e-13
9140000.000000088	0.0
9120000.000000088	2.465002177465081e-13
9100000.000000088	0.0
9080000.000000088	2.6809988706744074e-12
9060000.000000088	0.0
9040000.000000088	2.009911424514445e-13
9020000.000000088	0.0
9000000.000000088	8771.49116849267
8980000.000000086	0.0
8960000.000000086	2.0258944047853683e-13
8940000.000000086	0.0
8920000.000000086	1.9290571932596447e-12
8900000.000000086	0.0
8880000.000000086	2.524280261749059e-13
8860000.000000086	0.0
8840000.000000086	1.3771404760339138e-12
8820000.000000086	0.0
8800000.000000086	0.0
8780000.000000084	0.0
8760000.000000084	1.1122089205131691e-12
8740000.000000084	0.0
8720000.000000084	2.565738986907251e-13
8700000.000000084	0.0
8680000.000000084	1.6771832711592312e-12
8660000.000000084	0.0
8640000.000000084	2.0929936251142847e-13
8620000.000000084	0.0
8600000.000000084	9136.156324245858
8580000.000000082	0.0
8560000.000000082	2.110604268911121e-13
8540000.000000082	0.0
8520000.000000082	5.060203063369689e-12
8500000.000000082	0.0
8480000.000000082	2.631054767044851e-13
8460000.000000082	0.0
8440000.000000082	2.3591722426588674e-12
8420000.000000082	0.0
8400000.00000008	0.0
8380000.000000081	0.0
8360000.000000081	1.1371159606839793e-12
8340000.00000008	0.0
8320000.00000008	2.676822978448884e-13
8300000.00000008	0.0
8280000.00000008	2.5701727288972624e-12
8260000.00000008	0.0
8240000.000000079	2.1846799936435273e-13
8220000.000000079	0.0
8200000.000000079	9538.74405514264
8180000.000000079	0.0
8160000.000000078	2.2041602584730824e-13
8140000.000000078	0.0
8120000.000000078	6.058197842868906e-12
8100000.000000078	0.0
8080000.000000078	2.74907420318782e-13
8060000.000000077	0.0
8040000.000000077	3.7928815363225194e-13
8020000.000000077	0.0
8000000.000000077	0.0
7980000.000000077	0.0
7960000.000000076	2.7409391608306184e-12
7940000.000000076	0.0
7920000.000000076	2.7998095020184285e-13
7900000.000000076	0.0
7880000.000000076	2.7591316713542046e-12
7860000.000000075	0.0
7840000.000000075	2.2862774802924787e-13
7820000.000000075	0.0
7800000.000000075	9985.045118231883
7780000.000000075	0.0
7760000.0000000745	2.3079203377721113e-13
7740000.0000000745	0.0
7720000.0000000745	5.8503021563847756e-12
7700000.0000000745	0.0
7680000.0000000745	2.880083263735904e-13
7660000.000000074	0.0
7640000.000000074	2.2594072360978117e-12
7620000.000000074	0.0
7600000.000000074	0.0
7580000.000000073	0.0
7560000.000000073	1.8816353143227803e-12
7540000.000000073	0.0
7520000.000000073	2.936585620078854e-13
7500000.000000073	0.0
7480000.000000072	1.5918894898804712e-12
7460000.000000072	0.0
7440000.000000072	2.39937473875363e-13
7420000.000000072	0.0
7400000.000000072	10482.105108627147
7380000.000000071	0.0
7360000.000000071	2.423538322035537e-13
7340000.000000071	0.0
7320000.000000071	1.8341886224106786e-12
7300000.000000071	0.0
7280000.00000007	3.0262108871191143e-13
7260000.00000007	0.0
7240000.00000007	5.360203887355695e-13
7220000.00000007	0.0
7200000.00000007	0.0
7180000.000000069	0.0
7160000.000000069	1.9312557719112607e-13
7140000.000000069	0.0
7120000.000000069	3.0894632563772955e-13
7100000.000000068	0.0
7080000.000000068	2.3948033852396177e-12
7060000.000000068	0.0
7040000.000000068	2.5259221323024897e-13
7020000.000000068	0.0
7000000.000000067	11038.582883455463
6980000.000000067	0.0
6960000.000000067	2.553048868806311e-13
6940000.000000067	0.0
6920000.000000067	3.179960667925696e-12
6900000.000000066	0.0
6880000.000000066	3.190081927092331e-13
6860000.000000066	0.0
6840000.000000066	1.7543643638837458e-12
6820000.000000066	0.0
6800000.000000065	0.0
6780000.000000065	0.0
6760000.000000065	3.401032152704973e-12
6740000.000000065	0.0
6720000.000000065	3.261305614298778e-13
6700000.000000064	0.0
6680000.000000064	1.4426925024121887e-12
6660000.000000064	0.0
6640000.000000064	2.6683406595147993e-13
6620000.000000064	0.0
6600000.000000063	11665.239329510716
6580000.000000063	0.0
6560000.000000063	2.698983565520668e-13
6540000.000000063	0.0
6520000.000000062	3.915799007552172e-12
6500000.000000062	0.0
6480000.000000062	3.374970184815282e-13
6460000.000000062	0.0
6440000.000000062	4.583518545899591e-13
6420000.0000000615	0.0
6400000.0000000615	0.0
6380000.0000000615	0.0
6360000.0000000615	1.9438522240501795e-12
6340000.0000000615	0.0
6320000.000000061	3.4557016043969096e-13
6300000.000000061	0.0
6280000.000000061	7.537552860781587e-13
6260000.000000061	0.0
6240000.000000061	2.8296727762797774e-13
6220000.00000006	0.0
6200000.00000006	12375.61533907598
6180000.00000006	0.0
6160000.00000006	2.8645322478053824e-13
6140000.00000006	0.0
6120000.000000059	1.2407987093685884e-12
6100000.000000059	0.0
6080000.000000059	3.585011850554614e-13
6060000.000000059	0.0
6040000.000000059	3.280945445998137e-12
6020000.000000058	0.0
6000000.000000058	4.699392400473608e-12
5980000.000000058	0.0
5960000.000000058	1.8374602477154433e-12
5940000.000000057	0.0
5920000.000000057	3.6772109880231846e-13
5900000.000000057	0.0
5880000.000000057	1.5916695288692566e-12
5860000.000000057	0.0
5840000.000000056	3.0137952012763286e-13
5820000.000000056	0.0
5800000.000000056	13186.990335362434
5780000.000000056	0.0
5760000.000000056	3.0537715355522907e-13
5740000.000000055	0.0
5720000.000000055	3.854013953694274e-12
5700000.000000055	0.0
5680000.000000055	3.825509134278744e-13
5660000.000000055	0.0
5640000.000000054	1.3831582532705366e-12
5620000.000000054	0.0
5600000.000000054	0.0
5580000.000000054	0.0
5560000.000000054	1.5496903027095981e-12
5540000.000000053	0.0
5520000.000000053	3.931716107419923e-13
5500000.000000053	0.0
5480000.000000053	1.586749170568622e-12
5460000.000000053	0.0
5440000.000000052	3.2257256080688586e-13
5420000.000000052	0.0
5400000.000000052	14121.766817319196
5380000.000000052	0.0
5360000.000000051	3.2719957004382126e-13
5340000.000000051	0.0
5320000.000000051	2.2506214113616274e-12
5300000.000000051	0.0
5280000.000000051	4.1033719124704143e-13
5260000.00000005	0.0
5240000.00000005	2.289705446724192e-12
5220000.00000005	0.0
5200000.00000005	0.0
5180000.00000005	0.0
5160000.000000049	1.5635275846052327e-12
5140000.000000049	0.0
5120000.000000049	4.2269384916316746e-13
5100000.000000049	0.0
5080000.000000049	9.603380074879345e-13
5060000.000000048	0.0
5040000.000000048	3.472075362960937e-13
5020000.000000048	0.0
5000000.000000048	15209.51949424901
4980000.000000048	0.0
4960000.0000000475	3.526207632547045e-13
4940000.0000000475	0.0
4920000.0000000475	1.8144735315292371e-12
4900000.0000000475	0.0
4880000.0000000475	4.427776580673094e-13
4860000.000000047	0.0
4840000.000000047	1.4199523113651827e-12
4820000.000000047	0.0
4800000.000000047	0.0
4780000.000000046	0.0
4760000.000000046	7.10551994564006e-13
4740000.000000046	0.0
4720000.000000046	4.573218145807564e-13
4700000.000000046	0.0
4680000.000000045	6.90324690353786e-13
4660000.000000045	0.0
4640000.000000045	3.761736439573532e-13
4620000.000000045	0.0
4600000.000000045	16490.113542747302
4580000.000000044	0.0
4560000.000000044	3.825868212466464e-13
4540000.000000044	0.0
4520000.000000044	4.690477430210638e-12
4500000.000000044	0.0
4480000.000000043	4.811177865239333e-13
4460000.000000043	0.0
4440000.000000043	4.2785023533766746e-13
4420000.000000043	0.0
4400000.000000043	0.0
4380000.000000042	0.0
4360000.000000042	3.0689946340725243e-12
4340000.000000042	0.0
4320000.000000042	4.984725781532495e-13
4300000.000000042	0.0
4280000.000000041	7.911254832395224e-13
4260000.000000041	0.0
4240000.000000041	4.1069571550613944e-13
4220000.000000041	0.0
4200000.00000004	18018.60473377448
4180000.0000000405	0.0
4160000.00000004	4.1840780155276697e-13
4140000.00000004	0.0
4120000.0000000396	3.5202046170907936e-12
4100000.0000000396	0.0
4080000.000000039	5.270915821068798e-13
4060000.000000039	0.0
4040000.000000039	2.4910195634094113e-12
4020000.0000000386	0.0
4000000.0000000386	6.956301058463797e-12
3980000.000000038	0.0
3960000.000000038	1.1539427862512326e-12
3940000.000000038	0.0
3920000.0000000377	5.481417231663969e-13
3900000.0000000377	0.0
3880000.0000000373	1.0764145211778147e-12
3860000.0000000373	0.0
3840000.0000000373	4.525090243651852e-13
3820000.000000037	0.0
3800000.000000037	19873.23438639578
3780000.0000000363	0.0
3760000.0000000363	4.619513297563008e-13
3740000.000000036	0.0
3720000.000000036	3.9414696032035315e-12
3700000.000000036	0.0
3680000.0000000354	5.831870874125841e-13
3660000.0000000354	0.0
3640000.000000035	2.63238193129698e-12
3620000.000000035	0.0
3600000.000000035	0.0
3580000.0000000345	0.0
3560000.0000000345	7.169541715421954e-13
3540000.000000034	0.0
3520000.000000034	6.092320423597076e-13
3500000.0000000335	0.0
3480000.0000000335	1.5351818570096424e-12
3460000.0000000335	0.0
3440000.000000033	5.041560518721186e-13
3420000.000000033	0.0
3400000.0000000326	22169.06782856469
3380000.0000000326	0.0
3360000.0000000326	5.159744830018776e-13
3340000.000000032	0.0
3320000.000000032	6.155923018883506e-12
3300000.0000000317	0.0
3280000.0000000317	6.531061580992449e-13
3260000.000000031	0.0
3240000.000000031	2.582492189125076e-12
3220000.000000031	0.0
3200000.0000000307	0.0
3180000.0000000307	0.0
3160000.0000000303	1.6459470271359742e-12
3140000.0000000303	0.0
3120000.0000000303	6.861350796608941e-13
3100000.00000003	0.0
3080000.00000003	2.5906050540583326e-12
3060000.0000000293	0.0
3040000.0000000293	5.695175428544935e-13
3020000.0000000293	0.0
3000000.000000029	25082.543637774565
2980000.000000029	0.0
2960000.0000000284	5.847247685068738e-13
2940000.0000000284	0.0
2920000.000000028	1.0728207010872928e-12
2900000.000000028	0.0
2880000.000000028	7.426073858010773e-13
2860000.0000000275	0.0
2840000.0000000275	2.332302736535265e-12
2820000.000000027	0.0
2800000.000000027	0.0
2780000.000000027	0.0
2760000.0000000265	8.097947322195116e-13
2740000.0000000265	0.0
2720000.000000026	7.858257973244249e-13
2700000.000000026	0.0
2680000.0000000256	2.0269247617337068e-12
2660000.0000000256	0.0
2640000.0000000256	6.548263392854111e-13
2620000.000000025	0.0
2600000.000000025	28898.683731778783
2580000.0000000247	0.0
2560000.0000000247	6.751045197193018e-13
2540000.0000000247	0.0
2520000.000000024	1.9205867177557967e-12
2500000.000000024	0.0
2480000.0000000237	8.611647532654932e-13
2460000.0000000237	0.0
2440000.0000000237	2.5346103827716483e-12
2420000.0000000233	0.0
2400000.0000000233	0.0
2380000.000000023	0.0
2360000.000000023	1.6998906885460205e-12
2340000.0000000224	0.0
2320000.0000000224	9.20089657742477e-13
2300000.0000000224	0.0
2280000.000000022	1.2647751755933503e-12
2260000.000000022	0.0
2240000.0000000214	7.707674646102654e-13
2220000.0000000214	0.0
2200000.0000000214	34109.80539083799
2180000.000000021	0.0
2160000.000000021	7.991290663203732e-13
2140000.0000000205	0.0
2120000.0000000205	1.7602129129124011e-12
2100000.00000002	0.0
2080000.00000002	1.0255401227696015e-12
2060000.0000000198	0.0
2040000.0000000196	4.742193870070984e-12
2020000.0000000196	0.0
2000000.0000000193	0.0
1980000.000000019	0.0
1960000.0000000189	3.8751971256728365e-12
1940000.0000000186	0.0
1920000.0000000186	1.1105335579789468e-12
1900000.0000000184	0.0
1880000.0000000182	2.7613124151926024e-12
1860000.000000018	0.0
1840000.0000000177	9.373174488854046e-13
1820000.0000000175	0.0
1800000.0000000175	41645.84932672585
1780000.0000000172	0.0
1760000.000000017	9.797369546317428e-13
1740000.0000000168	0.0
1720000.0000000165	2.671271098036857e-12
1700000.0000000163	0.0
1680000.0000000163	1.2684592799343089e-12
1660000.000000016	0.0
1640000.0000000158	2.459561562353219e-12
1620000.0000000156	0.0
1600000.0000000154	0.0
1580000.0000000151	0.0
1560000.0000000151	7.205555748859013e-13
1540000.000000015	0.0
1520000.0000000147	1.401508766765015e-12
1500000.0000000144	0.0
1480000.0000000142	3.708442116361049e-12
1460000.000000014	0.0
1440000.000000014	1.1966491962954388e-12
1420000.0000000137	0.0
1400000.0000000135	53499.55589148137
1380000.0000000133	0.0
1360000.000000013	1.266853498660024e-12
1340000.0000000128	0.0
1320000.0000000128	1.7011247301941634e-12
1300000.0000000126	0.0
1280000.0000000123	1.6635555603525395e-12
1260000.000000012	0.0
1240000.0000000119	6.852630541171431e-13
1220000.0000000119	0.0
1200000.0000000116	0.0
1180000.0000000114	0.0
1160000.0000000112	1.1924189520459348e-12
1140000.000000011	0.0
1120000.0000000107	1.9007258700933643e-12
1100000.0000000107	0.0
1080000.0000000105	3.3145932538124425e-12
1060000.0000000102	0.0
1040000.00000001	1.6558173168237076e-12
1020000.0000000098	0.0
1000000.0000000097	74852.0642165707
980000.0000000094	0.0
960000.0000000093	1.7936132094558504e-12
940000.0000000091	0.0
920000.0000000088	2.1614129997031588e-12
900000.0000000087	0.0
880000.0000000085	2.4183415497846762e-12
860000.0000000083	0.0
840000.0000000081	6.0599510576570385e-12
820000.0000000079	0.0
800000.0000000077	0.0
780000.0000000076	0.0
760000.0000000073	1.1553225164987807e-12
740000.0000000071	0.0
720000.000000007	2.9552528699396523e-12
700000.0000000068	0.0
680000.0000000065	9.774227521744013e-12
660000.0000000064	0.0
640000.0000000062	2.6895134527270346e-12
620000.0000000059	0.0
600000.0000000058	124700.90795684021
580000.0000000056	0.0
560000.0000000054	3.07353549433941e-12
540000.0000000052	0.0
520000.000000005	6.712405723636578e-12
500000.00000000483	0.0
480000.00000000466	4.432039287034448e-12
460000.0000000044	0.0
440000.00000000425	3.6041353480940076e-12
420000.0000000041	0.0
400000.00000000384	0.0
380000.00000000367	0.0
360000.0000000035	2.7564734721594002e-12
340000.00000000326	0.0
320000.0000000031	6.647499025935356e-12
300000.0000000029	0.0
280000.0000000027	4.298357358432657e-12
260000.0000000025	0.0
240000.00000000233	7.170374872491033e-12
220000.00000000212	0.0
200000.00000000192	374023.9601042906
180000.00000000175	0.0
160000.00000000154	1.0755335848598301e-11
140000.00000000134	0.0
120000.00000000116	1.2166940657139346e-11
100000.00000000096	0.0
80000.00000000077	2.6588316563186908e-11
60000.00000000058	0.0
40000.000000000386	2.4301710807902632e-12
20000.000000000193	0.0
