-0.0001247	-408
-0.0001246	-416
-0.0001245	-408
-0.0001244	-416
-0.0001243	-416
-0.0001242	-424
-0.0001241	-408
-0.000124	-416
-0.0001239	-416
-0.0001238	-416
-0.0001237	-408
-0.0001236	-424
-0.0001235	-408
-0.0001234	-416
-0.0001233	-416
-0.0001232	-416
-0.0001231	-424
-0.000123	-416
-0.0001229	-424
-0.0001228	-416
-0.0001227	-416
-0.0001226	-416
-0.0001225	-416
-0.0001224	-408
-0.0001223	-416
-0.0001222	-416
-0.0001221	-416
-0.000122	-408
-0.0001219	-416
-0.0001218	-416
-0.0001217	-416
-0.0001216	-416
-0.0001215	-416
-0.0001214	-416
-0.0001213	-416
-0.0001212	-416
-0.0001211	-408
-0.000121	-416
-0.0001209	-408
-0.0001208	-408
-0.0001207	-416
-0.0001206	-416
-0.0001205	-408
-0.0001204	-408
-0.0001203	-416
-0.0001202	-400
-0.0001201	-400
-0.00012	-392
-0.0001199	-384
-0.0001198	-392
-0.0001197	-392
-0.0001196	-392
-0.0001195	-392
-0.0001194	-392
-0.0001193	-168
-0.0001192	264
-0.0001191	48
-0.000119	-80
-0.0001189	80
-0.0001188	88
-0.0001187	8
-0.0001186	16
-0.0001185	56
-0.0001184	48
-0.0001183	24
-0.0001182	24
-0.0001181	40
-0.000118	40
-0.0001179	32
-0.0001178	32
-0.0001177	32
-0.0001176	40
-0.0001175	48
-0.0001174	24
-0.0001173	40
-0.0001172	48
-0.0001171	40
-0.000117	40
-0.0001169	32
-0.0001168	40
-0.0001167	40
-0.0001166	32
-0.0001165	40
-0.0001164	32
-0.0001163	32
-0.0001162	24
-0.0001161	24
-0.000116	32
-0.0001159	40
-0.0001158	40
-0.0001157	40
-0.0001156	32
-0.0001155	40
-0.0001154	40
-0.0001153	40
-0.0001152	-24
-0.0001151	-144
-0.000115	-192
-0.0001149	-232
-0.0001148	-312
-0.0001147	-336
-0.0001146	-384
-0.0001145	-416
-0.0001144	-424
-0.0001143	-416
-0.0001142	-400
-0.0001141	-408
-0.000114	-408
-0.0001139	-416
-0.0001138	-408
-0.0001137	-408
-0.0001136	-424
-0.0001135	-408
-0.0001134	-416
-0.0001133	-416
-0.0001132	-416
-0.0001131	-416
-0.000113	-416
-0.0001129	-416
-0.0001128	-416
-0.0001127	-408
-0.0001126	-416
-0.0001125	-416
-0.0001124	-416
-0.0001123	-416
-0.0001122	-416
-0.0001121	-416
-0.000112	-416
-0.0001119	-416
-0.0001118	-424
-0.0001117	-416
-0.0001116	-416
-0.0001115	-416
-0.0001114	-424
-0.0001113	-416
-0.0001112	-416
-0.0001111	-424
-0.000111	-416
-0.0001109	-408
-0.0001108	-416
-0.0001107	-416
-0.0001106	-424
-0.0001105	-416
-0.0001104	-424
-0.0001103	-408
-0.0001102	-424
-0.0001101	-424
-0.00011	-408
-0.0001099	-416
-0.0001098	-416
-0.0001097	-416
-0.0001096	-416
-0.0001095	-416
-0.0001094	-416
-0.0001093	-416
-0.0001092	-416
-0.0001091	-416
-0.000109	-408
-0.0001089	-424
-0.0001088	-408
-0.0001087	-416
-0.0001086	-416
-0.0001085	-416
-0.0001084	-416
-0.0001083	-416
-0.0001082	-408
-0.0001081	-416
-0.000108	-424
-0.0001079	-408
-0.0001078	-416
-0.0001077	-424
-0.0001076	-408
-0.0001075	-424
-0.0001074	-408
-0.0001073	-408
-0.0001072	-416
-0.0001071	-408
-0.000107	-408
-0.0001069	-408
-0.0001068	-400
-0.0001067	-408
-0.0001066	-408
-0.0001065	-400
-0.0001064	-392
-0.0001063	-400
-0.0001062	-392
-0.0001061	-400
-0.000106	-328
-0.0001059	248
-0.0001058	96
-0.0001057	-88
-0.0001056	56
-0.0001055	88
-0.0001054	24
-0.0001053	8
-0.0001052	56
-0.0001051	56
-0.000105	32
-0.0001049	24
-0.0001048	40
-0.0001047	40
-0.0001046	32
-0.0001045	32
-0.0001044	32
-0.0001043	40
-0.0001042	40
-0.0001041	40
-0.000104	40
-0.0001039	40
-0.0001038	40
-0.0001037	40
-0.0001036	32
-0.0001035	40
-0.0001034	32
-0.0001033	32
-0.0001032	32
-0.0001031	40
-0.000103	32
-0.0001029	40
-0.0001028	40
-0.0001027	32
-0.0001026	32
-0.0001025	40
-0.0001024	32
-0.0001023	32
-0.0001022	32
-0.0001021	40
-0.000102	48
-0.0001019	-2.3283e-14
-0.0001018	-120
-0.0001017	-176
-0.0001016	-216
-0.0001015	-296
-0.0001014	-328
-0.0001013	-368
-0.0001012	-408
-0.0001011	-424
-0.000101	-408
-0.0001009	-408
-0.0001008	-416
-0.0001007	-416
-0.0001006	-408
-0.0001005	-408
-0.0001004	-424
-0.0001003	-408
-0.0001002	-408
-0.0001001	-408
-0.0001	-400
-9.99e-05	-416
-9.98e-05	-408
-9.97e-05	-408
-9.96e-05	-408
-9.95e-05	-408
-9.94e-05	-416
-9.93e-05	-416
-9.92e-05	-408
-9.91e-05	-416
-9.9e-05	-416
-9.89e-05	-416
-9.88e-05	-416
-9.87e-05	-416
-9.86e-05	-416
-9.85e-05	-416
-9.84e-05	-416
-9.83e-05	-416
-9.82e-05	-416
-9.81e-05	-416
-9.8e-05	-424
-9.79e-05	-424
-9.78e-05	-416
-9.77e-05	-424
-9.76e-05	-424
-9.75e-05	-408
-9.74e-05	-408
-9.73e-05	-424
-9.72e-05	-416
-9.71e-05	-424
-9.7e-05	-416
-9.69e-05	-416
-9.68e-05	-416
-9.67e-05	-424
-9.66e-05	-416
-9.65e-05	-408
-9.64e-05	-424
-9.63e-05	-424
-9.62e-05	-408
-9.61e-05	-408
-9.6e-05	-416
-9.59e-05	-416
-9.58e-05	-416
-9.57e-05	-416
-9.56e-05	-416
-9.55e-05	-416
-9.54e-05	-416
-9.53e-05	-408
-9.52e-05	-416
-9.51e-05	-424
-9.5e-05	-408
-9.49e-05	-416
-9.48e-05	-416
-9.47e-05	-424
-9.46e-05	-416
-9.45e-05	-416
-9.44e-05	-408
-9.43e-05	-416
-9.42e-05	-416
-9.41e-05	-408
-9.4e-05	-416
-9.39e-05	-408
-9.38e-05	-408
-9.37e-05	-408
-9.36e-05	-408
-9.35e-05	-408
-9.34e-05	-400
-9.33e-05	-408
-9.32e-05	-400
-9.31e-05	-392
-9.3e-05	-392
-9.29e-05	-392
-9.28e-05	-384
-9.27e-05	-392
-9.26e-05	176
-9.25e-05	160
-9.24e-05	-80
-9.23e-05	16
-9.22e-05	96
-9.21e-05	48
-9.2e-05	-2.3283e-14
-9.19e-05	40
-9.18e-05	48
-9.17e-05	32
-9.16e-05	24
-9.15e-05	24
-9.14e-05	40
-9.13e-05	32
-9.12e-05	24
-9.11e-05	40
-9.1e-05	48
-9.09e-05	32
-9.08e-05	32
-9.07e-05	32
-9.06e-05	24
-9.05e-05	32
-9.04e-05	32
-9.03e-05	40
-9.02e-05	32
-9.01e-05	40
-9e-05	32
-8.99e-05	48
-8.98e-05	32
-8.97e-05	32
-8.96e-05	40
-8.95e-05	40
-8.94e-05	48
-8.93e-05	40
-8.92e-05	40
-8.91e-05	32
-8.9e-05	32
-8.89e-05	32
-8.88e-05	40
-8.87e-05	32
-8.86e-05	16
-8.85e-05	-104
-8.84e-05	-176
-8.83e-05	-200
-8.82e-05	-288
-8.81e-05	-320
-8.8e-05	-360
-8.79e-05	-400
-8.78e-05	-416
-8.77e-05	-416
-8.76e-05	-408
-8.75e-05	-408
-8.74e-05	-416
-8.73e-05	-416
-8.72e-05	-424
-8.71e-05	-416
-8.7e-05	-416
-8.69e-05	-400
-8.68e-05	-416
-8.67e-05	-416
-8.66e-05	-416
-8.65e-05	-416
-8.64e-05	-416
-8.63e-05	-408
-8.62e-05	-416
-8.61e-05	-416
-8.6e-05	-416
-8.59e-05	-416
-8.58e-05	-408
-8.57e-05	-416
-8.56e-05	-408
-8.55e-05	-408
-8.54e-05	-416
-8.53e-05	-400
-8.52e-05	-408
-8.51e-05	-424
-8.5e-05	-408
-8.49e-05	-416
-8.48e-05	-408
-8.47e-05	-416
-8.46e-05	-424
-8.45e-05	-416
-8.44e-05	-416
-8.43e-05	-408
-8.42e-05	-408
-8.41e-05	-416
-8.4e-05	-424
-8.39e-05	-408
-8.38e-05	-424
-8.37e-05	-416
-8.36e-05	-424
-8.35e-05	-416
-8.34e-05	-416
-8.33e-05	-416
-8.32e-05	-424
-8.31e-05	-408
-8.3e-05	-408
-8.29e-05	-416
-8.28e-05	-424
-8.27e-05	-416
-8.26e-05	-424
-8.25e-05	-416
-8.24e-05	-416
-8.23e-05	-416
-8.22e-05	-416
-8.21e-05	-424
-8.2e-05	-416
-8.19e-05	-408
-8.18e-05	-408
-8.17e-05	-416
-8.16e-05	-416
-8.15e-05	-408
-8.14e-05	-408
-8.13e-05	-416
-8.12e-05	-416
-8.11e-05	-416
-8.1e-05	-416
-8.09e-05	-408
-8.08e-05	-416
-8.07e-05	-416
-8.06e-05	-408
-8.05e-05	-408
-8.04e-05	-400
-8.03e-05	-408
-8.02e-05	-400
-8.01e-05	-400
-8e-05	-392
-7.99e-05	-392
-7.98e-05	-400
-7.97e-05	-400
-7.96e-05	-384
-7.95e-05	-392
-7.94e-05	-384
-7.93e-05	64
-7.92e-05	224
-7.91e-05	-40
-7.9e-05	-32
-7.89e-05	88
-7.88e-05	56
-7.87e-05	9.3132e-14
-7.86e-05	24
-7.85e-05	56
-7.84e-05	32
-7.83e-05	24
-7.82e-05	32
-7.81e-05	32
-7.8e-05	40
-7.79e-05	32
-7.78e-05	32
-7.77e-05	48
-7.76e-05	40
-7.75e-05	32
-7.74e-05	32
-7.73e-05	24
-7.72e-05	32
-7.71e-05	40
-7.7e-05	32
-7.69e-05	32
-7.68e-05	24
-7.67e-05	40
-7.66e-05	40
-7.65e-05	24
-7.64e-05	32
-7.63e-05	40
-7.62e-05	48
-7.61e-05	40
-7.6e-05	40
-7.59e-05	40
-7.58e-05	48
-7.57e-05	32
-7.56e-05	40
-7.55e-05	48
-7.54e-05	32
-7.53e-05	24
-7.52e-05	-64
-7.51e-05	-176
-7.5e-05	-184
-7.49e-05	-264
-7.48e-05	-320
-7.47e-05	-352
-7.46e-05	-400
-7.45e-05	-408
-7.44e-05	-416
-7.43e-05	-408
-7.42e-05	-408
-7.41e-05	-416
-7.4e-05	-400
-7.39e-05	-416
-7.38e-05	-416
-7.37e-05	-416
-7.36e-05	-416
-7.35e-05	-416
-7.34e-05	-408
-7.33e-05	-408
-7.32e-05	-408
-7.31e-05	-416
-7.3e-05	-416
-7.29e-05	-416
-7.28e-05	-408
-7.27e-05	-424
-7.26e-05	-408
-7.25e-05	-416
-7.24e-05	-416
-7.23e-05	-424
-7.22e-05	-416
-7.21e-05	-408
-7.2e-05	-416
-7.19e-05	-416
-7.18e-05	-424
-7.17e-05	-424
-7.16e-05	-424
-7.15e-05	-416
-7.14e-05	-424
-7.13e-05	-408
-7.12e-05	-416
-7.11e-05	-416
-7.1e-05	-416
-7.09e-05	-416
-7.08e-05	-424
-7.07e-05	-408
-7.06e-05	-416
-7.05e-05	-416
-7.04e-05	-416
-7.03e-05	-408
-7.02e-05	-416
-7.01e-05	-424
-7e-05	-408
-6.99e-05	-416
-6.98e-05	-416
-6.97e-05	-424
-6.96e-05	-416
-6.95e-05	-416
-6.94e-05	-416
-6.93e-05	-424
-6.92e-05	-416
-6.91e-05	-424
-6.9e-05	-416
-6.89e-05	-416
-6.88e-05	-424
-6.87e-05	-416
-6.86e-05	-416
-6.85e-05	-416
-6.84e-05	-416
-6.83e-05	-424
-6.82e-05	-416
-6.81e-05	-424
-6.8e-05	-424
-6.79e-05	-432
-6.78e-05	-416
-6.77e-05	-416
-6.76e-05	-416
-6.75e-05	-416
-6.74e-05	-408
-6.73e-05	-416
-6.72e-05	-408
-6.71e-05	-408
-6.7e-05	-416
-6.69e-05	-408
-6.68e-05	-400
-6.67e-05	-400
-6.66e-05	-408
-6.65e-05	-384
-6.64e-05	-400
-6.63e-05	-392
-6.62e-05	-392
-6.61e-05	-392
-6.6e-05	-96
-6.59e-05	264
-6.58e-05	16
-6.57e-05	-64
-6.56e-05	80
-6.55e-05	64
-6.54e-05	1.7462e-14
-6.53e-05	24
-6.52e-05	56
-6.51e-05	32
-6.5e-05	32
-6.49e-05	32
-6.48e-05	40
-6.47e-05	40
-6.46e-05	32
-6.45e-05	40
-6.44e-05	40
-6.43e-05	40
-6.42e-05	40
-6.41e-05	40
-6.4e-05	40
-6.39e-05	32
-6.38e-05	32
-6.37e-05	40
-6.36e-05	32
-6.35e-05	32
-6.34e-05	32
-6.33e-05	40
-6.32e-05	48
-6.31e-05	40
-6.3e-05	32
-6.29e-05	40
-6.28e-05	32
-6.27e-05	40
-6.26e-05	40
-6.25e-05	40
-6.24e-05	56
-6.23e-05	48
-6.22e-05	48
-6.21e-05	40
-6.2e-05	32
-6.19e-05	-48
-6.18e-05	-152
-6.17e-05	-184
-6.16e-05	-248
-6.15e-05	-312
-6.14e-05	-336
-6.13e-05	-384
-6.12e-05	-416
-6.11e-05	-424
-6.1e-05	-408
-6.09e-05	-416
-6.08e-05	-408
-6.07e-05	-416
-6.06e-05	-408
-6.05e-05	-416
-6.04e-05	-408
-6.03e-05	-416
-6.02e-05	-400
-6.01e-05	-408
-6e-05	-416
-5.99e-05	-408
-5.98e-05	-408
-5.97e-05	-408
-5.96e-05	-408
-5.95e-05	-408
-5.94e-05	-416
-5.93e-05	-416
-5.92e-05	-416
-5.91e-05	-416
-5.9e-05	-400
-5.89e-05	-408
-5.88e-05	-416
-5.87e-05	-408
-5.86e-05	-424
-5.85e-05	-408
-5.84e-05	-416
-5.83e-05	-424
-5.82e-05	-416
-5.81e-05	-416
-5.8e-05	-416
-5.79e-05	-416
-5.78e-05	-424
-5.77e-05	-416
-5.76e-05	-416
-5.75e-05	-416
-5.74e-05	-424
-5.73e-05	-416
-5.72e-05	-416
-5.71e-05	-416
-5.7e-05	-424
-5.69e-05	-400
-5.68e-05	-416
-5.67e-05	-416
-5.66e-05	-416
-5.65e-05	-424
-5.64e-05	-416
-5.63e-05	-424
-5.62e-05	-416
-5.61e-05	-416
-5.6e-05	-416
-5.59e-05	-416
-5.58e-05	-416
-5.57e-05	-408
-5.56e-05	-424
-5.55e-05	-416
-5.54e-05	-416
-5.53e-05	-424
-5.52e-05	-416
-5.51e-05	-416
-5.5e-05	-416
-5.49e-05	-424
-5.48e-05	-408
-5.47e-05	-416
-5.46e-05	-408
-5.45e-05	-416
-5.44e-05	-416
-5.43e-05	-416
-5.42e-05	-416
-5.41e-05	-416
-5.4e-05	-416
-5.39e-05	-408
-5.38e-05	-416
-5.37e-05	-416
-5.36e-05	-408
-5.35e-05	-408
-5.34e-05	-400
-5.33e-05	-400
-5.32e-05	-392
-5.31e-05	-392
-5.3e-05	-392
-5.29e-05	-400
-5.28e-05	-392
-5.27e-05	-264
-5.26e-05	256
-5.25e-05	80
-5.24e-05	-96
-5.23e-05	64
-5.22e-05	80
-5.21e-05	16
-5.2e-05	8
-5.19e-05	56
-5.18e-05	48
-5.17e-05	16
-5.16e-05	16
-5.15e-05	32
-5.14e-05	40
-5.13e-05	24
-5.12e-05	32
-5.11e-05	32
-5.1e-05	32
-5.09e-05	40
-5.08e-05	32
-5.07e-05	40
-5.06e-05	48
-5.05e-05	40
-5.04e-05	40
-5.03e-05	40
-5.02e-05	32
-5.01e-05	32
-5e-05	48
-4.99e-05	48
-4.98e-05	40
-4.97e-05	40
-4.96e-05	40
-4.95e-05	40
-4.94e-05	48
-4.93e-05	40
-4.92e-05	40
-4.91e-05	40
-4.9e-05	32
-4.89e-05	32
-4.88e-05	32
-4.87e-05	24
-4.86e-05	-24
-4.85e-05	-136
-4.84e-05	-184
-4.83e-05	-224
-4.82e-05	-304
-4.81e-05	-336
-4.8e-05	-384
-4.79e-05	-408
-4.78e-05	-424
-4.77e-05	-416
-4.76e-05	-408
-4.75e-05	-424
-4.74e-05	-416
-4.73e-05	-408
-4.72e-05	-416
-4.71e-05	-424
-4.7e-05	-416
-4.69e-05	-408
-4.68e-05	-416
-4.67e-05	-400
-4.66e-05	-408
-4.65e-05	-408
-4.64e-05	-416
-4.63e-05	-408
-4.62e-05	-416
-4.61e-05	-416
-4.6e-05	-400
-4.59e-05	-408
-4.58e-05	-408
-4.57e-05	-416
-4.56e-05	-416
-4.55e-05	-408
-4.54e-05	-408
-4.53e-05	-416
-4.52e-05	-408
-4.51e-05	-408
-4.5e-05	-408
-4.49e-05	-408
-4.48e-05	-408
-4.47e-05	-424
-4.46e-05	-408
-4.45e-05	-416
-4.44e-05	-416
-4.43e-05	-416
-4.42e-05	-416
-4.41e-05	-416
-4.4e-05	-416
-4.39e-05	-424
-4.38e-05	-416
-4.37e-05	-424
-4.36e-05	-416
-4.35e-05	-408
-4.34e-05	-408
-4.33e-05	-416
-4.32e-05	-416
-4.31e-05	-408
-4.3e-05	-424
-4.29e-05	-424
-4.28e-05	-416
-4.27e-05	-416
-4.26e-05	-416
-4.25e-05	-416
-4.24e-05	-416
-4.23e-05	-416
-4.22e-05	-408
-4.21e-05	-416
-4.2e-05	-416
-4.19e-05	-408
-4.18e-05	-416
-4.17e-05	-416
-4.16e-05	-416
-4.15e-05	-416
-4.14e-05	-416
-4.13e-05	-416
-4.12e-05	-416
-4.11e-05	-424
-4.1e-05	-416
-4.09e-05	-408
-4.08e-05	-400
-4.07e-05	-408
-4.06e-05	-408
-4.05e-05	-408
-4.04e-05	-400
-4.03e-05	-400
-4.02e-05	-408
-4.01e-05	-400
-4e-05	-384
-3.99e-05	-392
-3.98e-05	-400
-3.97e-05	-384
-3.96e-05	-392
-3.95e-05	-392
-3.94e-05	-368
-3.93e-05	200
-3.92e-05	144
-3.91e-05	-104
-3.9e-05	32
-3.89e-05	88
-3.88e-05	16
-3.87e-05	8.7311e-14
-3.86e-05	48
-3.85e-05	48
-3.84e-05	40
-3.83e-05	32
-3.82e-05	32
-3.81e-05	40
-3.8e-05	32
-3.79e-05	32
-3.78e-05	32
-3.77e-05	48
-3.76e-05	32
-3.75e-05	40
-3.74e-05	32
-3.73e-05	32
-3.72e-05	24
-3.71e-05	40
-3.7e-05	32
-3.69e-05	32
-3.68e-05	32
-3.67e-05	40
-3.66e-05	48
-3.65e-05	40
-3.64e-05	32
-3.63e-05	48
-3.62e-05	40
-3.61e-05	40
-3.6e-05	40
-3.59e-05	32
-3.58e-05	40
-3.57e-05	40
-3.56e-05	24
-3.55e-05	32
-3.54e-05	32
-3.53e-05	8
-3.52e-05	-104
-3.51e-05	-168
-3.5e-05	-208
-3.49e-05	-288
-3.48e-05	-328
-3.47e-05	-368
-3.46e-05	-408
-3.45e-05	-424
-3.44e-05	-408
-3.43e-05	-408
-3.42e-05	-408
-3.41e-05	-408
-3.4e-05	-416
-3.39e-05	-416
-3.38e-05	-416
-3.37e-05	-408
-3.36e-05	-408
-3.35e-05	-408
-3.34e-05	-408
-3.33e-05	-416
-3.32e-05	-416
-3.31e-05	-416
-3.3e-05	-416
-3.29e-05	-408
-3.28e-05	-416
-3.27e-05	-424
-3.26e-05	-408
-3.25e-05	-408
-3.24e-05	-416
-3.23e-05	-416
-3.22e-05	-416
-3.21e-05	-416
-3.2e-05	-408
-3.19e-05	-416
-3.18e-05	-416
-3.17e-05	-408
-3.16e-05	-408
-3.15e-05	-424
-3.14e-05	-416
-3.13e-05	-416
-3.12e-05	-416
-3.11e-05	-416
-3.1e-05	-408
-3.09e-05	-408
-3.08e-05	-416
-3.07e-05	-416
-3.06e-05	-424
-3.05e-05	-416
-3.04e-05	-416
-3.03e-05	-424
-3.02e-05	-408
-3.01e-05	-408
-3e-05	-408
-2.99e-05	-416
-2.98e-05	-424
-2.97e-05	-416
-2.96e-05	-416
-2.95e-05	-424
-2.94e-05	-424
-2.93e-05	-416
-2.92e-05	-416
-2.91e-05	-424
-2.9e-05	-424
-2.89e-05	-416
-2.88e-05	-416
-2.87e-05	-424
-2.86e-05	-416
-2.85e-05	-416
-2.84e-05	-416
-2.83e-05	-424
-2.82e-05	-408
-2.81e-05	-408
-2.8e-05	-416
-2.79e-05	-416
-2.78e-05	-424
-2.77e-05	-424
-2.76e-05	-408
-2.75e-05	-416
-2.74e-05	-416
-2.73e-05	-416
-2.72e-05	-400
-2.71e-05	-408
-2.7e-05	-408
-2.69e-05	-400
-2.68e-05	-408
-2.67e-05	-400
-2.66e-05	-400
-2.65e-05	-392
-2.64e-05	-392
-2.63e-05	-392
-2.62e-05	-392
-2.61e-05	-392
-2.6e-05	104
-2.59e-05	208
-2.58e-05	-72
-2.57e-05	-16
-2.56e-05	80
-2.55e-05	40
-2.54e-05	-4.2201e-14
-2.53e-05	40
-2.52e-05	48
-2.51e-05	40
-2.5e-05	24
-2.49e-05	32
-2.48e-05	40
-2.47e-05	40
-2.46e-05	32
-2.45e-05	40
-2.44e-05	40
-2.43e-05	24
-2.42e-05	40
-2.41e-05	40
-2.4e-05	32
-2.39e-05	32
-2.38e-05	32
-2.37e-05	40
-2.36e-05	32
-2.35e-05	40
-2.34e-05	40
-2.33e-05	40
-2.32e-05	32
-2.31e-05	40
-2.3e-05	32
-2.29e-05	32
-2.28e-05	32
-2.27e-05	48
-2.26e-05	32
-2.25e-05	32
-2.24e-05	40
-2.23e-05	32
-2.22e-05	32
-2.21e-05	40
-2.2e-05	24
-2.19e-05	-80
-2.18e-05	-168
-2.17e-05	-192
-2.16e-05	-272
-2.15e-05	-320
-2.14e-05	-360
-2.13e-05	-400
-2.12e-05	-416
-2.11e-05	-424
-2.1e-05	-408
-2.09e-05	-400
-2.08e-05	-408
-2.07e-05	-416
-2.06e-05	-408
-2.05e-05	-408
-2.04e-05	-416
-2.03e-05	-416
-2.02e-05	-408
-2.01e-05	-408
-2e-05	-416
-1.99e-05	-408
-1.98e-05	-408
-1.97e-05	-408
-1.96e-05	-416
-1.95e-05	-416
-1.94e-05	-416
-1.93e-05	-408
-1.92e-05	-416
-1.91e-05	-416
-1.9e-05	-416
-1.89e-05	-416
-1.88e-05	-416
-1.87e-05	-408
-1.86e-05	-424
-1.85e-05	-416
-1.84e-05	-416
-1.83e-05	-416
-1.82e-05	-408
-1.81e-05	-416
-1.8e-05	-408
-1.79e-05	-416
-1.78e-05	-408
-1.77e-05	-416
-1.76e-05	-408
-1.75e-05	-424
-1.74e-05	-416
-1.73e-05	-416
-1.72e-05	-416
-1.71e-05	-424
-1.7e-05	-408
-1.69e-05	-424
-1.68e-05	-416
-1.67e-05	-416
-1.66e-05	-424
-1.65e-05	-424
-1.64e-05	-416
-1.63e-05	-416
-1.62e-05	-424
-1.61e-05	-416
-1.6e-05	-416
-1.59e-05	-408
-1.58e-05	-416
-1.57e-05	-416
-1.56e-05	-416
-1.55e-05	-416
-1.54e-05	-416
-1.53e-05	-416
-1.52e-05	-416
-1.51e-05	-416
-1.5e-05	-416
-1.49e-05	-416
-1.48e-05	-416
-1.47e-05	-416
-1.46e-05	-416
-1.45e-05	-416
-1.44e-05	-424
-1.43e-05	-416
-1.42e-05	-416
-1.41e-05	-416
-1.4e-05	-416
-1.39e-05	-408
-1.38e-05	-408
-1.37e-05	-408
-1.36e-05	-408
-1.35e-05	-400
-1.34e-05	-392
-1.33e-05	-408
-1.32e-05	-400
-1.31e-05	-392
-1.3e-05	-392
-1.29e-05	-400
-1.28e-05	-384
-1.27e-05	-40
-1.26e-05	256
-1.25e-05	-16
-1.24e-05	-64
-1.23e-05	88
-1.22e-05	72
-1.21e-05	-16
-1.2e-05	16
-1.19e-05	56
-1.18e-05	40
-1.17e-05	16
-1.16e-05	40
-1.15e-05	40
-1.14e-05	40
-1.13e-05	32
-1.12e-05	32
-1.11e-05	40
-1.1e-05	40
-1.09e-05	48
-1.08e-05	32
-1.07e-05	40
-1.06e-05	40
-1.05e-05	32
-1.04e-05	32
-1.03e-05	40
-1.02e-05	56
-1.01e-05	40
-1e-05	32
-9.9e-06	32
-9.8e-06	40
-9.7e-06	40
-9.6e-06	32
-9.5e-06	40
-9.4e-06	40
-9.3e-06	32
-9.2e-06	32
-9.1e-06	32
-9e-06	32
-8.9e-06	32
-8.8e-06	24
-8.7e-06	24
-8.6e-06	-56
-8.5e-06	-160
-8.4e-06	-192
-8.3e-06	-256
-8.2e-06	-304
-8.1e-06	-344
-8e-06	-392
-7.9e-06	-408
-7.8e-06	-416
-7.7e-06	-416
-7.6e-06	-408
-7.5e-06	-416
-7.4e-06	-400
-7.3e-06	-408
-7.2e-06	-408
-7.1e-06	-408
-7e-06	-408
-6.9e-06	-408
-6.8e-06	-416
-6.7e-06	-424
-6.6e-06	-416
-6.5e-06	-408
-6.4e-06	-416
-6.3e-06	-408
-6.2e-06	-408
-6.1e-06	-416
-6e-06	-408
-5.9e-06	-408
-5.8e-06	-416
-5.7e-06	-408
-5.6e-06	-416
-5.5e-06	-408
-5.4e-06	-408
-5.3e-06	-408
-5.2e-06	-408
-5.1e-06	-408
-5e-06	-416
-4.9e-06	-416
-4.8e-06	-408
-4.7e-06	-408
-4.6e-06	-408
-4.5e-06	-424
-4.4e-06	-408
-4.3e-06	-416
-4.2e-06	-408
-4.1e-06	-416
-4e-06	-416
-3.9e-06	-408
-3.8e-06	-416
-3.7e-06	-408
-3.6e-06	-408
-3.5e-06	-432
-3.4e-06	-416
-3.3e-06	-424
-3.2e-06	-424
-3.1e-06	-416
-3e-06	-424
-2.9e-06	-416
-2.8e-06	-416
-2.7e-06	-408
-2.6e-06	-416
-2.5e-06	-424
-2.4e-06	-408
-2.3e-06	-416
-2.2e-06	-408
-2.1e-06	-408
-2e-06	-416
-1.9e-06	-416
-1.8e-06	-416
-1.7e-06	-424
-1.6e-06	-408
-1.5e-06	-408
-1.4e-06	-408
-1.3e-06	-416
-1.2e-06	-424
-1.1e-06	-408
-1e-06	-416
-9e-07	-408
-8e-07	-408
-7e-07	-408
-6e-07	-408
-5e-07	-408
-4e-07	-408
-3e-07	-392
-2e-07	-400
-1e-07	-392
0	-408
1e-07	-400
2e-07	-392
3e-07	-392
4e-07	-392
5e-07	-384
6e-07	-208
7e-07	256
8e-07	48
9e-07	-88
1e-06	72
1.1e-06	72
1.2e-06	8
1.3e-06	16
1.4e-06	56
1.5e-06	48
1.6e-06	24
1.7e-06	32
1.8e-06	40
1.9e-06	48
2e-06	40
2.1e-06	32
2.2e-06	32
2.3e-06	40
2.4e-06	32
2.5e-06	40
2.6e-06	32
2.7e-06	40
2.8e-06	40
2.9e-06	32
3e-06	48
3.1e-06	40
3.2e-06	40
3.3e-06	32
3.4e-06	40
3.5e-06	48
3.6e-06	40
3.7e-06	40
3.8e-06	32
3.9e-06	40
4e-06	32
4.1e-06	32
4.2e-06	32
4.3e-06	40
4.4e-06	48
4.5e-06	32
4.6e-06	40
4.7e-06	-24
4.8e-06	-144
4.9e-06	-176
5e-06	-232
5.1e-06	-304
5.2e-06	-336
5.3e-06	-376
5.4e-06	-408
5.5e-06	-424
5.6e-06	-416
5.7e-06	-408
5.8e-06	-408
5.9e-06	-408
6e-06	-416
6.1e-06	-416
6.2e-06	-416
6.3e-06	-416
6.4e-06	-416
6.5e-06	-424
6.6e-06	-416
6.7e-06	-408
6.8e-06	-416
6.9e-06	-416
7e-06	-408
7.1e-06	-408
7.2e-06	-408
7.3e-06	-416
7.4e-06	-416
7.5e-06	-416
7.6e-06	-416
7.7e-06	-408
7.8e-06	-416
7.9e-06	-416
8e-06	-408
8.1e-06	-424
8.2e-06	-424
8.3e-06	-408
8.4e-06	-416
8.5e-06	-416
8.6e-06	-416
8.7e-06	-424
8.8e-06	-416
8.9e-06	-408
9e-06	-416
9.1e-06	-416
9.2e-06	-416
9.3e-06	-416
9.4e-06	-416
9.5e-06	-408
9.6e-06	-416
9.7e-06	-416
9.8e-06	-416
9.9e-06	-416
1e-05	-416
1.01e-05	-416
1.02e-05	-432
1.03e-05	-416
1.04e-05	-416
1.05e-05	-416
1.06e-05	-416
1.07e-05	-424
1.08e-05	-408
1.09e-05	-416
1.1e-05	-408
1.11e-05	-424
1.12e-05	-416
1.13e-05	-416
1.14e-05	-408
1.15e-05	-416
1.16e-05	-424
1.17e-05	-416
1.18e-05	-416
1.19e-05	-416
1.2e-05	-416
1.21e-05	-408
1.22e-05	-424
1.23e-05	-408
1.24e-05	-408
1.25e-05	-408
1.26e-05	-416
1.27e-05	-400
1.28e-05	-408
1.29e-05	-408
1.3e-05	-416
1.31e-05	-400
1.32e-05	-400
1.33e-05	-408
1.34e-05	-400
1.35e-05	-392
1.36e-05	-392
1.37e-05	-400
1.38e-05	-384
1.39e-05	-352
1.4e-05	216
1.41e-05	128
1.42e-05	-96
1.43e-05	48
1.44e-05	80
1.45e-05	32
1.46e-05	-4.6566e-14
1.47e-05	48
1.48e-05	48
1.49e-05	32
1.5e-05	24
1.51e-05	48
1.52e-05	40
1.53e-05	40
1.54e-05	24
1.55e-05	32
1.56e-05	40
1.57e-05	40
1.58e-05	24
1.59e-05	32
1.6e-05	40
1.61e-05	32
1.62e-05	32
1.63e-05	40
1.64e-05	24
1.65e-05	32
1.66e-05	32
1.67e-05	40
1.68e-05	48
1.69e-05	40
1.7e-05	40
1.71e-05	40
1.72e-05	40
1.73e-05	40
1.74e-05	32
1.75e-05	40
1.76e-05	40
1.77e-05	32
1.78e-05	32
1.79e-05	48
1.8e-05	-8
1.81e-05	-120
1.82e-05	-168
1.83e-05	-224
1.84e-05	-304
1.85e-05	-328
1.86e-05	-360
1.87e-05	-408
1.88e-05	-408
1.89e-05	-408
1.9e-05	-408
1.91e-05	-416
1.92e-05	-408
1.93e-05	-400
1.94e-05	-408
1.95e-05	-408
1.96e-05	-408
1.97e-05	-408
1.98e-05	-416
1.99e-05	-408
2e-05	-408
2.01e-05	-416
2.02e-05	-408
2.03e-05	-416
2.04e-05	-416
2.05e-05	-416
2.06e-05	-416
2.07e-05	-424
2.08e-05	-416
2.09e-05	-416
2.1e-05	-416
2.11e-05	-416
2.12e-05	-416
2.13e-05	-408
2.14e-05	-424
2.15e-05	-408
2.16e-05	-408
2.17e-05	-416
2.18e-05	-408
2.19e-05	-416
2.2e-05	-408
2.21e-05	-416
2.22e-05	-424
2.23e-05	-416
2.24e-05	-416
2.25e-05	-408
2.26e-05	-416
2.27e-05	-416
2.28e-05	-416
2.29e-05	-416
2.3e-05	-416
2.31e-05	-424
2.32e-05	-424
2.33e-05	-408
2.34e-05	-416
2.35e-05	-424
2.36e-05	-416
2.37e-05	-408
2.38e-05	-416
2.39e-05	-416
2.4e-05	-416
2.41e-05	-416
2.42e-05	-416
2.43e-05	-416
2.44e-05	-416
2.45e-05	-424
2.46e-05	-416
2.47e-05	-416
2.48e-05	-408
2.49e-05	-416
2.5e-05	-416
2.51e-05	-408
2.52e-05	-416
2.53e-05	-408
2.54e-05	-424
2.55e-05	-424
2.56e-05	-416
2.57e-05	-416
2.58e-05	-408
2.59e-05	-408
2.6e-05	-408
2.61e-05	-400
2.62e-05	-416
2.63e-05	-408
2.64e-05	-408
2.65e-05	-400
2.66e-05	-392
2.67e-05	-400
2.68e-05	-400
2.69e-05	-392
2.7e-05	-392
2.71e-05	-392
2.72e-05	-392
2.73e-05	144
2.74e-05	176
2.75e-05	-80
2.76e-05	16
2.77e-05	104
2.78e-05	48
2.79e-05	-16
2.8e-05	48
2.81e-05	64
2.82e-05	32
2.83e-05	24
2.84e-05	40
2.85e-05	40
2.86e-05	48
2.87e-05	40
2.88e-05	32
2.89e-05	48
2.9e-05	40
2.91e-05	40
2.92e-05	40
2.93e-05	40
2.94e-05	40
2.95e-05	40
2.96e-05	32
2.97e-05	48
2.98e-05	48
2.99e-05	32
3e-05	40
3.01e-05	40
3.02e-05	32
3.03e-05	32
3.04e-05	32
3.05e-05	32
3.06e-05	40
3.07e-05	32
3.08e-05	32
3.09e-05	32
3.1e-05	32
3.11e-05	40
3.12e-05	40
3.13e-05	16
3.14e-05	-104
3.15e-05	-176
3.16e-05	-200
3.17e-05	-280
3.18e-05	-320
3.19e-05	-360
3.2e-05	-408
3.21e-05	-424
3.22e-05	-416
3.23e-05	-408
3.24e-05	-416
3.25e-05	-408
3.26e-05	-408
3.27e-05	-408
3.28e-05	-408
3.29e-05	-408
3.3e-05	-416
3.31e-05	-408
3.32e-05	-400
3.33e-05	-400
3.34e-05	-408
3.35e-05	-416
3.36e-05	-400
3.37e-05	-416
3.38e-05	-416
3.39e-05	-416
3.4e-05	-408
3.41e-05	-424
3.42e-05	-416
3.43e-05	-408
3.44e-05	-408
3.45e-05	-416
3.46e-05	-408
3.47e-05	-416
3.48e-05	-408
3.49e-05	-424
3.5e-05	-408
3.51e-05	-416
3.52e-05	-408
3.53e-05	-416
3.54e-05	-424
3.55e-05	-424
3.56e-05	-416
3.57e-05	-416
3.58e-05	-416
3.59e-05	-416
3.6e-05	-416
3.61e-05	-416
3.62e-05	-424
3.63e-05	-416
3.64e-05	-408
3.65e-05	-416
3.66e-05	-424
3.67e-05	-416
3.68e-05	-416
3.69e-05	-416
3.7e-05	-408
3.71e-05	-416
3.72e-05	-408
3.73e-05	-416
3.74e-05	-416
3.75e-05	-416
3.76e-05	-408
3.77e-05	-408
3.78e-05	-416
3.79e-05	-416
3.8e-05	-416
3.81e-05	-416
3.82e-05	-416
3.83e-05	-408
3.84e-05	-408
3.85e-05	-416
3.86e-05	-408
3.87e-05	-416
3.88e-05	-416
3.89e-05	-416
3.9e-05	-408
3.91e-05	-408
3.92e-05	-408
3.93e-05	-408
3.94e-05	-416
3.95e-05	-408
3.96e-05	-400
3.97e-05	-400
3.98e-05	-400
3.99e-05	-400
4e-05	-400
4.01e-05	-384
4.02e-05	-400
4.03e-05	-384
4.04e-05	-392
4.05e-05	-392
4.06e-05	16
4.07e-05	232
4.08e-05	-24
4.09e-05	-40
4.1e-05	88
4.11e-05	72
4.12e-05	1.4552e-15
4.13e-05	32
4.14e-05	56
4.15e-05	48
4.16e-05	8
4.17e-05	32
4.18e-05	48
4.19e-05	32
4.2e-05	32
4.21e-05	32
4.22e-05	32
4.23e-05	40
4.24e-05	32
4.25e-05	32
4.26e-05	32
4.27e-05	32
4.28e-05	40
4.29e-05	32
4.3e-05	32
4.31e-05	40
4.32e-05	32
4.33e-05	40
4.34e-05	32
4.35e-05	40
4.36e-05	32
4.37e-05	40
4.38e-05	32
4.39e-05	32
4.4e-05	40
4.41e-05	32
4.42e-05	40
4.43e-05	40
4.44e-05	40
4.45e-05	40
4.46e-05	32
4.47e-05	-56
4.48e-05	-160
4.49e-05	-184
4.5e-05	-264
4.51e-05	-312
4.52e-05	-352
4.53e-05	-400
4.54e-05	-416
4.55e-05	-416
4.56e-05	-408
4.57e-05	-408
4.58e-05	-416
4.59e-05	-416
4.6e-05	-408
4.61e-05	-416
4.62e-05	-416
4.63e-05	-408
4.64e-05	-416
4.65e-05	-416
4.66e-05	-416
4.67e-05	-416
4.68e-05	-416
4.69e-05	-416
4.7e-05	-416
4.71e-05	-416
4.72e-05	-416
4.73e-05	-408
4.74e-05	-416
4.75e-05	-408
4.76e-05	-416
4.77e-05	-424
4.78e-05	-416
4.79e-05	-408
4.8e-05	-416
4.81e-05	-408
4.82e-05	-424
4.83e-05	-416
4.84e-05	-408
4.85e-05	-408
4.86e-05	-416
4.87e-05	-408
4.88e-05	-416
4.89e-05	-416
4.9e-05	-416
4.91e-05	-408
4.92e-05	-408
4.93e-05	-408
4.94e-05	-416
4.95e-05	-416
4.96e-05	-416
4.97e-05	-416
4.98e-05	-416
4.99e-05	-416
5e-05	-416
5.01e-05	-408
5.02e-05	-408
5.03e-05	-408
5.04e-05	-416
5.05e-05	-424
5.06e-05	-416
5.07e-05	-424
5.08e-05	-416
5.09e-05	-424
5.1e-05	-416
5.11e-05	-424
5.12e-05	-416
5.13e-05	-416
5.14e-05	-424
5.15e-05	-416
5.16e-05	-424
5.17e-05	-416
5.18e-05	-416
5.19e-05	-424
5.2e-05	-416
5.21e-05	-416
5.22e-05	-416
5.23e-05	-408
5.24e-05	-416
5.25e-05	-408
5.26e-05	-408
5.27e-05	-416
5.28e-05	-408
5.29e-05	-408
5.3e-05	-408
5.31e-05	-392
5.32e-05	-400
5.33e-05	-400
5.34e-05	-392
5.35e-05	-400
5.36e-05	-400
5.37e-05	-400
5.38e-05	-392
5.39e-05	-168
5.4e-05	256
5.41e-05	24
5.42e-05	-72
5.43e-05	72
5.44e-05	80
5.45e-05	16
5.46e-05	8
5.47e-05	56
5.48e-05	40
5.49e-05	16
5.5e-05	32
5.51e-05	40
5.52e-05	32
5.53e-05	32
5.54e-05	24
5.55e-05	40
5.56e-05	40
5.57e-05	32
5.58e-05	32
5.59e-05	40
5.6e-05	40
5.61e-05	48
5.62e-05	32
5.63e-05	40
5.64e-05	40
5.65e-05	48
5.66e-05	40
5.67e-05	40
5.68e-05	32
5.69e-05	40
5.7e-05	32
5.71e-05	32
5.72e-05	32
5.73e-05	32
5.74e-05	40
5.75e-05	48
5.76e-05	40
5.77e-05	40
5.78e-05	40
5.79e-05	32
5.8e-05	-24
5.81e-05	-144
5.82e-05	-176
5.83e-05	-240
5.84e-05	-312
5.85e-05	-336
5.86e-05	-376
5.87e-05	-408
5.88e-05	-424
5.89e-05	-416
5.9e-05	-416
5.91e-05	-408
5.92e-05	-416
5.93e-05	-416
5.94e-05	-416
5.95e-05	-400
5.96e-05	-408
5.97e-05	-416
5.98e-05	-408
5.99e-05	-408
6e-05	-408
6.01e-05	-416
6.02e-05	-416
6.03e-05	-408
6.04e-05	-416
6.05e-05	-408
6.06e-05	-416
6.07e-05	-416
6.08e-05	-408
6.09e-05	-416
6.1e-05	-416
6.11e-05	-416
6.12e-05	-416
6.13e-05	-416
6.14e-05	-416
6.15e-05	-408
6.16e-05	-408
6.17e-05	-416
6.18e-05	-408
6.19e-05	-408
6.2e-05	-416
6.21e-05	-416
6.22e-05	-408
6.23e-05	-416
6.24e-05	-416
6.25e-05	-424
6.26e-05	-416
6.27e-05	-416
6.28e-05	-416
6.29e-05	-416
6.3e-05	-416
6.31e-05	-408
6.32e-05	-424
6.33e-05	-416
6.34e-05	-416
6.35e-05	-408
6.36e-05	-408
6.37e-05	-416
6.38e-05	-408
6.39e-05	-416
6.4e-05	-408
6.41e-05	-424
6.42e-05	-416
6.43e-05	-408
6.44e-05	-424
6.45e-05	-408
6.46e-05	-408
6.47e-05	-416
6.48e-05	-416
6.49e-05	-416
6.5e-05	-416
6.51e-05	-424
6.52e-05	-424
6.53e-05	-416
6.54e-05	-416
6.55e-05	-408
6.56e-05	-408
6.57e-05	-416
6.58e-05	-416
6.59e-05	-416
6.6e-05	-408
6.61e-05	-408
6.62e-05	-408
6.63e-05	-408
6.64e-05	-400
6.65e-05	-392
6.66e-05	-400
6.67e-05	-400
6.68e-05	-400
6.69e-05	-392
6.7e-05	-384
6.71e-05	-392
6.72e-05	-304
6.73e-05	248
6.74e-05	96
6.75e-05	-104
6.76e-05	64
6.77e-05	80
6.78e-05	16
6.79e-05	8
6.8e-05	64
6.81e-05	56
6.82e-05	32
6.83e-05	32
6.84e-05	40
6.85e-05	48
6.86e-05	40
6.87e-05	40
6.88e-05	40
6.89e-05	48
6.9e-05	32
6.91e-05	56
6.92e-05	32
6.93e-05	40
6.94e-05	48
6.95e-05	32
6.96e-05	32
6.97e-05	48
6.98e-05	32
6.99e-05	32
7e-05	32
7.01e-05	24
7.02e-05	32
7.03e-05	32
7.04e-05	32
7.05e-05	32
7.06e-05	32
7.07e-05	40
7.08e-05	48
7.09e-05	32
7.1e-05	32
7.11e-05	32
7.12e-05	48
7.13e-05	-16
7.14e-05	-128
7.15e-05	-176
7.16e-05	-224
7.17e-05	-304
7.18e-05	-328
7.19e-05	-368
7.2e-05	-400
7.21e-05	-416
7.22e-05	-416
7.23e-05	-408
7.24e-05	-416
7.25e-05	-416
7.26e-05	-408
7.27e-05	-416
7.28e-05	-408
7.29e-05	-408
7.3e-05	-408
7.31e-05	-408
7.32e-05	-408
7.33e-05	-408
7.34e-05	-400
7.35e-05	-408
7.36e-05	-408
7.37e-05	-408
7.38e-05	-424
7.39e-05	-408
7.4e-05	-408
7.41e-05	-400
7.42e-05	-416
7.43e-05	-416
7.44e-05	-416
7.45e-05	-408
7.46e-05	-416
7.47e-05	-416
7.48e-05	-416
7.49e-05	-416
7.5e-05	-424
7.51e-05	-416
7.52e-05	-416
7.53e-05	-408
7.54e-05	-416
7.55e-05	-416
7.56e-05	-408
7.57e-05	-416
7.58e-05	-416
7.59e-05	-408
7.6e-05	-416
7.61e-05	-416
7.62e-05	-408
7.63e-05	-416
7.64e-05	-408
7.65e-05	-424
7.66e-05	-408
7.67e-05	-416
7.68e-05	-416
7.69e-05	-416
7.7e-05	-408
7.71e-05	-416
7.72e-05	-416
7.73e-05	-408
7.74e-05	-416
7.75e-05	-416
7.76e-05	-408
7.77e-05	-424
7.78e-05	-416
7.79e-05	-424
7.8e-05	-408
7.81e-05	-416
7.82e-05	-408
7.83e-05	-416
7.84e-05	-416
7.85e-05	-408
7.86e-05	-408
7.87e-05	-408
7.88e-05	-416
7.89e-05	-416
7.9e-05	-416
7.91e-05	-416
7.92e-05	-416
7.93e-05	-400
7.94e-05	-400
7.95e-05	-416
7.96e-05	-400
7.97e-05	-400
7.98e-05	-400
7.99e-05	-400
8e-05	-408
8.01e-05	-400
8.02e-05	-392
8.03e-05	-392
8.04e-05	-392
8.05e-05	-392
8.06e-05	184
8.07e-05	160
8.08e-05	-80
8.09e-05	24
8.1e-05	88
8.11e-05	48
8.12e-05	4.6566e-14
8.13e-05	32
8.14e-05	56
8.15e-05	32
8.16e-05	24
8.17e-05	40
8.18e-05	40
8.19e-05	24
8.2e-05	40
8.21e-05	32
8.22e-05	48
8.23e-05	32
8.24e-05	40
8.25e-05	24
8.26e-05	40
8.27e-05	40
8.28e-05	32
8.29e-05	40
8.3e-05	40
8.31e-05	40
8.32e-05	32
8.33e-05	24
8.34e-05	40
8.35e-05	40
8.36e-05	40
8.37e-05	40
8.38e-05	40
8.39e-05	32
8.4e-05	40
8.41e-05	32
8.42e-05	32
8.43e-05	40
8.44e-05	32
8.45e-05	40
8.46e-05	16
8.47e-05	-96
8.48e-05	-176
8.49e-05	-208
8.5e-05	-288
8.51e-05	-320
8.52e-05	-360
8.53e-05	-392
8.54e-05	-424
8.55e-05	-416
8.56e-05	-408
8.57e-05	-416
8.58e-05	-416
8.59e-05	-416
8.6e-05	-416
8.61e-05	-424
8.62e-05	-400
8.63e-05	-408
8.64e-05	-408
8.65e-05	-416
8.66e-05	-408
8.67e-05	-416
8.68e-05	-416
8.69e-05	-416
8.7e-05	-416
8.71e-05	-408
8.72e-05	-416
8.73e-05	-408
8.74e-05	-424
8.75e-05	-408
8.76e-05	-416
8.77e-05	-416
8.78e-05	-408
8.79e-05	-424
8.8e-05	-416
8.81e-05	-408
8.82e-05	-416
8.83e-05	-408
8.84e-05	-416
8.85e-05	-408
8.86e-05	-416
8.87e-05	-416
8.88e-05	-416
8.89e-05	-408
8.9e-05	-416
8.91e-05	-416
8.92e-05	-408
8.93e-05	-424
8.94e-05	-424
8.95e-05	-416
8.96e-05	-416
8.97e-05	-416
8.98e-05	-408
8.99e-05	-416
9e-05	-416
9.01e-05	-416
9.02e-05	-416
9.03e-05	-424
9.04e-05	-416
9.05e-05	-424
9.06e-05	-416
9.07e-05	-416
9.08e-05	-416
9.09e-05	-416
9.1e-05	-416
9.11e-05	-424
9.12e-05	-408
9.13e-05	-416
9.14e-05	-408
9.15e-05	-424
9.16e-05	-416
9.17e-05	-424
9.18e-05	-424
9.19e-05	-408
9.2e-05	-424
9.21e-05	-408
9.22e-05	-416
9.23e-05	-416
9.24e-05	-416
9.25e-05	-408
9.26e-05	-408
9.27e-05	-408
9.28e-05	-400
9.29e-05	-408
9.3e-05	-392
9.31e-05	-400
9.32e-05	-400
9.33e-05	-392
9.34e-05	-408
9.35e-05	-392
9.36e-05	-400
9.37e-05	-392
9.38e-05	-384
9.39e-05	64
9.4e-05	224
9.41e-05	-48
9.42e-05	-16
9.43e-05	96
9.44e-05	48
9.45e-05	4.6566e-14
9.46e-05	32
9.47e-05	48
9.48e-05	32
9.49e-05	24
9.5e-05	32
9.51e-05	48
9.52e-05	48
9.53e-05	24
9.54e-05	32
9.55e-05	40
9.56e-05	32
9.57e-05	32
9.58e-05	32
9.59e-05	40
9.6e-05	48
9.61e-05	40
9.62e-05	40
9.63e-05	48
9.64e-05	32
9.65e-05	40
9.66e-05	32
9.67e-05	32
9.68e-05	32
9.69e-05	40
9.7e-05	32
9.71e-05	48
9.72e-05	32
9.73e-05	40
9.74e-05	32
9.75e-05	24
9.76e-05	40
9.77e-05	40
9.78e-05	48
9.79e-05	24
9.8e-05	-64
9.81e-05	-168
9.82e-05	-184
9.83e-05	-264
9.84e-05	-312
9.85e-05	-352
9.86e-05	-392
9.87e-05	-424
9.88e-05	-408
9.89e-05	-408
9.9e-05	-408
9.91e-05	-408
9.92e-05	-424
9.93e-05	-416
9.94e-05	-408
9.95e-05	-408
9.96e-05	-408
9.97e-05	-416
9.98e-05	-408
9.99e-05	-408
0.0001	-408
0.0001001	-416
0.0001002	-416
0.0001003	-416
0.0001004	-416
0.0001005	-408
0.0001006	-408
0.0001007	-416
0.0001008	-416
0.0001009	-416
0.000101	-408
0.0001011	-416
0.0001012	-408
0.0001013	-416
0.0001014	-416
0.0001015	-408
0.0001016	-416
0.0001017	-416
0.0001018	-408
0.0001019	-416
0.000102	-416
0.0001021	-416
0.0001022	-416
0.0001023	-408
0.0001024	-408
0.0001025	-408
0.0001026	-416
0.0001027	-416
0.0001028	-416
0.0001029	-416
0.000103	-416
0.0001031	-408
0.0001032	-416
0.0001033	-408
0.0001034	-416
0.0001035	-416
0.0001036	-408
0.0001037	-408
0.0001038	-416
0.0001039	-416
0.000104	-408
0.0001041	-408
0.0001042	-408
0.0001043	-408
0.0001044	-416
0.0001045	-416
0.0001046	-416
0.0001047	-416
0.0001048	-416
0.0001049	-416
0.000105	-416
0.0001051	-416
0.0001052	-424
0.0001053	-416
0.0001054	-416
0.0001055	-408
0.0001056	-416
0.0001057	-416
0.0001058	-408
0.0001059	-408
0.000106	-400
0.0001061	-408
0.0001062	-400
0.0001063	-392
0.0001064	-400
0.0001065	-400
0.0001066	-400
0.0001067	-384
0.0001068	-384
0.0001069	-392
0.000107	-392
0.0001071	-384
0.0001072	-72
0.0001073	264
0.0001074	8
0.0001075	-64
0.0001076	88
0.0001077	72
0.0001078	8
0.0001079	32
0.000108	40
0.0001081	56
0.0001082	24
0.0001083	40
0.0001084	40
0.0001085	48
0.0001086	32
0.0001087	40
0.0001088	40
0.0001089	32
0.000109	40
0.0001091	40
0.0001092	40
0.0001093	40
0.0001094	32
0.0001095	32
0.0001096	24
0.0001097	32
0.0001098	32
0.0001099	32
0.00011	24
0.0001101	32
0.0001102	48
0.0001103	40
0.0001104	40
0.0001105	40
0.0001106	40
0.0001107	40
0.0001108	32
0.0001109	32
0.000111	40
0.0001111	40
0.0001112	40
0.0001113	-40
0.0001114	-144
0.0001115	-176
0.0001116	-256
0.0001117	-304
0.0001118	-336
0.0001119	-384
0.000112	-408
0.0001121	-424
0.0001122	-408
0.0001123	-408
0.0001124	-408
0.0001125	-416
0.0001126	-408
0.0001127	-416
0.0001128	-416
0.0001129	-408
0.000113	-416
0.0001131	-408
0.0001132	-416
0.0001133	-408
0.0001134	-416
0.0001135	-408
0.0001136	-408
0.0001137	-416
0.0001138	-416
0.0001139	-408
0.000114	-416
0.0001141	-408
0.0001142	-408
0.0001143	-416
0.0001144	-408
0.0001145	-408
0.0001146	-408
0.0001147	-424
0.0001148	-424
0.0001149	-416
0.000115	-416
0.0001151	-416
0.0001152	-416
0.0001153	-416
0.0001154	-416
0.0001155	-416
0.0001156	-416
0.0001157	-424
0.0001158	-416
0.0001159	-424
0.000116	-408
0.0001161	-424
0.0001162	-416
0.0001163	-424
0.0001164	-416
0.0001165	-408
0.0001166	-424
0.0001167	-416
0.0001168	-416
0.0001169	-416
0.000117	-424
0.0001171	-408
0.0001172	-424
0.0001173	-416
0.0001174	-416
0.0001175	-416
0.0001176	-416
0.0001177	-416
0.0001178	-408
0.0001179	-416
0.000118	-416
0.0001181	-416
0.0001182	-416
0.0001183	-416
0.0001184	-408
0.0001185	-408
0.0001186	-424
0.0001187	-416
0.0001188	-416
0.0001189	-416
0.000119	-416
0.0001191	-416
0.0001192	-416
0.0001193	-400
0.0001194	-408
0.0001195	-400
0.0001196	-400
0.0001197	-400
0.0001198	-400
0.0001199	-392
0.00012	-392
0.0001201	-392
0.0001202	-392
0.0001203	-392
0.0001204	-392
0.0001205	-264
0.0001206	248
0.0001207	80
0.0001208	-96
0.0001209	56
0.000121	80
0.0001211	8
0.0001212	-2.3283e-14
0.0001213	48
0.0001214	48
0.0001215	24
0.0001216	32
0.0001217	40
0.0001218	40
0.0001219	32
0.000122	32
0.0001221	32
0.0001222	48
0.0001223	32
0.0001224	40
0.0001225	32
0.0001226	40
0.0001227	40
0.0001228	32
0.0001229	32
0.000123	32
0.0001231	40
0.0001232	40
0.0001233	32
0.0001234	32
0.0001235	32
0.0001236	48
0.0001237	40
0.0001238	40
0.0001239	40
0.000124	32
0.0001241	32
0.0001242	24
0.0001243	32
0.0001244	32
0.0001245	24
0.0001246	-24
0.0001247	-136
0.0001248	-176
0.0001249	-232
0.000125	-304
0.0001251	-328
0.0001252	-384
