-2.22e-05	-416
-2.218e-05	-416
-2.216e-05	-432
-2.214e-05	-432
-2.212e-05	-440
-2.21e-05	-440
-2.208e-05	-448
-2.206e-05	-448
-2.204e-05	-456
-2.202e-05	-448
-2.2e-05	-440
-2.198e-05	-440
-2.196e-05	-440
-2.194e-05	-440
-2.192e-05	-432
-2.19e-05	-432
-2.188e-05	-432
-2.186e-05	-432
-2.184e-05	-440
-2.182e-05	-432
-2.18e-05	-432
-2.178e-05	-440
-2.176e-05	-440
-2.174e-05	-440
-2.172e-05	-448
-2.17e-05	-440
-2.168e-05	-440
-2.166e-05	-440
-2.164e-05	-440
-2.162e-05	-440
-2.16e-05	-440
-2.158e-05	-432
-2.156e-05	-432
-2.154e-05	-440
-2.152e-05	-440
-2.15e-05	-440
-2.148e-05	-440
-2.146e-05	-440
-2.144e-05	-440
-2.142e-05	-432
-2.14e-05	-440
-2.138e-05	-440
-2.136e-05	-440
-2.134e-05	-432
-2.132e-05	-448
-2.13e-05	-456
-2.128e-05	-440
-2.126e-05	-440
-2.124e-05	-440
-2.122e-05	-448
-2.12e-05	-432
-2.118e-05	-440
-2.116e-05	-448
-2.114e-05	-440
-2.112e-05	-424
-2.11e-05	-440
-2.108e-05	-432
-2.106e-05	-440
-2.104e-05	-432
-2.102e-05	-432
-2.1e-05	-440
-2.098e-05	-440
-2.096e-05	-440
-2.094e-05	-448
-2.092e-05	-440
-2.09e-05	-448
-2.088e-05	-448
-2.086e-05	-432
-2.084e-05	-440
-2.082e-05	-432
-2.08e-05	-448
-2.078e-05	-440
-2.076e-05	-440
-2.074e-05	-448
-2.072e-05	-448
-2.07e-05	-448
-2.068e-05	-432
-2.066e-05	-440
-2.064e-05	-448
-2.062e-05	-448
-2.06e-05	-440
-2.058e-05	-432
-2.056e-05	-440
-2.054e-05	-440
-2.052e-05	-440
-2.05e-05	-440
-2.048e-05	-448
-2.046e-05	-440
-2.044e-05	-448
-2.042e-05	-440
-2.04e-05	-432
-2.038e-05	-448
-2.036e-05	-432
-2.034e-05	-440
-2.032e-05	-440
-2.03e-05	-432
-2.028e-05	-440
-2.026e-05	-440
-2.024e-05	-448
-2.022e-05	-440
-2.02e-05	-440
-2.018e-05	-440
-2.016e-05	-440
-2.014e-05	-440
-2.012e-05	-432
-2.01e-05	-440
-2.008e-05	-448
-2.006e-05	-448
-2.004e-05	-440
-2.002e-05	-440
-2e-05	-432
-1.998e-05	-448
-1.996e-05	-440
-1.994e-05	-440
-1.992e-05	-408
-1.99e-05	-296
-1.988e-05	-144
-1.986e-05	-8
-1.984e-05	112
-1.982e-05	184
-1.98e-05	232
-1.978e-05	248
-1.976e-05	240
-1.974e-05	208
-1.972e-05	184
-1.97e-05	128
-1.968e-05	64
-1.966e-05	16
-1.964e-05	-32
-1.962e-05	-80
-1.96e-05	-112
-1.958e-05	-88
-1.956e-05	-64
-1.954e-05	-56
-1.952e-05	-16
-1.95e-05	16
-1.948e-05	40
-1.946e-05	64
-1.944e-05	64
-1.942e-05	80
-1.94e-05	88
-1.938e-05	88
-1.936e-05	72
-1.934e-05	64
-1.932e-05	40
-1.93e-05	32
-1.928e-05	16
-1.926e-05	8
-1.924e-05	-8
-1.922e-05	-8
-1.92e-05	-8
-1.918e-05	-8
-1.916e-05	8
-1.914e-05	24
-1.912e-05	32
-1.91e-05	32
-1.908e-05	32
-1.906e-05	40
-1.904e-05	56
-1.902e-05	40
-1.9e-05	56
-1.898e-05	40
-1.896e-05	40
-1.894e-05	40
-1.892e-05	40
-1.89e-05	24
-1.888e-05	24
-1.886e-05	24
-1.884e-05	8
-1.882e-05	16
-1.88e-05	24
-1.878e-05	16
-1.876e-05	16
-1.874e-05	24
-1.872e-05	24
-1.87e-05	24
-1.868e-05	40
-1.866e-05	40
-1.864e-05	32
-1.862e-05	40
-1.86e-05	32
-1.858e-05	32
-1.856e-05	48
-1.854e-05	40
-1.852e-05	40
-1.85e-05	32
-1.848e-05	24
-1.846e-05	32
-1.844e-05	32
-1.842e-05	40
-1.84e-05	24
-1.838e-05	32
-1.836e-05	32
-1.834e-05	24
-1.832e-05	32
-1.83e-05	32
-1.828e-05	24
-1.826e-05	32
-1.824e-05	40
-1.822e-05	24
-1.82e-05	24
-1.818e-05	40
-1.816e-05	32
-1.814e-05	32
-1.812e-05	40
-1.81e-05	16
-1.808e-05	24
-1.806e-05	32
-1.804e-05	24
-1.802e-05	32
-1.8e-05	32
-1.798e-05	32
-1.796e-05	32
-1.794e-05	32
-1.792e-05	32
-1.79e-05	32
-1.788e-05	32
-1.786e-05	16
-1.784e-05	8
-1.782e-05	8
-1.78e-05	-16
-1.778e-05	-40
-1.776e-05	-72
-1.774e-05	-104
-1.772e-05	-136
-1.77e-05	-152
-1.768e-05	-168
-1.766e-05	-184
-1.764e-05	-200
-1.762e-05	-192
-1.76e-05	-192
-1.758e-05	-208
-1.756e-05	-216
-1.754e-05	-216
-1.752e-05	-248
-1.75e-05	-264
-1.748e-05	-288
-1.746e-05	-304
-1.744e-05	-320
-1.742e-05	-328
-1.74e-05	-360
-1.738e-05	-344
-1.736e-05	-360
-1.734e-05	-352
-1.732e-05	-368
-1.73e-05	-376
-1.728e-05	-368
-1.726e-05	-400
-1.724e-05	-400
-1.722e-05	-416
-1.72e-05	-424
-1.718e-05	-424
-1.716e-05	-424
-1.714e-05	-432
-1.712e-05	-432
-1.71e-05	-440
-1.708e-05	-448
-1.706e-05	-440
-1.704e-05	-456
-1.702e-05	-448
-1.7e-05	-440
-1.698e-05	-448
-1.696e-05	-448
-1.694e-05	-432
-1.692e-05	-448
-1.69e-05	-432
-1.688e-05	-432
-1.686e-05	-432
-1.684e-05	-432
-1.682e-05	-440
-1.68e-05	-440
-1.678e-05	-440
-1.676e-05	-448
-1.674e-05	-440
-1.672e-05	-448
-1.67e-05	-440
-1.668e-05	-440
-1.666e-05	-440
-1.664e-05	-448
-1.662e-05	-432
-1.66e-05	-440
-1.658e-05	-448
-1.656e-05	-432
-1.654e-05	-440
-1.652e-05	-440
-1.65e-05	-432
-1.648e-05	-432
-1.646e-05	-440
-1.644e-05	-440
-1.642e-05	-448
-1.64e-05	-440
-1.638e-05	-432
-1.636e-05	-432
-1.634e-05	-432
-1.632e-05	-440
-1.63e-05	-448
-1.628e-05	-440
-1.626e-05	-440
-1.624e-05	-440
-1.622e-05	-432
-1.62e-05	-432
-1.618e-05	-448
-1.616e-05	-440
-1.614e-05	-440
-1.612e-05	-448
-1.61e-05	-432
-1.608e-05	-440
-1.606e-05	-440
-1.604e-05	-440
-1.602e-05	-440
-1.6e-05	-440
-1.598e-05	-440
-1.596e-05	-448
-1.594e-05	-432
-1.592e-05	-440
-1.59e-05	-448
-1.588e-05	-440
-1.586e-05	-440
-1.584e-05	-432
-1.582e-05	-440
-1.58e-05	-440
-1.578e-05	-440
-1.576e-05	-432
-1.574e-05	-440
-1.572e-05	-440
-1.57e-05	-448
-1.568e-05	-448
-1.566e-05	-440
-1.564e-05	-448
-1.562e-05	-432
-1.56e-05	-432
-1.558e-05	-440
-1.556e-05	-448
-1.554e-05	-440
-1.552e-05	-432
-1.55e-05	-432
-1.548e-05	-448
-1.546e-05	-440
-1.544e-05	-440
-1.542e-05	-448
-1.54e-05	-440
-1.538e-05	-456
-1.536e-05	-448
-1.534e-05	-440
-1.532e-05	-448
-1.53e-05	-440
-1.528e-05	-448
-1.526e-05	-440
-1.524e-05	-440
-1.522e-05	-440
-1.52e-05	-432
-1.518e-05	-440
-1.516e-05	-432
-1.514e-05	-432
-1.512e-05	-440
-1.51e-05	-440
-1.508e-05	-440
-1.506e-05	-448
-1.504e-05	-440
-1.502e-05	-440
-1.5e-05	-440
-1.498e-05	-448
-1.496e-05	-456
-1.494e-05	-440
-1.492e-05	-368
-1.49e-05	-208
-1.488e-05	-64
-1.486e-05	72
-1.484e-05	144
-1.482e-05	208
-1.48e-05	240
-1.478e-05	256
-1.476e-05	232
-1.474e-05	192
-1.472e-05	160
-1.47e-05	104
-1.468e-05	40
-1.466e-05	-8
-1.464e-05	-64
-1.462e-05	-88
-1.46e-05	-104
-1.458e-05	-88
-1.456e-05	-56
-1.454e-05	-24
-1.452e-05	0
-1.45e-05	24
-1.448e-05	64
-1.446e-05	72
-1.444e-05	72
-1.442e-05	88
-1.44e-05	88
-1.438e-05	72
-1.436e-05	72
-1.434e-05	40
-1.432e-05	40
-1.43e-05	16
-1.428e-05	8
-1.426e-05	8
-1.424e-05	0
-1.422e-05	0
-1.42e-05	0
-1.418e-05	8
-1.416e-05	16
-1.414e-05	16
-1.412e-05	32
-1.41e-05	32
-1.408e-05	40
-1.406e-05	40
-1.404e-05	40
-1.402e-05	48
-1.4e-05	40
-1.398e-05	48
-1.396e-05	40
-1.394e-05	40
-1.392e-05	32
-1.39e-05	32
-1.388e-05	32
-1.386e-05	24
-1.384e-05	24
-1.382e-05	24
-1.38e-05	24
-1.378e-05	24
-1.376e-05	32
-1.374e-05	32
-1.372e-05	16
-1.37e-05	32
-1.368e-05	32
-1.366e-05	40
-1.364e-05	32
-1.362e-05	32
-1.36e-05	40
-1.358e-05	32
-1.356e-05	40
-1.354e-05	32
-1.352e-05	40
-1.35e-05	32
-1.348e-05	32
-1.346e-05	40
-1.344e-05	24
-1.342e-05	40
-1.34e-05	24
-1.338e-05	32
-1.336e-05	24
-1.334e-05	24
-1.332e-05	32
-1.33e-05	32
-1.328e-05	24
-1.326e-05	24
-1.324e-05	32
-1.322e-05	24
-1.32e-05	40
-1.318e-05	40
-1.316e-05	32
-1.314e-05	24
-1.312e-05	32
-1.31e-05	32
-1.308e-05	24
-1.306e-05	32
-1.304e-05	40
-1.302e-05	32
-1.3e-05	32
-1.298e-05	40
-1.296e-05	32
-1.294e-05	40
-1.292e-05	32
-1.29e-05	32
-1.288e-05	32
-1.286e-05	32
-1.284e-05	8
-1.282e-05	-8
-1.28e-05	-32
-1.278e-05	-64
-1.276e-05	-80
-1.274e-05	-120
-1.272e-05	-144
-1.27e-05	-160
-1.268e-05	-176
-1.266e-05	-184
-1.264e-05	-184
-1.262e-05	-192
-1.26e-05	-200
-1.258e-05	-208
-1.256e-05	-216
-1.254e-05	-248
-1.252e-05	-248
-1.25e-05	-280
-1.248e-05	-288
-1.246e-05	-304
-1.244e-05	-320
-1.242e-05	-336
-1.24e-05	-352
-1.238e-05	-344
-1.236e-05	-352
-1.234e-05	-368
-1.232e-05	-376
-1.23e-05	-384
-1.228e-05	-376
-1.226e-05	-400
-1.224e-05	-400
-1.222e-05	-416
-1.22e-05	-424
-1.218e-05	-424
-1.216e-05	-440
-1.214e-05	-448
-1.212e-05	-432
-1.21e-05	-440
-1.208e-05	-432
-1.206e-05	-448
-1.204e-05	-448
-1.202e-05	-448
-1.2e-05	-440
-1.198e-05	-440
-1.196e-05	-432
-1.194e-05	-440
-1.192e-05	-440
-1.19e-05	-432
-1.188e-05	-440
-1.186e-05	-440
-1.184e-05	-424
-1.182e-05	-440
-1.18e-05	-440
-1.178e-05	-432
-1.176e-05	-440
-1.174e-05	-440
-1.172e-05	-448
-1.17e-05	-440
-1.168e-05	-440
-1.166e-05	-432
-1.164e-05	-448
-1.162e-05	-432
-1.16e-05	-432
-1.158e-05	-440
-1.156e-05	-448
-1.154e-05	-440
-1.152e-05	-440
-1.15e-05	-440
-1.148e-05	-432
-1.146e-05	-440
-1.144e-05	-432
-1.142e-05	-440
-1.14e-05	-440
-1.138e-05	-440
-1.136e-05	-440
-1.134e-05	-440
-1.132e-05	-440
-1.13e-05	-448
-1.128e-05	-440
-1.126e-05	-440
-1.124e-05	-440
-1.122e-05	-432
-1.12e-05	-440
-1.118e-05	-440
-1.116e-05	-440
-1.114e-05	-440
-1.112e-05	-432
-1.11e-05	-440
-1.108e-05	-432
-1.106e-05	-440
-1.104e-05	-448
-1.102e-05	-440
-1.1e-05	-440
-1.098e-05	-448
-1.096e-05	-448
-1.094e-05	-432
-1.092e-05	-440
-1.09e-05	-448
-1.088e-05	-440
-1.086e-05	-448
-1.084e-05	-432
-1.082e-05	-440
-1.08e-05	-448
-1.078e-05	-440
-1.076e-05	-432
-1.074e-05	-440
-1.072e-05	-432
-1.07e-05	-440
-1.068e-05	-440
-1.066e-05	-440
-1.064e-05	-440
-1.062e-05	-432
-1.06e-05	-448
-1.058e-05	-448
-1.056e-05	-440
-1.054e-05	-440
-1.052e-05	-440
-1.05e-05	-440
-1.048e-05	-448
-1.046e-05	-440
-1.044e-05	-440
-1.042e-05	-448
-1.04e-05	-440
-1.038e-05	-440
-1.036e-05	-440
-1.034e-05	-440
-1.032e-05	-440
-1.03e-05	-432
-1.028e-05	-440
-1.026e-05	-432
-1.024e-05	-440
-1.022e-05	-440
-1.02e-05	-448
-1.018e-05	-440
-1.016e-05	-448
-1.014e-05	-432
-1.012e-05	-432
-1.01e-05	-440
-1.008e-05	-440
-1.006e-05	-440
-1.004e-05	-440
-1.002e-05	-432
-1e-05	-432
-9.98e-06	-432
-9.96e-06	-432
-9.94e-06	-408
-9.92e-06	-288
-9.9e-06	-144
-9.88e-06	0
-9.86e-06	120
-9.84e-06	184
-9.82e-06	216
-9.8e-06	240
-9.78e-06	240
-9.76e-06	224
-9.74e-06	176
-9.72e-06	128
-9.7e-06	72
-9.68e-06	8
-9.66e-06	-40
-9.64e-06	-96
-9.62e-06	-104
-9.6e-06	-88
-9.58e-06	-72
-9.56e-06	-32
-9.54e-06	-24
-9.52e-06	16
-9.5e-06	48
-9.48e-06	64
-9.46e-06	72
-9.44e-06	80
-9.42e-06	80
-9.4e-06	88
-9.38e-06	80
-9.36e-06	56
-9.34e-06	48
-9.32e-06	40
-9.3e-06	8
-9.28e-06	0
-9.26e-06	0
-9.24e-06	-16
-9.22e-06	0
-9.2e-06	0
-9.18e-06	16
-9.16e-06	8
-9.14e-06	32
-9.12e-06	32
-9.1e-06	32
-9.08e-06	48
-9.06e-06	56
-9.04e-06	48
-9.02e-06	40
-9e-06	40
-8.98e-06	40
-8.96e-06	32
-8.94e-06	24
-8.92e-06	24
-8.9e-06	24
-8.88e-06	24
-8.86e-06	16
-8.84e-06	16
-8.82e-06	16
-8.8e-06	16
-8.78e-06	32
-8.76e-06	8
-8.74e-06	16
-8.72e-06	32
-8.7e-06	32
-8.68e-06	32
-8.66e-06	32
-8.64e-06	32
-8.62e-06	32
-8.6e-06	40
-8.58e-06	32
-8.56e-06	40
-8.54e-06	32
-8.52e-06	32
-8.5e-06	32
-8.48e-06	40
-8.46e-06	24
-8.44e-06	24
-8.42e-06	32
-8.4e-06	24
-8.38e-06	32
-8.36e-06	24
-8.34e-06	32
-8.32e-06	32
-8.3e-06	24
-8.28e-06	32
-8.26e-06	32
-8.24e-06	24
-8.22e-06	40
-8.2e-06	24
-8.18e-06	32
-8.16e-06	24
-8.14e-06	32
-8.12e-06	40
-8.1e-06	24
-8.08e-06	24
-8.06e-06	32
-8.04e-06	24
-8.02e-06	32
-8e-06	32
-7.98e-06	32
-7.96e-06	32
-7.94e-06	24
-7.92e-06	40
-7.9e-06	32
-7.88e-06	32
-7.86e-06	8
-7.84e-06	-8
-7.82e-06	-24
-7.8e-06	-48
-7.78e-06	-72
-7.76e-06	-96
-7.74e-06	-128
-7.72e-06	-152
-7.7e-06	-176
-7.68e-06	-176
-7.66e-06	-192
-7.64e-06	-200
-7.62e-06	-200
-7.6e-06	-208
-7.58e-06	-224
-7.56e-06	-232
-7.54e-06	-240
-7.52e-06	-264
-7.5e-06	-280
-7.48e-06	-304
-7.46e-06	-328
-7.44e-06	-320
-7.42e-06	-344
-7.4e-06	-352
-7.38e-06	-344
-7.36e-06	-368
-7.34e-06	-360
-7.32e-06	-376
-7.3e-06	-384
-7.28e-06	-392
-7.26e-06	-408
-7.24e-06	-416
-7.22e-06	-416
-7.2e-06	-424
-7.18e-06	-424
-7.16e-06	-440
-7.14e-06	-448
-7.12e-06	-456
-7.1e-06	-448
-7.08e-06	-448
-7.06e-06	-448
-7.04e-06	-456
-7.02e-06	-448
-7e-06	-440
-6.98e-06	-432
-6.96e-06	-432
-6.94e-06	-440
-6.92e-06	-432
-6.9e-06	-432
-6.88e-06	-432
-6.86e-06	-448
-6.84e-06	-432
-6.82e-06	-440
-6.8e-06	-448
-6.78e-06	-440
-6.76e-06	-440
-6.74e-06	-440
-6.72e-06	-440
-6.7e-06	-440
-6.68e-06	-440
-6.66e-06	-440
-6.64e-06	-448
-6.62e-06	-432
-6.6e-06	-432
-6.58e-06	-424
-6.56e-06	-448
-6.54e-06	-440
-6.52e-06	-448
-6.5e-06	-440
-6.48e-06	-432
-6.46e-06	-432
-6.44e-06	-432
-6.42e-06	-440
-6.4e-06	-440
-6.38e-06	-440
-6.36e-06	-440
-6.34e-06	-440
-6.32e-06	-440
-6.3e-06	-440
-6.28e-06	-440
-6.26e-06	-432
-6.24e-06	-448
-6.22e-06	-440
-6.2e-06	-440
-6.18e-06	-432
-6.16e-06	-432
-6.14e-06	-440
-6.12e-06	-432
-6.1e-06	-432
-6.08e-06	-440
-6.06e-06	-432
-6.04e-06	-440
-6.02e-06	-448
-6e-06	-440
-5.98e-06	-448
-5.96e-06	-448
-5.94e-06	-440
-5.92e-06	-440
-5.9e-06	-432
-5.88e-06	-440
-5.86e-06	-440
-5.84e-06	-440
-5.82e-06	-424
-5.8e-06	-440
-5.78e-06	-440
-5.76e-06	-440
-5.74e-06	-448
-5.72e-06	-440
-5.7e-06	-448
-5.68e-06	-456
-5.66e-06	-448
-5.64e-06	-448
-5.62e-06	-448
-5.6e-06	-448
-5.58e-06	-448
-5.56e-06	-440
-5.54e-06	-440
-5.52e-06	-440
-5.5e-06	-432
-5.48e-06	-448
-5.46e-06	-448
-5.44e-06	-440
-5.42e-06	-448
-5.4e-06	-440
-5.38e-06	-440
-5.36e-06	-440
-5.34e-06	-448
-5.32e-06	-440
-5.3e-06	-440
-5.28e-06	-448
-5.26e-06	-432
-5.24e-06	-440
-5.22e-06	-448
-5.2e-06	-440
-5.18e-06	-440
-5.16e-06	-440
-5.14e-06	-440
-5.12e-06	-440
-5.1e-06	-440
-5.08e-06	-440
-5.06e-06	-440
-5.04e-06	-432
-5.02e-06	-448
-5e-06	-440
-4.98e-06	-448
-4.96e-06	-448
-4.94e-06	-360
-4.92e-06	-216
-4.9e-06	-64
-4.88e-06	72
-4.86e-06	152
-4.84e-06	208
-4.82e-06	240
-4.8e-06	256
-4.78e-06	232
-4.76e-06	208
-4.74e-06	152
-4.72e-06	96
-4.7e-06	48
-4.68e-06	-16
-4.66e-06	-64
-4.64e-06	-104
-4.62e-06	-112
-4.6e-06	-96
-4.58e-06	-64
-4.56e-06	-32
-4.54e-06	-8
-4.52e-06	32
-4.5e-06	56
-4.48e-06	64
-4.46e-06	80
-4.44e-06	80
-4.42e-06	88
-4.4e-06	88
-4.38e-06	72
-4.36e-06	56
-4.34e-06	32
-4.32e-06	40
-4.3e-06	24
-4.28e-06	8
-4.26e-06	0
-4.24e-06	-8
-4.22e-06	-8
-4.2e-06	8
-4.18e-06	16
-4.16e-06	24
-4.14e-06	32
-4.12e-06	32
-4.1e-06	40
-4.08e-06	40
-4.06e-06	40
-4.04e-06	56
-4.02e-06	40
-4e-06	40
-3.98e-06	40
-3.96e-06	32
-3.94e-06	32
-3.92e-06	32
-3.9e-06	16
-3.88e-06	24
-3.86e-06	32
-3.84e-06	16
-3.82e-06	24
-3.8e-06	24
-3.78e-06	8
-3.76e-06	32
-3.74e-06	24
-3.72e-06	40
-3.7e-06	24
-3.68e-06	40
-3.66e-06	40
-3.64e-06	32
-3.62e-06	40
-3.6e-06	32
-3.58e-06	40
-3.56e-06	40
-3.54e-06	32
-3.52e-06	40
-3.5e-06	32
-3.48e-06	40
-3.46e-06	24
-3.44e-06	32
-3.42e-06	32
-3.4e-06	32
-3.38e-06	32
-3.36e-06	24
-3.34e-06	32
-3.32e-06	24
-3.3e-06	24
-3.28e-06	40
-3.26e-06	24
-3.24e-06	24
-3.22e-06	32
-3.2e-06	32
-3.18e-06	24
-3.16e-06	32
-3.14e-06	24
-3.12e-06	24
-3.1e-06	24
-3.08e-06	40
-3.06e-06	32
-3.04e-06	24
-3.02e-06	40
-3e-06	32
-2.98e-06	24
-2.96e-06	40
-2.94e-06	24
-2.92e-06	32
-2.9e-06	24
-2.88e-06	16
-2.86e-06	16
-2.84e-06	-8
-2.82e-06	-24
-2.8e-06	-56
-2.78e-06	-88
-2.76e-06	-120
-2.74e-06	-128
-2.72e-06	-168
-2.7e-06	-176
-2.68e-06	-192
-2.66e-06	-192
-2.64e-06	-200
-2.62e-06	-200
-2.6e-06	-208
-2.58e-06	-216
-2.56e-06	-240
-2.54e-06	-256
-2.52e-06	-272
-2.5e-06	-288
-2.48e-06	-304
-2.46e-06	-328
-2.44e-06	-336
-2.42e-06	-352
-2.4e-06	-344
-2.38e-06	-352
-2.36e-06	-360
-2.34e-06	-368
-2.32e-06	-376
-2.3e-06	-400
-2.28e-06	-392
-2.26e-06	-408
-2.24e-06	-424
-2.22e-06	-424
-2.2e-06	-432
-2.18e-06	-432
-2.16e-06	-448
-2.14e-06	-440
-2.12e-06	-440
-2.1e-06	-448
-2.08e-06	-432
-2.06e-06	-432
-2.04e-06	-440
-2.02e-06	-448
-2e-06	-440
-1.98e-06	-440
-1.96e-06	-440
-1.94e-06	-440
-1.92e-06	-440
-1.9e-06	-432
-1.88e-06	-440
-1.86e-06	-432
-1.84e-06	-432
-1.82e-06	-440
-1.8e-06	-440
-1.78e-06	-432
-1.76e-06	-440
-1.74e-06	-448
-1.72e-06	-432
-1.7e-06	-440
-1.68e-06	-440
-1.66e-06	-440
-1.64e-06	-448
-1.62e-06	-440
-1.6e-06	-448
-1.58e-06	-432
-1.56e-06	-448
-1.54e-06	-440
-1.52e-06	-440
-1.5e-06	-448
-1.48e-06	-440
-1.46e-06	-440
-1.44e-06	-440
-1.42e-06	-432
-1.4e-06	-448
-1.38e-06	-440
-1.36e-06	-448
-1.34e-06	-432
-1.32e-06	-440
-1.3e-06	-432
-1.28e-06	-432
-1.26e-06	-440
-1.24e-06	-432
-1.22e-06	-440
-1.2e-06	-440
-1.18e-06	-440
-1.16e-06	-440
-1.14e-06	-432
-1.12e-06	-448
-1.1e-06	-440
-1.08e-06	-440
-1.06e-06	-440
-1.04e-06	-440
-1.02e-06	-432
-1e-06	-440
-9.8e-07	-440
-9.6e-07	-448
-9.4e-07	-440
-9.2e-07	-440
-9e-07	-448
-8.8e-07	-440
-8.6e-07	-432
-8.4e-07	-440
-8.2e-07	-440
-8e-07	-440
-7.8e-07	-440
-7.6e-07	-448
-7.4e-07	-440
-7.2e-07	-448
-7e-07	-440
-6.8e-07	-440
-6.6e-07	-440
-6.4e-07	-448
-6.2e-07	-448
-6e-07	-440
-5.8e-07	-448
-5.6e-07	-440
-5.4e-07	-432
-5.2e-07	-440
-5e-07	-440
-4.8e-07	-440
-4.6e-07	-448
-4.4e-07	-440
-4.2e-07	-440
-4e-07	-432
-3.8e-07	-440
-3.6e-07	-440
-3.4e-07	-432
-3.2e-07	-440
-3e-07	-448
-2.8e-07	-432
-2.6e-07	-440
-2.4e-07	-440
-2.2e-07	-448
-2e-07	-448
-1.8e-07	-448
-1.6e-07	-440
-1.4e-07	-432
-1.2e-07	-440
-1e-07	-448
-8e-08	-432
-6e-08	-448
-4e-08	-432
-2e-08	-448
0	-448
2e-08	-448
4e-08	-400
6e-08	-280
8e-08	-128
1e-07	16
1.2e-07	120
1.4e-07	184
1.6e-07	224
1.8e-07	256
2e-07	248
2.2e-07	224
2.4e-07	176
2.6e-07	120
2.8e-07	64
3e-07	8
3.2e-07	-40
3.4e-07	-88
3.6e-07	-112
3.8e-07	-96
4e-07	-72
4.2e-07	-40
4.4e-07	-16
4.6e-07	16
4.8e-07	40
5e-07	64
5.2e-07	72
5.4e-07	80
5.6e-07	80
5.8e-07	88
6e-07	72
6.2e-07	64
6.4e-07	48
6.6e-07	32
6.8e-07	24
7e-07	8
7.2e-07	8
7.4e-07	-8
7.6e-07	-8
7.8e-07	0
8e-07	8
8.2e-07	8
8.4e-07	24
8.6e-07	24
8.8e-07	40
9e-07	48
9.2e-07	48
9.4e-07	48
9.6e-07	48
9.8e-07	40
1e-06	48
1.02e-06	24
1.04e-06	40
1.06e-06	32
1.08e-06	16
1.1e-06	16
1.12e-06	24
1.14e-06	16
1.16e-06	16
1.18e-06	24
1.2e-06	24
1.22e-06	16
1.24e-06	24
1.26e-06	24
1.28e-06	40
1.3e-06	24
1.32e-06	32
1.34e-06	32
1.36e-06	32
1.38e-06	32
1.4e-06	24
1.42e-06	32
1.44e-06	40
1.46e-06	32
1.48e-06	40
1.5e-06	32
1.52e-06	40
1.54e-06	32
1.56e-06	32
1.58e-06	32
1.6e-06	32
1.62e-06	32
1.64e-06	32
1.66e-06	24
1.68e-06	32
1.7e-06	24
1.72e-06	24
1.74e-06	32
1.76e-06	32
1.78e-06	32
1.8e-06	32
1.82e-06	40
1.84e-06	24
1.86e-06	32
1.88e-06	40
1.9e-06	32
1.92e-06	40
1.94e-06	32
1.96e-06	32
1.98e-06	24
2e-06	24
2.02e-06	32
2.04e-06	16
2.06e-06	16
2.08e-06	32
2.1e-06	32
2.12e-06	16
2.14e-06	0
2.16e-06	-24
2.18e-06	-40
2.2e-06	-64
2.22e-06	-96
2.24e-06	-136
2.26e-06	-152
2.28e-06	-176
2.3e-06	-184
2.32e-06	-192
2.34e-06	-192
2.36e-06	-208
2.38e-06	-216
2.4e-06	-224
2.42e-06	-232
2.44e-06	-248
2.46e-06	-264
2.48e-06	-288
2.5e-06	-304
2.52e-06	-312
2.54e-06	-336
2.56e-06	-336
2.58e-06	-352
2.6e-06	-352
2.62e-06	-360
2.64e-06	-360
2.66e-06	-376
2.68e-06	-384
2.7e-06	-392
2.72e-06	-400
2.74e-06	-416
2.76e-06	-416
2.78e-06	-424
2.8e-06	-432
2.82e-06	-432
2.84e-06	-456
2.86e-06	-456
2.88e-06	-448
2.9e-06	-456
2.92e-06	-448
2.94e-06	-448
2.96e-06	-448
2.98e-06	-448
3e-06	-448
3.02e-06	-440
3.04e-06	-440
3.06e-06	-440
3.08e-06	-440
3.1e-06	-440
3.12e-06	-440
3.14e-06	-440
3.16e-06	-440
3.18e-06	-432
3.2e-06	-440
3.22e-06	-448
3.24e-06	-448
3.26e-06	-440
3.28e-06	-440
3.3e-06	-440
3.32e-06	-440
3.34e-06	-448
3.36e-06	-432
3.38e-06	-440
3.4e-06	-448
3.42e-06	-440
3.44e-06	-440
3.46e-06	-440
3.48e-06	-440
3.5e-06	-440
3.52e-06	-440
3.54e-06	-440
3.56e-06	-432
3.58e-06	-440
3.6e-06	-432
3.62e-06	-440
3.64e-06	-432
3.66e-06	-440
3.68e-06	-448
3.7e-06	-448
3.72e-06	-440
3.74e-06	-440
3.76e-06	-440
3.78e-06	-440
3.8e-06	-432
3.82e-06	-448
3.84e-06	-440
3.86e-06	-432
3.88e-06	-440
3.9e-06	-440
3.92e-06	-448
3.94e-06	-440
3.96e-06	-440
3.98e-06	-448
4e-06	-432
4.02e-06	-440
4.04e-06	-440
4.06e-06	-432
4.08e-06	-432
4.1e-06	-440
4.12e-06	-448
4.14e-06	-440
4.16e-06	-440
4.18e-06	-432
4.2e-06	-440
4.22e-06	-440
4.24e-06	-432
4.26e-06	-448
4.28e-06	-456
4.3e-06	-448
4.32e-06	-448
4.34e-06	-432
4.36e-06	-432
4.38e-06	-448
4.4e-06	-440
4.42e-06	-440
4.44e-06	-448
4.46e-06	-448
4.48e-06	-448
4.5e-06	-432
4.52e-06	-440
4.54e-06	-440
4.56e-06	-440
4.58e-06	-440
4.6e-06	-448
4.62e-06	-440
4.64e-06	-440
4.66e-06	-440
4.68e-06	-440
4.7e-06	-440
4.72e-06	-440
4.74e-06	-448
4.76e-06	-440
4.78e-06	-440
4.8e-06	-440
4.82e-06	-432
4.84e-06	-448
4.86e-06	-440
4.88e-06	-440
4.9e-06	-432
4.92e-06	-440
4.94e-06	-440
4.96e-06	-440
4.98e-06	-432
5e-06	-440
5.02e-06	-440
5.04e-06	-368
5.06e-06	-200
5.08e-06	-48
5.1e-06	72
5.12e-06	152
5.14e-06	200
5.16e-06	232
5.18e-06	248
5.2e-06	240
5.22e-06	192
5.24e-06	152
5.26e-06	88
5.28e-06	32
5.3e-06	-8
5.32e-06	-72
5.34e-06	-96
5.36e-06	-96
5.38e-06	-80
5.4e-06	-48
5.42e-06	-16
5.44e-06	8
5.46e-06	24
5.48e-06	64
5.5e-06	72
5.52e-06	80
5.54e-06	88
5.56e-06	72
5.58e-06	80
5.6e-06	72
5.62e-06	56
5.64e-06	32
5.66e-06	8
5.68e-06	8
5.7e-06	8
5.72e-06	-8
5.74e-06	0
5.76e-06	-8
5.78e-06	8
5.8e-06	16
5.82e-06	16
5.84e-06	32
5.86e-06	48
5.88e-06	40
5.9e-06	40
5.92e-06	48
5.94e-06	56
5.96e-06	40
5.98e-06	48
6e-06	40
6.02e-06	40
6.04e-06	32
6.06e-06	24
6.08e-06	32
6.1e-06	16
6.12e-06	16
6.14e-06	24
6.16e-06	16
6.18e-06	24
6.2e-06	24
6.22e-06	16
6.24e-06	32
6.26e-06	24
6.28e-06	40
6.3e-06	32
6.32e-06	32
6.34e-06	40
6.36e-06	32
6.38e-06	40
6.4e-06	32
6.42e-06	32
6.44e-06	32
6.46e-06	32
6.48e-06	32
6.5e-06	24
6.52e-06	32
6.54e-06	24
6.56e-06	32
6.58e-06	24
6.6e-06	24
6.62e-06	32
6.64e-06	24
6.66e-06	24
6.68e-06	16
6.7e-06	24
6.72e-06	24
6.74e-06	24
6.76e-06	32
6.78e-06	24
6.8e-06	32
6.82e-06	32
6.84e-06	24
6.86e-06	24
6.88e-06	32
6.9e-06	24
6.92e-06	32
6.94e-06	32
6.96e-06	16
6.98e-06	32
7e-06	32
7.02e-06	24
7.04e-06	24
7.06e-06	40
7.08e-06	24
7.1e-06	16
7.12e-06	0
7.14e-06	-24
7.16e-06	-24
7.18e-06	-64
7.2e-06	-80
7.22e-06	-120
7.24e-06	-144
7.26e-06	-176
7.28e-06	-176
7.3e-06	-184
7.32e-06	-192
7.34e-06	-200
7.36e-06	-208
7.38e-06	-208
7.4e-06	-216
7.42e-06	-232
7.44e-06	-256
7.46e-06	-280
7.48e-06	-296
7.5e-06	-312
7.52e-06	-320
7.54e-06	-336
7.56e-06	-336
7.58e-06	-352
7.6e-06	-360
7.62e-06	-352
7.64e-06	-368
7.66e-06	-376
7.68e-06	-384
7.7e-06	-392
7.72e-06	-400
7.74e-06	-424
7.76e-06	-424
7.78e-06	-432
7.8e-06	-432
7.82e-06	-440
7.84e-06	-432
7.86e-06	-448
7.88e-06	-448
7.9e-06	-440
7.92e-06	-448
7.94e-06	-448
7.96e-06	-440
7.98e-06	-432
8e-06	-440
8.02e-06	-440
8.04e-06	-440
8.06e-06	-440
8.08e-06	-440
8.1e-06	-440
8.12e-06	-432
8.14e-06	-432
8.16e-06	-440
8.18e-06	-440
8.2e-06	-448
8.22e-06	-440
8.24e-06	-456
8.26e-06	-440
8.28e-06	-448
8.3e-06	-432
8.32e-06	-440
8.34e-06	-432
8.36e-06	-432
8.38e-06	-432
8.4e-06	-440
8.42e-06	-432
8.44e-06	-440
8.46e-06	-440
8.48e-06	-448
8.5e-06	-440
8.52e-06	-448
8.54e-06	-440
8.56e-06	-440
8.58e-06	-432
8.6e-06	-440
8.62e-06	-432
8.64e-06	-432
8.66e-06	-440
8.68e-06	-440
8.7e-06	-440
8.72e-06	-440
8.74e-06	-440
8.76e-06	-432
8.78e-06	-440
8.8e-06	-432
8.82e-06	-440
8.84e-06	-440
8.86e-06	-424
8.88e-06	-432
8.9e-06	-432
8.92e-06	-432
8.94e-06	-448
8.96e-06	-440
8.98e-06	-432
9e-06	-448
9.02e-06	-432
9.04e-06	-432
9.06e-06	-448
9.08e-06	-440
9.1e-06	-432
9.12e-06	-440
9.14e-06	-448
9.16e-06	-440
9.18e-06	-440
9.2e-06	-448
9.22e-06	-448
9.24e-06	-448
9.26e-06	-432
9.28e-06	-440
9.3e-06	-432
9.32e-06	-440
9.34e-06	-432
9.36e-06	-424
9.38e-06	-440
9.4e-06	-432
9.42e-06	-432
9.44e-06	-440
9.46e-06	-440
9.48e-06	-432
9.5e-06	-432
9.52e-06	-440
9.54e-06	-440
9.56e-06	-440
9.58e-06	-432
9.6e-06	-448
9.62e-06	-448
9.64e-06	-440
9.66e-06	-448
9.68e-06	-432
9.7e-06	-448
9.72e-06	-440
9.74e-06	-432
9.76e-06	-440
9.78e-06	-440
9.8e-06	-440
9.82e-06	-440
9.84e-06	-448
9.86e-06	-432
9.88e-06	-432
9.9e-06	-448
9.92e-06	-448
9.94e-06	-440
9.96e-06	-448
9.98e-06	-448
1e-05	-440
1.002e-05	-400
1.004e-05	-288
1.006e-05	-128
1.008e-05	8
1.01e-05	128
1.012e-05	184
1.014e-05	232
1.016e-05	248
1.018e-05	240
1.02e-05	216
1.022e-05	168
1.024e-05	136
1.026e-05	56
1.028e-05	0
1.03e-05	-40
1.032e-05	-88
1.034e-05	-104
1.036e-05	-96
1.038e-05	-72
1.04e-05	-40
1.042e-05	-8
1.044e-05	24
1.046e-05	48
1.048e-05	72
1.05e-05	72
1.052e-05	80
1.054e-05	88
1.056e-05	96
1.058e-05	72
1.06e-05	64
1.062e-05	32
1.064e-05	32
1.066e-05	16
1.068e-05	0
1.07e-05	-8
1.072e-05	-8
1.074e-05	-8
1.076e-05	0
1.078e-05	8
1.08e-05	16
1.082e-05	16
1.084e-05	32
1.086e-05	32
1.088e-05	40
1.09e-05	56
1.092e-05	40
1.094e-05	48
1.096e-05	48
1.098e-05	40
1.1e-05	32
1.102e-05	32
1.104e-05	16
1.106e-05	24
1.108e-05	24
1.11e-05	16
1.112e-05	16
1.114e-05	32
1.116e-05	24
1.118e-05	24
1.12e-05	24
1.122e-05	32
1.124e-05	24
1.126e-05	32
1.128e-05	40
1.13e-05	32
1.132e-05	32
1.134e-05	40
1.136e-05	40
1.138e-05	40
1.14e-05	32
1.142e-05	40
1.144e-05	40
1.146e-05	40
1.148e-05	32
1.15e-05	24
1.152e-05	32
1.154e-05	32
1.156e-05	48
1.158e-05	32
1.16e-05	24
1.162e-05	24
1.164e-05	32
1.166e-05	32
1.168e-05	40
1.17e-05	16
1.172e-05	32
1.174e-05	32
1.176e-05	32
1.178e-05	32
1.18e-05	40
1.182e-05	40
1.184e-05	32
1.186e-05	32
1.188e-05	24
1.19e-05	24
1.192e-05	32
1.194e-05	40
1.196e-05	24
1.198e-05	40
1.2e-05	32
1.202e-05	32
1.204e-05	32
1.206e-05	24
1.208e-05	32
1.21e-05	16
1.212e-05	0
1.214e-05	-24
1.216e-05	-40
1.218e-05	-64
1.22e-05	-104
1.222e-05	-136
1.224e-05	-160
1.226e-05	-168
1.228e-05	-184
1.23e-05	-200
1.232e-05	-200
1.234e-05	-200
1.236e-05	-208
1.238e-05	-216
1.24e-05	-224
1.242e-05	-240
1.244e-05	-272
1.246e-05	-288
1.248e-05	-304
1.25e-05	-320
1.252e-05	-328
1.254e-05	-344
1.256e-05	-344
1.258e-05	-352
1.26e-05	-344
1.262e-05	-368
1.264e-05	-376
1.266e-05	-384
1.268e-05	-392
1.27e-05	-400
1.272e-05	-408
1.274e-05	-416
1.276e-05	-424
1.278e-05	-432
1.28e-05	-440
1.282e-05	-432
1.284e-05	-448
1.286e-05	-448
1.288e-05	-448
1.29e-05	-448
1.292e-05	-448
1.294e-05	-440
1.296e-05	-440
1.298e-05	-440
1.3e-05	-432
1.302e-05	-440
1.304e-05	-440
1.306e-05	-432
1.308e-05	-440
1.31e-05	-440
1.312e-05	-432
1.314e-05	-440
1.316e-05	-432
1.318e-05	-440
1.32e-05	-440
1.322e-05	-448
1.324e-05	-440
1.326e-05	-440
1.328e-05	-440
1.33e-05	-432
1.332e-05	-432
1.334e-05	-440
1.336e-05	-440
1.338e-05	-440
1.34e-05	-432
1.342e-05	-440
1.344e-05	-432
1.346e-05	-432
1.348e-05	-448
1.35e-05	-440
1.352e-05	-440
1.354e-05	-440
1.356e-05	-432
1.358e-05	-440
1.36e-05	-440
1.362e-05	-440
1.364e-05	-432
1.366e-05	-440
1.368e-05	-440
1.37e-05	-432
1.372e-05	-440
1.374e-05	-432
1.376e-05	-432
1.378e-05	-432
1.38e-05	-440
1.382e-05	-440
1.384e-05	-432
1.386e-05	-440
1.388e-05	-440
1.39e-05	-432
1.392e-05	-440
1.394e-05	-448
1.396e-05	-440
1.398e-05	-432
1.4e-05	-432
1.402e-05	-440
1.404e-05	-440
1.406e-05	-440
1.408e-05	-440
1.41e-05	-432
1.412e-05	-448
1.414e-05	-440
1.416e-05	-440
1.418e-05	-448
1.42e-05	-440
1.422e-05	-448
1.424e-05	-440
1.426e-05	-440
1.428e-05	-448
1.43e-05	-440
1.432e-05	-440
1.434e-05	-456
1.436e-05	-440
1.438e-05	-448
1.44e-05	-440
1.442e-05	-448
1.444e-05	-448
1.446e-05	-456
1.448e-05	-448
1.45e-05	-440
1.452e-05	-432
1.454e-05	-432
1.456e-05	-432
1.458e-05	-432
1.46e-05	-440
1.462e-05	-440
1.464e-05	-448
1.466e-05	-440
1.468e-05	-440
1.47e-05	-440
1.472e-05	-440
1.474e-05	-440
1.476e-05	-440
1.478e-05	-440
1.48e-05	-432
1.482e-05	-440
1.484e-05	-448
1.486e-05	-440
1.488e-05	-448
1.49e-05	-440
1.492e-05	-448
1.494e-05	-440
1.496e-05	-448
1.498e-05	-440
1.5e-05	-432
1.502e-05	-352
1.504e-05	-200
1.506e-05	-48
1.508e-05	72
1.51e-05	152
1.512e-05	200
1.514e-05	240
1.516e-05	248
1.518e-05	232
1.52e-05	192
1.522e-05	144
1.524e-05	96
1.526e-05	24
1.528e-05	-8
1.53e-05	-72
1.532e-05	-96
1.534e-05	-104
1.536e-05	-88
1.538e-05	-56
1.54e-05	-16
1.542e-05	8
1.544e-05	40
1.546e-05	56
1.548e-05	80
1.55e-05	72
1.552e-05	88
1.554e-05	80
1.556e-05	80
1.558e-05	72
1.56e-05	48
1.562e-05	48
1.564e-05	24
1.566e-05	8
1.568e-05	8
1.57e-05	-8
1.572e-05	0
1.574e-05	-8
1.576e-05	8
1.578e-05	0
1.58e-05	24
1.582e-05	32
1.584e-05	32
1.586e-05	48
1.588e-05	56
1.59e-05	40
1.592e-05	48
1.594e-05	40
1.596e-05	48
1.598e-05	40
1.6e-05	32
1.602e-05	32
1.604e-05	40
1.606e-05	32
1.608e-05	32
1.61e-05	16
1.612e-05	16
1.614e-05	24
1.616e-05	8
1.618e-05	24
1.62e-05	16
1.622e-05	24
1.624e-05	40
1.626e-05	40
1.628e-05	32
1.63e-05	32
1.632e-05	32
1.634e-05	40
1.636e-05	40
1.638e-05	40
1.64e-05	32
1.642e-05	32
1.644e-05	40
1.646e-05	24
1.648e-05	32
1.65e-05	40
1.652e-05	40
1.654e-05	32
1.656e-05	40
1.658e-05	24
1.66e-05	24
1.662e-05	16
1.664e-05	24
1.666e-05	24
1.668e-05	24
1.67e-05	24
1.672e-05	32
1.674e-05	32
1.676e-05	24
1.678e-05	32
1.68e-05	32
1.682e-05	32
1.684e-05	32
1.686e-05	32
1.688e-05	24
1.69e-05	24
1.692e-05	24
1.694e-05	32
1.696e-05	32
1.698e-05	32
1.7e-05	24
1.702e-05	32
1.704e-05	24
1.706e-05	24
1.708e-05	24
1.71e-05	8
1.712e-05	-8
1.714e-05	-32
1.716e-05	-72
1.718e-05	-88
1.72e-05	-120
1.722e-05	-136
1.724e-05	-168
1.726e-05	-176
1.728e-05	-184
1.73e-05	-200
1.732e-05	-200
1.734e-05	-208
1.736e-05	-208
1.738e-05	-224
1.74e-05	-232
1.742e-05	-240
1.744e-05	-280
1.746e-05	-288
1.748e-05	-312
1.75e-05	-320
1.752e-05	-336
1.754e-05	-344
1.756e-05	-344
1.758e-05	-352
1.76e-05	-352
1.762e-05	-368
1.764e-05	-376
1.766e-05	-392
1.768e-05	-392
1.77e-05	-416
1.772e-05	-416
1.774e-05	-424
1.776e-05	-424
1.778e-05	-432
1.78e-05	-440
1.782e-05	-448
1.784e-05	-448
1.786e-05	-448
1.788e-05	-440
1.79e-05	-448
1.792e-05	-440
1.794e-05	-440
1.796e-05	-448
1.798e-05	-432
1.8e-05	-440
1.802e-05	-440
1.804e-05	-432
1.806e-05	-432
1.808e-05	-440
1.81e-05	-432
1.812e-05	-440
1.814e-05	-432
1.816e-05	-448
1.818e-05	-440
1.82e-05	-440
1.822e-05	-440
1.824e-05	-440
1.826e-05	-432
1.828e-05	-448
1.83e-05	-448
1.832e-05	-440
1.834e-05	-440
1.836e-05	-448
1.838e-05	-440
1.84e-05	-432
1.842e-05	-440
1.844e-05	-440
1.846e-05	-440
1.848e-05	-432
1.85e-05	-440
1.852e-05	-440
1.854e-05	-440
1.856e-05	-440
1.858e-05	-440
1.86e-05	-432
1.862e-05	-440
1.864e-05	-440
1.866e-05	-432
1.868e-05	-432
1.87e-05	-440
1.872e-05	-448
1.874e-05	-448
1.876e-05	-424
1.878e-05	-432
1.88e-05	-440
1.882e-05	-440
1.884e-05	-448
1.886e-05	-432
1.888e-05	-432
1.89e-05	-440
1.892e-05	-432
1.894e-05	-440
1.896e-05	-440
1.898e-05	-432
1.9e-05	-432
1.902e-05	-432
1.904e-05	-440
1.906e-05	-440
1.908e-05	-432
1.91e-05	-432
1.912e-05	-440
1.914e-05	-440
1.916e-05	-440
1.918e-05	-448
1.92e-05	-440
1.922e-05	-440
1.924e-05	-432
1.926e-05	-432
1.928e-05	-440
1.93e-05	-432
1.932e-05	-432
1.934e-05	-440
1.936e-05	-432
1.938e-05	-448
1.94e-05	-440
1.942e-05	-432
1.944e-05	-440
1.946e-05	-448
1.948e-05	-440
1.95e-05	-448
1.952e-05	-440
1.954e-05	-440
1.956e-05	-432
1.958e-05	-440
1.96e-05	-432
1.962e-05	-440
1.964e-05	-432
1.966e-05	-432
1.968e-05	-440
1.97e-05	-432
1.972e-05	-440
1.974e-05	-440
1.976e-05	-440
1.978e-05	-432
1.98e-05	-440
1.982e-05	-440
1.984e-05	-432
1.986e-05	-440
1.988e-05	-440
1.99e-05	-440
1.992e-05	-432
1.994e-05	-432
1.996e-05	-432
1.998e-05	-440
2e-05	-408
2.002e-05	-280
2.004e-05	-120
2.006e-05	8
2.008e-05	120
2.01e-05	184
2.012e-05	232
2.014e-05	248
2.016e-05	240
2.018e-05	208
2.02e-05	176
2.022e-05	120
2.024e-05	72
2.026e-05	8
2.028e-05	-32
2.03e-05	-80
2.032e-05	-96
2.034e-05	-96
2.036e-05	-80
2.038e-05	-48
2.04e-05	-8
2.042e-05	24
2.044e-05	40
2.046e-05	64
2.048e-05	80
2.05e-05	96
2.052e-05	80
2.054e-05	88
2.056e-05	72
2.058e-05	56
2.06e-05	48
2.062e-05	32
2.064e-05	8
2.066e-05	8
2.068e-05	0
2.07e-05	-8
2.072e-05	-16
2.074e-05	0
2.076e-05	8
2.078e-05	16
2.08e-05	32
2.082e-05	24
2.084e-05	40
2.086e-05	56
2.088e-05	40
2.09e-05	48
2.092e-05	56
2.094e-05	40
2.096e-05	40
2.098e-05	40
2.1e-05	32
2.102e-05	32
2.104e-05	24
2.106e-05	32
2.108e-05	24
2.11e-05	24
2.112e-05	16
2.114e-05	24
2.116e-05	24
2.118e-05	24
2.12e-05	24
2.122e-05	32
2.124e-05	32
2.126e-05	32
2.128e-05	40
2.13e-05	24
2.132e-05	40
2.134e-05	40
2.136e-05	48
2.138e-05	48
2.14e-05	32
2.142e-05	40
2.144e-05	40
2.146e-05	32
2.148e-05	24
2.15e-05	16
2.152e-05	40
2.154e-05	24
2.156e-05	24
2.158e-05	32
2.16e-05	32
2.162e-05	32
2.164e-05	24
2.166e-05	32
2.168e-05	32
2.17e-05	32
2.172e-05	32
2.174e-05	16
2.176e-05	32
2.178e-05	24
2.18e-05	24
2.182e-05	32
2.184e-05	16
2.186e-05	24
2.188e-05	32
2.19e-05	32
2.192e-05	40
2.194e-05	24
2.196e-05	24
2.198e-05	32
2.2e-05	24
2.202e-05	32
2.204e-05	32
2.206e-05	24
2.208e-05	24
2.21e-05	0
2.212e-05	-8
2.214e-05	-48
2.216e-05	-80
2.218e-05	-96
2.22e-05	-136
2.222e-05	-160
2.224e-05	-176
2.226e-05	-184
2.228e-05	-192
2.23e-05	-200
2.232e-05	-184
2.234e-05	-200
2.236e-05	-208
2.238e-05	-232
2.24e-05	-240
2.242e-05	-264
2.244e-05	-288
2.246e-05	-304
2.248e-05	-320
2.25e-05	-328
2.252e-05	-344
2.254e-05	-344
2.256e-05	-352
2.258e-05	-352
2.26e-05	-360
2.262e-05	-368
2.264e-05	-376
2.266e-05	-392
2.268e-05	-400
2.27e-05	-416
2.272e-05	-424
2.274e-05	-424
2.276e-05	-432
2.278e-05	-432
2.28e-05	-440
2.282e-05	-448
2.284e-05	-448
2.286e-05	-456
2.288e-05	-448
2.29e-05	-440
2.292e-05	-448
2.294e-05	-440
2.296e-05	-440
2.298e-05	-432
2.3e-05	-448
2.302e-05	-432
2.304e-05	-440
2.306e-05	-432
2.308e-05	-432
2.31e-05	-440
2.312e-05	-440
2.314e-05	-448
2.316e-05	-440
2.318e-05	-440
2.32e-05	-440
2.322e-05	-432
2.324e-05	-440
2.326e-05	-432
2.328e-05	-432
2.33e-05	-440
2.332e-05	-448
2.334e-05	-440
2.336e-05	-440
2.338e-05	-440
2.34e-05	-432
2.342e-05	-440
2.344e-05	-440
2.346e-05	-440
2.348e-05	-448
2.35e-05	-448
2.352e-05	-440
2.354e-05	-432
2.356e-05	-432
2.358e-05	-440
2.36e-05	-440
2.362e-05	-432
2.364e-05	-440
2.366e-05	-440
2.368e-05	-440
2.37e-05	-440
2.372e-05	-432
2.374e-05	-440
2.376e-05	-440
2.378e-05	-440
2.38e-05	-440
2.382e-05	-448
2.384e-05	-440
2.386e-05	-440
2.388e-05	-432
2.39e-05	-448
2.392e-05	-448
2.394e-05	-440
2.396e-05	-440
2.398e-05	-440
2.4e-05	-448
2.402e-05	-448
2.404e-05	-440
2.406e-05	-440
2.408e-05	-440
2.41e-05	-448
2.412e-05	-440
2.414e-05	-440
2.416e-05	-440
2.418e-05	-440
2.42e-05	-432
2.422e-05	-456
2.424e-05	-448
2.426e-05	-448
2.428e-05	-448
2.43e-05	-440
2.432e-05	-440
2.434e-05	-440
2.436e-05	-440
2.438e-05	-448
2.44e-05	-440
2.442e-05	-432
2.444e-05	-440
2.446e-05	-432
2.448e-05	-440
2.45e-05	-448
2.452e-05	-440
2.454e-05	-448
2.456e-05	-448
2.458e-05	-448
2.46e-05	-440
2.462e-05	-448
2.464e-05	-448
2.466e-05	-448
2.468e-05	-432
2.47e-05	-432
2.472e-05	-440
2.474e-05	-448
2.476e-05	-440
2.478e-05	-448
2.48e-05	-440
2.482e-05	-440
2.484e-05	-440
2.486e-05	-440
2.488e-05	-440
2.49e-05	-440
2.492e-05	-448
2.494e-05	-448
2.496e-05	-448
2.498e-05	-416
2.5e-05	-344
2.502e-05	-192
2.504e-05	-40
2.506e-05	64
2.508e-05	152
2.51e-05	224
2.512e-05	240
2.514e-05	248
2.516e-05	224
2.518e-05	200
2.52e-05	144
2.522e-05	88
2.524e-05	40
2.526e-05	-24
2.528e-05	-72
2.53e-05	-104
2.532e-05	-96
2.534e-05	-88
2.536e-05	-64
2.538e-05	-16
2.54e-05	16
2.542e-05	40
2.544e-05	56
2.546e-05	72
2.548e-05	80
2.55e-05	80
2.552e-05	88
2.554e-05	72
2.556e-05	64
2.558e-05	64
2.56e-05	32
2.562e-05	24
2.564e-05	8
2.566e-05	0
2.568e-05	-8
2.57e-05	-8
2.572e-05	-8
2.574e-05	8
2.576e-05	16
2.578e-05	24
2.58e-05	24
2.582e-05	24
2.584e-05	48
2.586e-05	48
2.588e-05	48
2.59e-05	40
2.592e-05	48
2.594e-05	56
2.596e-05	40
2.598e-05	40
2.6e-05	40
2.602e-05	24
2.604e-05	24
2.606e-05	16
2.608e-05	16
2.61e-05	16
2.612e-05	24
2.614e-05	24
2.616e-05	16
2.618e-05	16
2.62e-05	32
2.622e-05	32
2.624e-05	32
2.626e-05	40
2.628e-05	40
2.63e-05	40
2.632e-05	40
2.634e-05	40
2.636e-05	32
2.638e-05	32
2.64e-05	32
2.642e-05	40
2.644e-05	32
2.646e-05	32
2.648e-05	24
2.65e-05	32
2.652e-05	24
2.654e-05	32
2.656e-05	40
2.658e-05	24
2.66e-05	24
2.662e-05	32
2.664e-05	32
2.666e-05	24
2.668e-05	32
2.67e-05	24
2.672e-05	32
2.674e-05	32
2.676e-05	24
2.678e-05	32
2.68e-05	40
2.682e-05	24
2.684e-05	16
2.686e-05	32
2.688e-05	24
2.69e-05	24
2.692e-05	40
2.694e-05	24
2.696e-05	32
2.698e-05	32
2.7e-05	24
2.702e-05	32
2.704e-05	24
2.706e-05	24
2.708e-05	16
2.71e-05	0
2.712e-05	-24
2.714e-05	-64
2.716e-05	-80
2.718e-05	-120
2.72e-05	-144
2.722e-05	-160
2.724e-05	-184
2.726e-05	-192
2.728e-05	-192
2.73e-05	-200
2.732e-05	-200
2.734e-05	-208
2.736e-05	-232
2.738e-05	-232
2.74e-05	-256
2.742e-05	-280
2.744e-05	-296
2.746e-05	-312
2.748e-05	-320
2.75e-05	-336
2.752e-05	-336
2.754e-05	-352
2.756e-05	-352
2.758e-05	-360
2.76e-05	-352
2.762e-05	-384
2.764e-05	-392
2.766e-05	-400
2.768e-05	-408
2.77e-05	-416
2.772e-05	-424
2.774e-05	-424
2.776e-05	-432
2.778e-05	-440
