0	234.76
10	0.61953
20	0.4089
30	0.46182
40	0.49618
50	0.43164
60	0.70326
70	0.92298
80	1.2264
90	2.9038
100	145.65
110	3.07
120	1.6906
130	1.065
140	1.1022
150	1.0218
160	0.80904
170	0.85725
180	1.094
190	1.6576
200	30.918
210	0.98106
220	0.15996
230	0.085915
240	0.15881
250	0.2618
260	0.24452
270	0.37161
280	0.94756
290	2.0331
300	38.465
310	2.6621
320	1.5478
330	1.0532
340	0.96717
350	0.83157
360	0.90556
370	1.0473
380	1.2229
390	2.3997
400	27.042
410	2.3426
420	0.765
430	0.39079
440	0.19091
450	0.19533
460	0.083848
470	0.12353
480	0.37492
490	0.87941
500	12.971
510	1.6646
520	0.82229
530	0.89183
540	0.73727
550	0.75831
560	0.77577
570	0.95469
580	1.3926
590	2.5788
600	21.412
610	2.6527
620	1.4964
630	0.8328
640	0.60386
650	0.56858
660	0.3306
670	0.32472
680	0.36498
690	0.45974
700	3.4953
710	0.90319
720	0.52061
730	0.46383
740	0.42077
750	0.51702
760	0.49922
770	0.84439
780	1.1213
790	2.0626
800	15.125
810	3.075
820	1.581
830	0.77415
840	0.775
850	0.73077
860	0.68546
870	0.67903
880	0.72784
890	1.1368
900	6.349
910	1.3734
920	0.33628
930	0.40774
940	0.28748
950	0.41383
960	0.37351
970	0.67234
980	0.82838
990	1.5181
1000	9.3119
1010	2.6998
1020	1.3073
1030	0.82095
1040	0.72361
1050	0.80595
1060	0.65885
1070	0.58259
1080	1.1226
1090	1.6681
1100	7.8386
1110	2.1902
1120	0.88978
1130	0.5821
1140	0.42116
1150	0.3943
1160	0.34871
1170	0.39233
1180	0.62947
1190	1.1454
1200	5.6655
1210	1.9044
1220	0.96076
1230	0.58483
1240	0.50305
1250	0.5204
1260	0.40012
1270	0.61731
1280	0.9679
1290	1.5397
1300	7.1402
1310	2.6044
1320	1.1819
1330	0.8045
1340	0.57436
1350	0.50021
1360	0.49229
1370	0.50109
1380	0.65763
1390	1.1644
1400	5.1905
1410	2.1233
1420	0.77099
1430	0.60489
1440	0.44186
1450	0.42875
1460	0.4749
1470	0.5416
1480	0.76954
1490	1.3707
1500	5.5357
1510	2.6553
1520	0.98428
1530	0.54854
1540	0.6463
1550	0.40121
1560	0.65518
1570	0.62467
1580	0.84904
1590	1.53
1600	5.6693
1610	2.535
1620	1.194
1630	0.74386
1640	0.66679
1650	0.65822
1660	0.65134
1670	0.58314
1680	0.58143
1690	1.1637
1700	4.1583
1710	2.1459
1720	0.94977
1730	0.77051
1740	0.61219
1750	0.58605
1760	0.52004
1770	0.63911
1780	0.91262
1790	1.421
1800	5.6606
1810	3.2013
1820	1.4128
1830	0.8843
1840	0.54884
1850	0.76487
1860	0.67482
1870	0.64186
1880	0.94712
1890	1.2866
1900	4.3972
1910	2.5235
1920	1.0815
1930	0.56176
1940	0.48481
1950	0.55309
1960	0.48422
1970	0.50607
1980	0.73049
1990	1.3326
2000	4.4672
2010	3.1177
2020	1.3317
2030	0.82017
2040	0.82822
2050	0.80162
2060	0.73668
2070	0.78894
2080	0.89589
2090	1.6202
2100	4.9251
2110	3.4218
2120	1.4685
2130	0.84054
2140	0.57662
2150	0.57779
2160	0.50219
2170	0.49452
2180	0.62399
2190	1.1328
2200	3.7821
2210	3.0818
2220	1.3236
2230	0.84534
2240	0.75446
2250	0.70393
2260	0.61287
2270	0.6523
2280	0.99479
2290	1.8283
2300	5.3183
2310	4.6753
2320	1.6318
2330	0.958
2340	0.90581
2350	0.81017
2360	0.57103
2370	0.67885
2380	0.97891
2390	1.5455
2400	4.1696
2410	3.7465
2420	1.2264
2430	0.82357
2440	0.62612
2450	0.7067
2460	0.69353
2470	0.80747
2480	0.95399
2490	1.646
2500	4.8663
2510	5.1727
2520	1.7239
2530	1.1784
2540	0.86263
2550	0.78434
2560	0.82644
2570	0.83175
2580	1.1923
2590	1.6044
2600	4.7722
2610	5.1391
2620	1.6554
2630	1.0559
2640	0.91356
2650	0.8124
2660	0.65634
2670	0.75359
2680	0.96934
2690	1.5261
2700	3.9385
2710	4.7976
2720	1.6029
2730	0.89154
2740	0.73933
2750	0.78769
2760	0.72633
2770	0.83496
2780	1.0832
2790	1.6637
2800	4.4085
2810	5.568
2820	1.7146
2830	1.0983
2840	0.7994
2850	0.70916
2860	0.60406
2870	0.65331
2880	0.85708
2890	1.4097
2900	3.4745
2910	4.7319
2920	1.4353
2930	0.91263
2940	0.65281
2950	0.60855
2960	0.49792
2970	0.68302
2980	0.94361
2990	1.1208
3000	3.0476
3010	4.7653
3020	1.3671
3030	0.64797
3040	0.69846
3050	0.57428
3060	0.58053
3070	0.69086
3080	0.76438
3090	1.294
3100	3.0674
3110	4.885
3120	1.3437
3130	0.71961
3140	0.61635
3150	0.48545
3160	0.3698
3170	0.49095
3180	0.49594
3190	0.82681
3200	1.8279
3210	3.5644
3220	0.96172
3230	0.70743
3240	0.56965
3250	0.5096
3260	0.48468
3270	0.39007
3280	0.72461
3290	0.86142
3300	2.3412
3310	4.5578
3320	1.2002
3330	0.65421
3340	0.64361
3350	0.42332
3360	0.27226
3370	0.40334
3380	0.56504
3390	0.67439
3400	1.504
3410	3.0735
3420	0.8442
3430	0.35812
3440	0.30292
3450	0.29444
3460	0.15622
3470	0.30858
3480	0.37463
3490	0.52175
3500	1.4858
3510	3.8113
3520	0.79073
3530	0.5176
3540	0.25107
3550	0.40269
3560	0.3182
3570	0.47405
3580	0.41762
3590	0.56878
3600	1.3062
3610	3.2942
3620	0.74407
3630	0.28208
3640	0.25457
3650	0.2231
3660	0.22016
3670	0.35533
3680	0.39329
3690	0.25045
3700	0.71774
3710	2.3494
3720	0.48812
3730	0.26791
3740	0.28115
3750	0.30464
3760	0.22941
3770	0.4317
3780	0.46253
3790	0.18964
3800	1.0644
3810	3.2521
3820	0.61377
3830	0.36586
3840	0.24618
3850	0.23549
3860	0.24259
3870	0.16402
3880	0.2353
3890	0.26737
3900	0.71511
3910	1.931
3920	0.35899
3930	0.0091442
3940	0.17473
3950	0.091786
3960	0.28052
3970	0.079053
3980	0.38006
3990	0.22555
4000	0.6955
4010	2.8533
4020	0.47045
4030	0.28944
4040	0.39767
4050	0.22422
4060	0.22436
4070	0.12113
4080	0.147
4090	0.27934
4100	0.4633
4110	1.8004
4120	0.18687
4130	0.098089
4140	0.12744
4150	0.1144
4160	0.20435
4170	0.069363
4180	0.036502
4190	0.058738
4200	0.32066
4210	2.106
4220	0.34827
4230	0.2751
4240	0.25276
4250	0.18316
4260	0.069534
4270	0.059311
4280	0.20542
4290	0.32159
4300	0.28395
4310	1.9419
4320	0.28366
4330	0.062266
4340	0.18252
4350	0.13856
4360	0.081256
4370	0.16065
4380	0.065255
4390	0.21727
4400	0.21349
4410	1.4141
4420	0.15692
4430	0.14312
4440	0.12117
4450	0.029777
4460	0.11642
4470	0.049663
4480	0.23041
4490	0.17086
4500	0.10963
4510	1.7807
4520	0.21832
4530	0.16961
4540	0.016265
4550	0.10089
4560	0.12789
4570	0.16319
4580	0.22854
4590	0.024257
4600	0.10322
4610	1.2248
4620	0.012582
4630	0.13418
4640	0.12655
4650	0.038376
4660	0.073341
4670	0.114
4680	0.1036
4690	0.060799
4700	0.13769
4710	1.4528
4720	0.2047
4730	0.11821
4740	0.10902
4750	0.039856
4760	0.096707
4770	0.12352
4780	0.16492
4790	0.15234
4800	0.58419
4810	0.95642
4820	0.066437
4830	0.026247
4840	0.1208
4850	0.10876
4860	0.13221
4870	0.07851
4880	0.01552
4890	0.092247
4900	0.26582
4910	1.0884
4920	0.12657
4930	0.033073
4940	0.065196
4950	0.11388
4960	0.016245
4970	0.079265
4980	0.10723
4990	0.11963
5000	0.04152
5010	0.88166
5020	0.10261
5030	0.023098
5040	0.13239
5050	0.14217
5060	0.10528
5070	0.073951
5080	0.066784
5090	0.13608
5100	0.057507
5110	0.70912
5120	0.078286
5130	0.10187
5140	0.15137
5150	0.079961
5160	0.17976
5170	0.13449
5180	0.050212
5190	0.17386
5200	0.041569
5210	0.9723
5220	0.083546
5230	0.054897
5240	0.095978
5250	0.035845
5260	0.041861
5270	0.11331
5280	0.067606
5290	0.20126
5300	0.33368
5310	0.62785
5320	0.14911
5330	0.068347
5340	0.04879
5350	0.11394
5360	0.093094
5370	0.055001
5380	0.19282
5390	0.095526
5400	0.28075
5410	0.75566
5420	0.056782
5430	0.12528
5440	0.13053
5450	0.11987
5460	0.11642
5470	0.15339
5480	0.12903
5490	0.12036
5500	0.05626
5510	0.90281
5520	0.11808
5530	0.11847
5540	0.10197
5550	0.029251
5560	0.1313
5570	0.16729
5580	0.087859
5590	0.10072
5600	0.23647
5610	0.84645
5620	0.19682
5630	0.17186
5640	0.1272
5650	0.096193
5660	0.11859
5670	0.0533
5680	0.067815
5690	0.080974
5700	0.23587
5710	0.80071
5720	0.073001
5730	0.13288
5740	0.03373
5750	0.14499
5760	0.078242
5770	0.065485
5780	0.075266
5790	0.075889
5800	0.079189
5810	0.73909
5820	0.14331
5830	0.22762
5840	0.2139
5850	0.10216
5860	0.012478
5870	0.087042
5880	0.068578
5890	0.075727
5900	0.11091
5910	0.77678
5920	0.16714
5930	0.12505
5940	0.039507
5950	0.11492
5960	0.22764
5970	0.1365
5980	0.065354
5990	0.043584
6000	0.24914
6010	0.92023
6020	0.27183
6030	0.16917
6040	0.065368
6050	0.08194
6060	0.06325
6070	0.17723
6080	0.058665
6090	0.19039
6100	0.21627
6110	0.81221
6120	0.3173
6130	0.12535
6140	0.076137
6150	0.01358
6160	0.22182
6170	0.061118
6180	0.12854
6190	0.13435
6200	0.2428
6210	0.88443
6220	0.21958
6230	0.15503
6240	0.13818
6250	0.089657
6260	0.090967
6270	0.10584
6280	0.088231
6290	0.20145
6300	0.022954
6310	0.76716
6320	0.27047
6330	0.099835
6340	0.19987
6350	0.1685
6360	0.12533
6370	0.26408
6380	0.05024
6390	0.11331
6400	0.12307
6410	0.77128
6420	0.22867
6430	0.19401
6440	0.11591
6450	0.16877
6460	0.032761
6470	0.11204
6480	0.10795
6490	0.037438
6500	0.12059
6510	0.58102
6520	0.25398
6530	0.27792
6540	0.044483
6550	0.212
6560	0.34841
6570	0.11422
6580	0.09295
6590	0.16754
6600	0.28072
6610	0.58578
6620	0.26734
6630	0.094199
6640	0.034266
6650	0.06586
6660	0.029229
6670	0.038554
6680	0.10142
6690	0.09814
6700	0.17688
6710	0.46788
6720	0.15349
6730	0.21098
6740	0.074831
6750	0.054344
6760	0.067321
6770	0.075036
6780	0.047297
6790	0.059745
6800	0.14212
6810	0.45224
6820	0.15452
6830	0.1962
6840	0.09549
6850	0.073869
6860	0.076887
6870	0.078166
6880	0.063847
6890	0.18925
6900	0.1253
6910	0.44191
6920	0.37485
6930	0.051293
6940	0.10023
6950	0.11808
6960	0.023365
6970	0.15843
6980	0.02504
6990	0.08466
7000	0.077754
7010	0.33253
7020	0.1801
7030	0.088898
7040	0.085522
7050	0.12874
7060	0.033501
7070	0.17866
7080	0.071198
7090	0.063101
7100	0.13017
7110	0.25605
7120	0.23689
7130	0.068695
7140	0.16711
7150	0.088972
7160	0.10052
7170	0.11078
7180	0.19156
7190	0.0051993
7200	0.23882
7210	0.31934
7220	0.12944
7230	0.18918
7240	0.11789
7250	0.087472
7260	0.11343
7270	0.11457
7280	0.090722
7290	0.070445
7300	0.04674
7310	0.48436
7320	0.20485
7330	0.3091
7340	0.13701
7350	0.059498
7360	0.063271
7370	0.1533
7380	0.2307
7390	0.16142
7400	0.17859
7410	0.14571
7420	0.19008
7430	0.20118
7440	0.10119
7450	0.11643
7460	0.12516
7470	0.12359
7480	0.22564
7490	0.19665
7500	0.1024
7510	0.28315
7520	0.14439
7530	0.24381
7540	0.19005
7550	0.12473
7560	0.038139
7570	0.29918
7580	0.18359
7590	0.034331
7600	0.041509
7610	0.20204
7620	0.31663
7630	0.14297
7640	0.13448
7650	0.085412
7660	0.11685
7670	0.14024
7680	0.03422
7690	0.11791
7700	0.099153
7710	0.11719
7720	0.25113
7730	0.079662
7740	0.061141
7750	0.069048
7760	0.21041
7770	0.11787
7780	0.10091
7790	0.21721
7800	0.073174
7810	0.0055653
7820	0.3015
7830	0.12837
7840	0.12293
7850	0.076879
7860	0.097665
7870	0.033825
7880	0.022422
7890	0.1097
7900	0.07184
7910	0.062361
7920	0.18244
7930	0.04138
7940	0.1077
7950	0.026203
7960	0.041235
7970	0.10935
7980	0.25627
7990	0.17609
8000	0.044965
8010	0.22143
8020	0.36206
8030	0.078455
8040	0.073902
8050	0.066954
8060	0.065168
8070	0.15082
8080	0.14444
8090	0.11245
8100	0.031687
8110	0.19405
8120	0.33241
8130	0.072938
8140	0.23861
8150	0.1337
8160	0.0098362
8170	0.03968
8180	0.18324
8190	0.19725
8200	0.030275
8210	0.074055
8220	0.24459
8230	0.035612
8240	0.061441
8250	0.061873
8260	0.0062276
8270	0.021001
8280	0.020057
8290	0.12772
8300	0.082448
8310	0.16968
8320	0.28948
8330	0.21373
8340	0.28577
8350	0.10351
8360	0.15563
8370	0.084327
8380	0.086096
8390	0.078866
8400	0.12437
8410	0.068315
8420	0.19396
8430	0.10245
8440	0.091708
8450	0.11878
8460	0.02923
8470	0.097084
8480	0.12724
8490	0.031599
8500	0.036867
8510	0.2269
8520	0.26954
8530	0.065462
8540	0.049272
8550	0.1852
8560	0.08912
8570	0.065633
8580	0.091264
8590	0.16895
8600	0.13822
8610	0.029436
8620	0.38711
8630	0.11329
8640	0.043801
8650	0.095699
8660	0.018412
8670	0.078651
8680	0.12228
8690	0.10332
8700	0.18406
8710	0.030889
8720	0.27301
8730	0.16896
8740	0.1019
8750	0.071133
8760	0.12934
8770	0.10287
8780	0.044582
8790	0.24943
8800	0.054585
8810	0.12258
8820	0.41216
8830	0.13621
8840	0.12375
8850	0.11519
8860	0.10602
8870	0.072971
8880	0.087999
8890	0.16853
8900	0.034586
8910	0.030922
8920	0.22019
8930	0.16596
8940	0.14015
8950	0.070697
8960	0.044352
8970	0.12202
8980	0.070479
8990	0.10757
9000	0.1406
9010	0.10965
9020	0.38788
9030	0.15146
9040	0.053207
9050	0.15684
9060	0.033583
9070	0.14318
9080	0.062782
9090	0.31609
9100	0.077169
9110	0.17237
9120	0.3373
9130	0.11639
9140	0.058176
9150	0.04118
9160	0.026588
9170	0.17486
9180	0.13677
9190	0.086746
9200	0.10226
9210	0.08407
9220	0.35398
9230	0.050681
9240	0.07094
9250	0.16962
9260	0.10087
9270	0.041427
9280	0.11144
9290	0.093457
9300	0.052462
9310	0.091726
9320	0.37311
9330	0.19114
9340	0.20688
9350	0.12508
9360	0.098591
9370	0.11932
9380	0.082539
9390	0.10111
9400	0.17051
9410	0.086244
9420	0.31709
9430	0.07176
9440	0.10601
9450	0.092933
9460	0.10536
9470	0.12934
9480	0.062364
9490	0.065282
9500	0.065295
9510	0.22867
9520	0.38038
9530	0.061613
9540	0.20185
9550	0.15306
9560	0.017499
9570	0.097678
9580	0.13645
9590	0.26243
9600	0.1693
9610	0.0975
9620	0.34127
9630	0.031711
9640	0.070216
9650	0.042712
9660	0.1123
9670	0.10939
9680	0.039301
9690	0.079759
9700	0.061298
9710	0.052856
9720	0.30569
9730	0.056357
9740	0.042418
9750	0.097836
9760	0.10707
9770	0.029106
9780	0.062753
9790	0.014744
9800	0.037144
9810	0.086364
9820	0.26077
9830	0.030976
9840	0.042164
9850	0.16748
9860	0.075166
9870	0.0923
9880	0.032867
9890	0.072243
9900	0.12242
9910	0.14233
9920	0.18781
9930	0.031567
9940	0.11064
9950	0.12926
9960	0.083006
9970	0.065133
9980	0.11092
9990	0.065208
10000	0.092946
10010	0.062324
10020	0.18113
10030	0.12381
10040	0.040117
10050	0.050345
10060	0.18282
10070	0.16178
10080	0.12993
10090	0.15085
10100	0.17721
10110	0.15504
10120	0.093297
10130	0.098903
10140	0.075591
10150	0.078636
10160	0.10936
10170	0.061474
10180	0.076817
10190	0.048098
10200	0.14652
10210	0.06038
10220	0.39392
10230	0.043803
10240	0.041183
10250	0.089728
10260	0.12371
10270	0.10688
10280	0.015955
10290	0.12645
10300	0.209
10310	0.15329
10320	0.19005
10330	0.020041
10340	0.24222
10350	0.25081
10360	0.16502
10370	0.069769
10380	0.014514
10390	0.0049059
10400	0.085345
10410	0.079178
10420	0.2013
10430	0.077563
10440	0.07644
10450	0.057654
10460	0.15832
10470	0.015786
10480	0.060242
10490	0.049422
10500	0.18585
10510	0.20159
10520	0.29861
10530	0.078683
10540	0.13005
10550	0.020564
10560	0.098448
10570	0.114
10580	0.11387
10590	0.012582
10600	0.1224
10610	0.31
10620	0.13652
10630	0.028656
10640	0.025828
10650	0.04235
10660	0.12559
10670	0.14665
10680	0.11009
10690	0.16087
10700	0.10059
10710	0.1486
10720	0.19759
10730	0.12646
10740	0.03063
10750	0.06213
10760	0.063789
10770	0.033115
10780	0.10484
10790	0.081519
10800	0.054844
10810	0.09799
10820	0.15403
10830	0.0752
10840	0.094971
10850	0.10485
10860	0.039126
10870	0.23942
10880	0.10299
10890	0.17155
10900	0.038812
10910	0.14297
10920	0.11092
10930	0.089493
10940	0.052513
10950	0.13216
10960	0.1081
10970	0.060402
10980	0.12227
10990	0.12638
11000	0.22217
11010	0.10818
11020	0.086138
11030	0.10304
11040	0.02451
11050	0.041115
11060	0.13617
11070	0.02086
11080	0.023471
11090	0.068537
11100	0.09524
11110	0.38617
11120	0.063768
11130	0.10993
11140	0.043812
11150	0.05704
11160	0.12607
11170	0.060453
11180	0.19201
11190	0.046911
11200	0.065178
11210	0.060947
11220	0.18323
11230	0.074291
11240	0.063855
11250	0.051239
11260	0.12906
11270	0.032975
11280	0.034334
11290	0.060652
11300	0.14121
11310	0.13331
11320	0.055478
11330	0.038135
11340	0.094329
11350	0.037813
11360	0.078347
11370	0.28064
11380	0.077162
11390	0.031445
11400	0.06293
11410	0.19633
11420	0.12651
11430	0.21915
11440	0.16747
11450	0.13281
11460	0.18771
11470	0.13736
11480	0.015113
11490	0.03288
11500	0.069118
11510	0.11383
11520	0.092789
11530	0.021184
11540	0.052248
11550	0.13417
11560	0.071612
11570	0.072384
11580	0.15527
11590	0.021849
11600	0.069435
11610	0.087802
11620	0.07558
11630	0.10527
11640	0.050502
11650	0.080252
11660	0.15351
11670	0.14604
11680	0.074066
11690	0.10161
11700	0.10691
11710	0.018628
11720	0.056579
11730	0.073
11740	0.0082651
11750	0.22005
11760	0.085375
11770	0.085576
11780	0.045327
11790	0.12334
11800	0.12248
11810	0.05211
11820	0.11988
11830	0.19351
11840	0.077852
11850	0.024296
11860	0.087267
11870	0.078182
11880	0.073253
11890	0.0881
11900	0.057927
11910	0.13548
11920	0.037596
11930	0.20459
11940	0.069872
11950	0.11908
11960	0.10149
11970	0.17032
11980	0.15408
11990	0.079124
12000	0.13614
12010	0.10937
12020	0.12644
12030	0.097238
12040	0.11501
12050	0.03938
12060	0.069319
12070	0.096211
12080	0.14684
12090	0.13615
12100	0.12784
12110	0.093023
12120	0.1191
12130	0.096614
12140	0.034144
12150	0.13252
12160	0.076854
12170	0.068633
12180	0.072633
12190	0.19786
12200	0.11038
12210	0.14606
12220	0.10643
12230	0.099444
12240	0.028427
12250	0.07355
12260	0.14714
12270	0.15257
12280	0.085494
12290	0.10668
12300	0.058229
12310	0.044643
12320	0.12482
12330	0.12224
12340	0.05655
12350	0.058034
12360	0.051055
12370	0.052072
12380	0.082553
12390	0.050075
12400	0.029065
12410	0.11381
12420	0.0089032
12430	0.19182
12440	0.052748
12450	0.15386
12460	0.086877
12470	0.16287
12480	0.19154
12490	0.094715
12500	0.0544
