-0.0002476	-360
-0.0002474	-368
-0.0002472	-368
-0.000247	-360
-0.0002468	-360
-0.0002466	-360
-0.0002464	-360
-0.0002462	-352
-0.000246	-360
-0.0002458	-360
-0.0002456	-360
-0.0002454	-352
-0.0002452	-360
-0.000245	-360
-0.0002448	-360
-0.0002446	-352
-0.0002444	-360
-0.0002442	-360
-0.000244	-352
-0.0002438	-368
-0.0002436	-352
-0.0002434	-360
-0.0002432	-352
-0.000243	-360
-0.0002428	-360
-0.0002426	-360
-0.0002424	-344
-0.0002422	-360
-0.000242	-360
-0.0002418	-360
-0.0002416	-360
-0.0002414	-352
-0.0002412	-368
-0.000241	-360
-0.0002408	-352
-0.0002406	-368
-0.0002404	-360
-0.0002402	-360
-0.00024	-360
-0.0002398	-352
-0.0002396	-352
-0.0002394	-360
-0.0002392	-360
-0.000239	-360
-0.0002388	-360
-0.0002386	-352
-0.0002384	-352
-0.0002382	-256
-0.000238	64
-0.0002378	88
-0.0002376	16
-0.0002374	56
-0.0002372	32
-0.000237	40
-0.0002368	32
-0.0002366	64
-0.0002364	40
-0.0002362	40
-0.000236	48
-0.0002358	32
-0.0002356	40
-0.0002354	48
-0.0002352	48
-0.000235	48
-0.0002348	40
-0.0002346	48
-0.0002344	48
-0.0002342	48
-0.000234	-120
-0.0002338	-216
-0.0002336	-328
-0.0002334	-408
-0.0002332	-456
-0.000233	-456
-0.0002328	-448
-0.0002326	-456
-0.0002324	-456
-0.0002322	-464
-0.000232	-464
-0.0002318	-456
-0.0002316	-464
-0.0002314	-456
-0.0002312	-456
-0.000231	-448
-0.0002308	-456
-0.0002306	-456
-0.0002304	-448
-0.0002302	-464
-0.00023	-456
-0.0002298	-456
-0.0002296	-448
-0.0002294	-456
-0.0002292	-456
-0.000229	-464
-0.0002288	-456
-0.0002286	-464
-0.0002284	-464
-0.0002282	-456
-0.000228	-456
-0.0002278	-464
-0.0002276	-456
-0.0002274	-456
-0.0002272	-448
-0.000227	-448
-0.0002268	-448
-0.0002266	-440
-0.0002264	-440
-0.0002262	-432
-0.000226	-440
-0.0002258	-432
-0.0002256	-424
-0.0002254	-424
-0.0002252	-424
-0.000225	-416
-0.0002248	-408
-0.0002246	-408
-0.0002244	-408
-0.0002242	-408
-0.000224	-408
-0.0002238	-408
-0.0002236	-400
-0.0002234	-400
-0.0002232	-400
-0.000223	-400
-0.0002228	-400
-0.0002226	-400
-0.0002224	-400
-0.0002222	-392
-0.000222	-392
-0.0002218	-400
-0.0002216	-392
-0.0002214	-392
-0.0002212	-392
-0.000221	-392
-0.0002208	-384
-0.0002206	-376
-0.0002204	-384
-0.0002202	-376
-0.00022	-376
-0.0002198	-376
-0.0002196	-376
-0.0002194	-384
-0.0002192	-376
-0.000219	-376
-0.0002188	-376
-0.0002186	-376
-0.0002184	-376
-0.0002182	-384
-0.000218	-368
-0.0002178	-384
-0.0002176	-376
-0.0002174	-376
-0.0002172	-368
-0.000217	-368
-0.0002168	-360
-0.0002166	-368
-0.0002164	-360
-0.0002162	-368
-0.000216	-376
-0.0002158	-360
-0.0002156	-360
-0.0002154	-368
-0.0002152	-360
-0.000215	-368
-0.0002148	-368
-0.0002146	-368
-0.0002144	-368
-0.0002142	-368
-0.000214	-360
-0.0002138	-360
-0.0002136	-368
-0.0002134	-360
-0.0002132	-368
-0.000213	-368
-0.0002128	-376
-0.0002126	-360
-0.0002124	-368
-0.0002122	-368
-0.000212	-360
-0.0002118	-368
-0.0002116	-360
-0.0002114	-360
-0.0002112	-360
-0.000211	-360
-0.0002108	-368
-0.0002106	-368
-0.0002104	-360
-0.0002102	-368
-0.00021	-360
-0.0002098	-360
-0.0002096	-360
-0.0002094	-360
-0.0002092	-368
-0.000209	-360
-0.0002088	-368
-0.0002086	-368
-0.0002084	-368
-0.0002082	-360
-0.000208	-360
-0.0002078	-368
-0.0002076	-360
-0.0002074	-352
-0.0002072	-360
-0.000207	-360
-0.0002068	-368
-0.0002066	-360
-0.0002064	-352
-0.0002062	-360
-0.000206	-360
-0.0002058	-360
-0.0002056	-368
-0.0002054	-352
-0.0002052	-360
-0.000205	-352
-0.0002048	-360
-0.0002046	-368
-0.0002044	-360
-0.0002042	-360
-0.000204	-352
-0.0002038	-368
-0.0002036	-352
-0.0002034	-360
-0.0002032	-360
-0.000203	-368
-0.0002028	-368
-0.0002026	-360
-0.0002024	-360
-0.0002022	-368
-0.000202	-352
-0.0002018	-352
-0.0002016	-360
-0.0002014	-360
-0.0002012	-352
-0.000201	-360
-0.0002008	-360
-0.0002006	-360
-0.0002004	-352
-0.0002002	-360
-0.0002	-360
-0.0001998	-360
-0.0001996	-360
-0.0001994	-360
-0.0001992	-368
-0.000199	-352
-0.0001988	-352
-0.0001986	-368
-0.0001984	-360
-0.0001982	232
-0.000198	-80
-0.0001978	96
-0.0001976	16
-0.0001974	64
-0.0001972	48
-0.000197	48
-0.0001968	40
-0.0001966	48
-0.0001964	56
-0.0001962	48
-0.000196	48
-0.0001958	56
-0.0001956	40
-0.0001954	48
-0.0001952	48
-0.000195	48
-0.0001948	48
-0.0001946	48
-0.0001944	40
-0.0001942	16
-0.000194	-168
-0.0001938	-280
-0.0001936	-368
-0.0001934	-416
-0.0001932	-464
-0.000193	-456
-0.0001928	-456
-0.0001926	-448
-0.0001924	-456
-0.0001922	-440
-0.000192	-456
-0.0001918	-456
-0.0001916	-456
-0.0001914	-448
-0.0001912	-456
-0.000191	-456
-0.0001908	-448
-0.0001906	-456
-0.0001904	-464
-0.0001902	-464
-0.00019	-464
-0.0001898	-456
-0.0001896	-464
-0.0001894	-456
-0.0001892	-456
-0.000189	-456
-0.0001888	-456
-0.0001886	-464
-0.0001884	-456
-0.0001882	-456
-0.000188	-456
-0.0001878	-448
-0.0001876	-448
-0.0001874	-440
-0.0001872	-456
-0.000187	-448
-0.0001868	-440
-0.0001866	-448
-0.0001864	-432
-0.0001862	-424
-0.000186	-432
-0.0001858	-432
-0.0001856	-424
-0.0001854	-424
-0.0001852	-424
-0.000185	-424
-0.0001848	-408
-0.0001846	-416
-0.0001844	-400
-0.0001842	-408
-0.000184	-400
-0.0001838	-408
-0.0001836	-408
-0.0001834	-400
-0.0001832	-400
-0.000183	-400
-0.0001828	-392
-0.0001826	-400
-0.0001824	-400
-0.0001822	-392
-0.000182	-384
-0.0001818	-392
-0.0001816	-392
-0.0001814	-392
-0.0001812	-384
-0.000181	-384
-0.0001808	-376
-0.0001806	-376
-0.0001804	-376
-0.0001802	-368
-0.00018	-376
-0.0001798	-384
-0.0001796	-376
-0.0001794	-376
-0.0001792	-376
-0.000179	-376
-0.0001788	-384
-0.0001786	-376
-0.0001784	-368
-0.0001782	-376
-0.000178	-368
-0.0001778	-376
-0.0001776	-368
-0.0001774	-376
-0.0001772	-368
-0.000177	-368
-0.0001768	-368
-0.0001766	-368
-0.0001764	-376
-0.0001762	-360
-0.000176	-368
-0.0001758	-360
-0.0001756	-368
-0.0001754	-360
-0.0001752	-360
-0.000175	-360
-0.0001748	-360
-0.0001746	-368
-0.0001744	-368
-0.0001742	-368
-0.000174	-368
-0.0001738	-368
-0.0001736	-368
-0.0001734	-368
-0.0001732	-352
-0.000173	-368
-0.0001728	-368
-0.0001726	-368
-0.0001724	-368
-0.0001722	-376
-0.000172	-360
-0.0001718	-360
-0.0001716	-360
-0.0001714	-360
-0.0001712	-360
-0.000171	-368
-0.0001708	-360
-0.0001706	-360
-0.0001704	-368
-0.0001702	-360
-0.00017	-360
-0.0001698	-360
-0.0001696	-368
-0.0001694	-360
-0.0001692	-368
-0.000169	-368
-0.0001688	-360
-0.0001686	-360
-0.0001684	-360
-0.0001682	-368
-0.000168	-360
-0.0001678	-368
-0.0001676	-360
-0.0001674	-360
-0.0001672	-360
-0.000167	-352
-0.0001668	-344
-0.0001666	-352
-0.0001664	-360
-0.0001662	-368
-0.000166	-360
-0.0001658	-352
-0.0001656	-360
-0.0001654	-360
-0.0001652	-360
-0.000165	-368
-0.0001648	-352
-0.0001646	-360
-0.0001644	-360
-0.0001642	-360
-0.000164	-360
-0.0001638	-344
-0.0001636	-360
-0.0001634	-360
-0.0001632	-352
-0.000163	-360
-0.0001628	-360
-0.0001626	-352
-0.0001624	-360
-0.0001622	-368
-0.000162	-360
-0.0001618	-360
-0.0001616	-360
-0.0001614	-360
-0.0001612	-360
-0.000161	-360
-0.0001608	-352
-0.0001606	-360
-0.0001604	-360
-0.0001602	-352
-0.00016	-352
-0.0001598	-352
-0.0001596	-352
-0.0001594	-360
-0.0001592	-360
-0.000159	-360
-0.0001588	-360
-0.0001586	-344
-0.0001584	-360
-0.0001582	176
-0.000158	32
-0.0001578	40
-0.0001576	56
-0.0001574	40
-0.0001572	48
-0.000157	48
-0.0001568	48
-0.0001566	40
-0.0001564	48
-0.0001562	48
-0.000156	48
-0.0001558	56
-0.0001556	40
-0.0001554	40
-0.0001552	56
-0.000155	40
-0.0001548	48
-0.0001546	48
-0.0001544	48
-0.0001542	-80
-0.000154	-200
-0.0001538	-312
-0.0001536	-400
-0.0001534	-456
-0.0001532	-456
-0.000153	-448
-0.0001528	-448
-0.0001526	-456
-0.0001524	-456
-0.0001522	-456
-0.000152	-448
-0.0001518	-448
-0.0001516	-456
-0.0001514	-456
-0.0001512	-456
-0.000151	-456
-0.0001508	-456
-0.0001506	-464
-0.0001504	-464
-0.0001502	-464
-0.00015	-456
-0.0001498	-456
-0.0001496	-448
-0.0001494	-456
-0.0001492	-464
-0.000149	-464
-0.0001488	-456
-0.0001486	-464
-0.0001484	-456
-0.0001482	-456
-0.000148	-456
-0.0001478	-448
-0.0001476	-456
-0.0001474	-456
-0.0001472	-448
-0.000147	-448
-0.0001468	-440
-0.0001466	-432
-0.0001464	-440
-0.0001462	-432
-0.000146	-432
-0.0001458	-432
-0.0001456	-424
-0.0001454	-424
-0.0001452	-416
-0.000145	-416
-0.0001448	-408
-0.0001446	-424
-0.0001444	-416
-0.0001442	-408
-0.000144	-400
-0.0001438	-408
-0.0001436	-408
-0.0001434	-408
-0.0001432	-400
-0.000143	-400
-0.0001428	-400
-0.0001426	-392
-0.0001424	-392
-0.0001422	-408
-0.000142	-392
-0.0001418	-392
-0.0001416	-392
-0.0001414	-392
-0.0001412	-384
-0.000141	-376
-0.0001408	-384
-0.0001406	-376
-0.0001404	-384
-0.0001402	-384
-0.00014	-392
-0.0001398	-392
-0.0001396	-376
-0.0001394	-384
-0.0001392	-376
-0.000139	-376
-0.0001388	-368
-0.0001386	-376
-0.0001384	-368
-0.0001382	-368
-0.000138	-368
-0.0001378	-376
-0.0001376	-368
-0.0001374	-368
-0.0001372	-368
-0.000137	-368
-0.0001368	-368
-0.0001366	-360
-0.0001364	-368
-0.0001362	-368
-0.000136	-360
-0.0001358	-360
-0.0001356	-360
-0.0001354	-360
-0.0001352	-360
-0.000135	-368
-0.0001348	-368
-0.0001346	-360
-0.0001344	-368
-0.0001342	-368
-0.000134	-360
-0.0001338	-368
-0.0001336	-376
-0.0001334	-368
-0.0001332	-368
-0.000133	-360
-0.0001328	-368
-0.0001326	-368
-0.0001324	-368
-0.0001322	-352
-0.000132	-352
-0.0001318	-368
-0.0001316	-360
-0.0001314	-368
-0.0001312	-360
-0.000131	-360
-0.0001308	-360
-0.0001306	-360
-0.0001304	-360
-0.0001302	-360
-0.00013	-352
-0.0001298	-368
-0.0001296	-368
-0.0001294	-352
-0.0001292	-368
-0.000129	-352
-0.0001288	-360
-0.0001286	-360
-0.0001284	-368
-0.0001282	-368
-0.000128	-360
-0.0001278	-360
-0.0001276	-360
-0.0001274	-368
-0.0001272	-352
-0.000127	-360
-0.0001268	-360
-0.0001266	-368
-0.0001264	-360
-0.0001262	-360
-0.000126	-360
-0.0001258	-352
-0.0001256	-368
-0.0001254	-360
-0.0001252	-360
-0.000125	-360
-0.0001248	-360
-0.0001246	-360
-0.0001244	-352
-0.0001242	-360
-0.000124	-352
-0.0001238	-360
-0.0001236	-360
-0.0001234	-352
-0.0001232	-360
-0.000123	-360
-0.0001228	-352
-0.0001226	-360
-0.0001224	-368
-0.0001222	-360
-0.000122	-360
-0.0001218	-360
-0.0001216	-352
-0.0001214	-352
-0.0001212	-352
-0.000121	-360
-0.0001208	-360
-0.0001206	-360
-0.0001204	-352
-0.0001202	-360
-0.00012	-352
-0.0001198	-360
-0.0001196	-360
-0.0001194	-360
-0.0001192	-360
-0.000119	-352
-0.0001188	-352
-0.0001186	-360
-0.0001184	56
-0.0001182	-40
-0.000118	104
-0.0001178	8
-0.0001176	64
-0.0001174	32
-0.0001172	56
-0.000117	40
-0.0001168	48
-0.0001166	48
-0.0001164	40
-0.0001162	56
-0.000116	48
-0.0001158	40
-0.0001156	40
-0.0001154	56
-0.0001152	48
-0.000115	56
-0.0001148	56
-0.0001146	48
-0.0001144	40
-0.0001142	-152
-0.000114	-248
-0.0001138	-352
-0.0001136	-408
-0.0001134	-464
-0.0001132	-448
-0.000113	-448
-0.0001128	-456
-0.0001126	-456
-0.0001124	-456
-0.0001122	-448
-0.000112	-456
-0.0001118	-448
-0.0001116	-456
-0.0001114	-456
-0.0001112	-456
-0.000111	-448
-0.0001108	-456
-0.0001106	-448
-0.0001104	-464
-0.0001102	-448
-0.00011	-448
-0.0001098	-448
-0.0001096	-456
-0.0001094	-456
-0.0001092	-456
-0.000109	-456
-0.0001088	-456
-0.0001086	-456
-0.0001084	-456
-0.0001082	-448
-0.000108	-448
-0.0001078	-456
-0.0001076	-448
-0.0001074	-440
-0.0001072	-448
-0.000107	-448
-0.0001068	-448
-0.0001066	-440
-0.0001064	-432
-0.0001062	-424
-0.000106	-432
-0.0001058	-432
-0.0001056	-424
-0.0001054	-424
-0.0001052	-416
-0.000105	-416
-0.0001048	-416
-0.0001046	-408
-0.0001044	-408
-0.0001042	-408
-0.000104	-400
-0.0001038	-400
-0.0001036	-408
-0.0001034	-408
-0.0001032	-392
-0.000103	-400
-0.0001028	-392
-0.0001026	-392
-0.0001024	-400
-0.0001022	-392
-0.000102	-384
-0.0001018	-392
-0.0001016	-392
-0.0001014	-376
-0.0001012	-384
-0.000101	-376
-0.0001008	-376
-0.0001006	-376
-0.0001004	-384
-0.0001002	-384
-0.0001	-368
-9.98e-05	-384
-9.96e-05	-384
-9.94e-05	-384
-9.92e-05	-376
-9.9e-05	-376
-9.88e-05	-376
-9.86e-05	-376
-9.84e-05	-368
-9.82e-05	-376
-9.8e-05	-376
-9.78e-05	-368
-9.76e-05	-376
-9.74e-05	-368
-9.72e-05	-368
-9.7e-05	-368
-9.68e-05	-376
-9.66e-05	-376
-9.64e-05	-368
-9.62e-05	-352
-9.6e-05	-368
-9.58e-05	-360
-9.56e-05	-368
-9.54e-05	-368
-9.52e-05	-368
-9.5e-05	-360
-9.48e-05	-360
-9.46e-05	-376
-9.44e-05	-360
-9.42e-05	-376
-9.4e-05	-360
-9.38e-05	-368
-9.36e-05	-368
-9.34e-05	-368
-9.32e-05	-368
-9.3e-05	-376
-9.28e-05	-360
-9.26e-05	-360
-9.24e-05	-360
-9.22e-05	-368
-9.2e-05	-360
-9.18e-05	-368
-9.16e-05	-360
-9.14e-05	-360
-9.12e-05	-368
-9.1e-05	-360
-9.08e-05	-352
-9.06e-05	-360
-9.04e-05	-368
-9.02e-05	-360
-9e-05	-360
-8.98e-05	-360
-8.96e-05	-360
-8.94e-05	-360
-8.92e-05	-368
-8.9e-05	-368
-8.88e-05	-368
-8.86e-05	-368
-8.84e-05	-360
-8.82e-05	-360
-8.8e-05	-368
-8.78e-05	-368
-8.76e-05	-352
-8.74e-05	-360
-8.72e-05	-360
-8.7e-05	-352
-8.68e-05	-360
-8.66e-05	-352
-8.64e-05	-368
-8.62e-05	-360
-8.6e-05	-360
-8.58e-05	-360
-8.56e-05	-360
-8.54e-05	-360
-8.52e-05	-360
-8.5e-05	-352
-8.48e-05	-368
-8.46e-05	-352
-8.44e-05	-360
-8.42e-05	-360
-8.4e-05	-352
-8.38e-05	-352
-8.36e-05	-368
-8.34e-05	-360
-8.32e-05	-360
-8.3e-05	-352
-8.28e-05	-360
-8.26e-05	-360
-8.24e-05	-352
-8.22e-05	-352
-8.2e-05	-360
-8.18e-05	-352
-8.16e-05	-352
-8.14e-05	-368
-8.12e-05	-360
-8.1e-05	-352
-8.08e-05	-360
-8.06e-05	-360
-8.04e-05	-352
-8.02e-05	-352
-8e-05	-360
-7.98e-05	-352
-7.96e-05	-360
-7.94e-05	-352
-7.92e-05	-352
-7.9e-05	-360
-7.88e-05	-360
-7.86e-05	-360
-7.84e-05	264
-7.82e-05	-48
-7.8e-05	72
-7.78e-05	32
-7.76e-05	40
-7.74e-05	40
-7.72e-05	48
-7.7e-05	48
-7.68e-05	40
-7.66e-05	56
-7.64e-05	48
-7.62e-05	56
-7.6e-05	48
-7.58e-05	48
-7.56e-05	48
-7.54e-05	40
-7.52e-05	48
-7.5e-05	56
-7.48e-05	48
-7.46e-05	40
-7.44e-05	-40
-7.42e-05	-168
-7.4e-05	-296
-7.38e-05	-376
-7.36e-05	-432
-7.34e-05	-456
-7.32e-05	-448
-7.3e-05	-448
-7.28e-05	-448
-7.26e-05	-456
-7.24e-05	-464
-7.22e-05	-448
-7.2e-05	-456
-7.18e-05	-464
-7.16e-05	-456
-7.14e-05	-448
-7.12e-05	-456
-7.1e-05	-448
-7.08e-05	-456
-7.06e-05	-456
-7.04e-05	-456
-7.02e-05	-456
-7e-05	-448
-6.98e-05	-456
-6.96e-05	-464
-6.94e-05	-456
-6.92e-05	-456
-6.9e-05	-456
-6.88e-05	-464
-6.86e-05	-456
-6.84e-05	-448
-6.82e-05	-456
-6.8e-05	-456
-6.78e-05	-456
-6.76e-05	-456
-6.74e-05	-448
-6.72e-05	-448
-6.7e-05	-440
-6.68e-05	-432
-6.66e-05	-432
-6.64e-05	-424
-6.62e-05	-440
-6.6e-05	-432
-6.58e-05	-432
-6.56e-05	-416
-6.54e-05	-416
-6.52e-05	-408
-6.5e-05	-416
-6.48e-05	-408
-6.46e-05	-408
-6.44e-05	-408
-6.42e-05	-408
-6.4e-05	-392
-6.38e-05	-400
-6.36e-05	-400
-6.34e-05	-400
-6.32e-05	-400
-6.3e-05	-392
-6.28e-05	-392
-6.26e-05	-392
-6.24e-05	-392
-6.22e-05	-384
-6.2e-05	-392
-6.18e-05	-384
-6.16e-05	-392
-6.14e-05	-376
-6.12e-05	-384
-6.1e-05	-376
-6.08e-05	-376
-6.06e-05	-368
-6.04e-05	-376
-6.02e-05	-376
-6e-05	-384
-5.98e-05	-376
-5.96e-05	-376
-5.94e-05	-376
-5.92e-05	-376
-5.9e-05	-384
-5.88e-05	-376
-5.86e-05	-368
-5.84e-05	-376
-5.82e-05	-368
-5.8e-05	-376
-5.78e-05	-360
-5.76e-05	-368
-5.74e-05	-368
-5.72e-05	-368
-5.7e-05	-368
-5.68e-05	-360
-5.66e-05	-376
-5.64e-05	-368
-5.62e-05	-368
-5.6e-05	-368
-5.58e-05	-360
-5.56e-05	-368
-5.54e-05	-368
-5.52e-05	-368
-5.5e-05	-368
-5.48e-05	-360
-5.46e-05	-360
-5.44e-05	-368
-5.42e-05	-360
-5.4e-05	-368
-5.38e-05	-360
-5.36e-05	-368
-5.34e-05	-368
-5.32e-05	-360
-5.3e-05	-360
-5.28e-05	-368
-5.26e-05	-360
-5.24e-05	-360
-5.22e-05	-360
-5.2e-05	-360
-5.18e-05	-360
-5.16e-05	-368
-5.14e-05	-352
-5.12e-05	-368
-5.1e-05	-352
-5.08e-05	-360
-5.06e-05	-368
-5.04e-05	-368
-5.02e-05	-368
-5e-05	-360
-4.98e-05	-368
-4.96e-05	-360
-4.94e-05	-368
-4.92e-05	-360
-4.9e-05	-360
-4.88e-05	-360
-4.86e-05	-360
-4.84e-05	-360
-4.82e-05	-360
-4.8e-05	-352
-4.78e-05	-352
-4.76e-05	-360
-4.74e-05	-352
-4.72e-05	-360
-4.7e-05	-360
-4.68e-05	-360
-4.66e-05	-360
-4.64e-05	-360
-4.62e-05	-352
-4.6e-05	-352
-4.58e-05	-352
-4.56e-05	-368
-4.54e-05	-352
-4.52e-05	-352
-4.5e-05	-352
-4.48e-05	-360
-4.46e-05	-368
-4.44e-05	-352
-4.42e-05	-360
-4.4e-05	-368
-4.38e-05	-360
-4.36e-05	-360
-4.34e-05	-360
-4.32e-05	-360
-4.3e-05	-368
-4.28e-05	-360
-4.26e-05	-360
-4.24e-05	-360
-4.22e-05	-360
-4.2e-05	-352
-4.18e-05	-360
-4.16e-05	-352
-4.14e-05	-352
-4.12e-05	-352
-4.1e-05	-352
-4.08e-05	-352
-4.06e-05	-352
-4.04e-05	-352
-4.02e-05	-352
-4e-05	-352
-3.98e-05	-352
-3.96e-05	-368
-3.94e-05	-360
-3.92e-05	-360
-3.9e-05	-360
-3.88e-05	-352
-3.86e-05	-216
-3.84e-05	48
-3.82e-05	80
-3.8e-05	16
-3.78e-05	64
-3.76e-05	32
-3.74e-05	56
-3.72e-05	32
-3.7e-05	56
-3.68e-05	40
-3.66e-05	48
-3.64e-05	48
-3.62e-05	56
-3.6e-05	40
-3.58e-05	48
-3.56e-05	40
-3.54e-05	40
-3.52e-05	48
-3.5e-05	40
-3.48e-05	40
-3.46e-05	40
-3.44e-05	-112
-3.42e-05	-224
-3.4e-05	-328
-3.38e-05	-400
-3.36e-05	-456
-3.34e-05	-456
-3.32e-05	-456
-3.3e-05	-448
-3.28e-05	-464
-3.26e-05	-448
-3.24e-05	-456
-3.22e-05	-448
-3.2e-05	-448
-3.18e-05	-456
-3.16e-05	-456
-3.14e-05	-456
-3.12e-05	-456
-3.1e-05	-456
-3.08e-05	-456
-3.06e-05	-456
-3.04e-05	-456
-3.02e-05	-456
-3e-05	-456
-2.98e-05	-448
-2.96e-05	-456
-2.94e-05	-464
-2.92e-05	-456
-2.9e-05	-456
-2.88e-05	-456
-2.86e-05	-456
-2.84e-05	-448
-2.82e-05	-456
-2.8e-05	-448
-2.78e-05	-456
-2.76e-05	-456
-2.74e-05	-448
-2.72e-05	-432
-2.7e-05	-440
-2.68e-05	-440
-2.66e-05	-432
-2.64e-05	-432
-2.62e-05	-432
-2.6e-05	-432
-2.58e-05	-432
-2.56e-05	-416
-2.54e-05	-424
-2.52e-05	-416
-2.5e-05	-408
-2.48e-05	-400
-2.46e-05	-408
-2.44e-05	-408
-2.42e-05	-400
-2.4e-05	-408
-2.38e-05	-408
-2.36e-05	-392
-2.34e-05	-408
-2.32e-05	-392
-2.3e-05	-392
-2.28e-05	-384
-2.26e-05	-392
-2.24e-05	-392
-2.22e-05	-392
-2.2e-05	-392
-2.18e-05	-384
-2.16e-05	-384
-2.14e-05	-384
-2.12e-05	-384
-2.1e-05	-376
-2.08e-05	-376
-2.06e-05	-384
-2.04e-05	-392
-2.02e-05	-376
-2e-05	-384
-1.98e-05	-376
-1.96e-05	-376
-1.94e-05	-368
-1.92e-05	-368
-1.9e-05	-384
-1.88e-05	-376
-1.86e-05	-368
-1.84e-05	-376
-1.82e-05	-376
-1.8e-05	-360
-1.78e-05	-368
-1.76e-05	-360
-1.74e-05	-368
-1.72e-05	-368
-1.7e-05	-368
-1.68e-05	-368
-1.66e-05	-368
-1.64e-05	-360
-1.62e-05	-368
-1.6e-05	-368
-1.58e-05	-360
-1.56e-05	-368
-1.54e-05	-376
-1.52e-05	-360
-1.5e-05	-360
-1.48e-05	-360
-1.46e-05	-368
-1.44e-05	-376
-1.42e-05	-368
-1.4e-05	-368
-1.38e-05	-368
-1.36e-05	-360
-1.34e-05	-368
-1.32e-05	-360
-1.3e-05	-368
-1.28e-05	-368
-1.26e-05	-360
-1.24e-05	-360
-1.22e-05	-360
-1.2e-05	-360
-1.18e-05	-360
-1.16e-05	-368
-1.14e-05	-368
-1.12e-05	-368
-1.1e-05	-368
-1.08e-05	-368
-1.06e-05	-368
-1.04e-05	-368
-1.02e-05	-368
-1e-05	-360
-9.8e-06	-368
-9.6e-06	-360
-9.4e-06	-360
-9.2e-06	-360
-9e-06	-360
-8.8e-06	-360
-8.6e-06	-360
-8.4e-06	-352
-8.2e-06	-344
-8e-06	-360
-7.8e-06	-352
-7.6e-06	-360
-7.4e-06	-344
-7.2e-06	-352
-7e-06	-360
-6.8e-06	-352
-6.6e-06	-352
-6.4e-06	-360
-6.2e-06	-360
-6e-06	-360
-5.8e-06	-352
-5.6e-06	-352
-5.4e-06	-352
-5.2e-06	-360
-5e-06	-352
-4.8e-06	-352
-4.6e-06	-352
-4.4e-06	-360
-4.2e-06	-352
-4e-06	-360
-3.8e-06	-352
-3.6e-06	-360
-3.4e-06	-360
-3.2e-06	-360
-3e-06	-360
-2.8e-06	-360
-2.6e-06	-352
-2.4e-06	-352
-2.2e-06	-360
-2e-06	-360
-1.8e-06	-360
-1.6e-06	-360
-1.4e-06	-360
-1.2e-06	-352
-1e-06	-344
-8e-07	-360
-6e-07	-360
-4e-07	-360
-2e-07	-352
0	-352
2e-07	-360
4e-07	-360
6e-07	-360
8e-07	-352
1e-06	-360
1.2e-06	-352
1.4e-06	248
1.6e-06	-88
1.8e-06	96
2e-06	8
2.2e-06	64
2.4e-06	40
2.6e-06	48
2.8e-06	32
3e-06	48
3.2e-06	48
3.4e-06	56
3.6e-06	48
3.8e-06	48
4e-06	48
4.2e-06	40
4.4e-06	32
4.6e-06	48
4.8e-06	48
5e-06	32
5.2e-06	48
5.4e-06	8
5.6e-06	-160
5.8e-06	-288
6e-06	-360
6.2e-06	-424
6.4e-06	-448
6.6e-06	-448
6.8e-06	-448
7e-06	-456
7.2e-06	-456
7.4e-06	-456
7.6e-06	-448
7.8e-06	-456
8e-06	-448
8.2e-06	-448
8.4e-06	-456
8.6e-06	-456
8.8e-06	-448
9e-06	-448
9.2e-06	-464
9.4e-06	-456
9.6e-06	-456
9.8e-06	-464
1e-05	-456
1.02e-05	-456
1.04e-05	-448
1.06e-05	-456
1.08e-05	-448
1.1e-05	-456
1.12e-05	-456
1.14e-05	-456
1.16e-05	-448
1.18e-05	-456
1.2e-05	-464
1.22e-05	-456
1.24e-05	-440
1.26e-05	-448
1.28e-05	-440
1.3e-05	-440
1.32e-05	-432
1.34e-05	-432
1.36e-05	-432
1.38e-05	-424
1.4e-05	-424
1.42e-05	-424
1.44e-05	-408
1.46e-05	-416
1.48e-05	-408
1.5e-05	-408
1.52e-05	-416
1.54e-05	-416
1.56e-05	-400
1.58e-05	-416
1.6e-05	-408
1.62e-05	-408
1.64e-05	-400
1.66e-05	-400
1.68e-05	-392
1.7e-05	-392
1.72e-05	-392
1.74e-05	-376
1.76e-05	-392
1.78e-05	-384
1.8e-05	-384
1.82e-05	-384
1.84e-05	-384
1.86e-05	-368
1.88e-05	-376
1.9e-05	-384
1.92e-05	-384
1.94e-05	-384
1.96e-05	-376
1.98e-05	-384
2e-05	-376
2.02e-05	-376
2.04e-05	-368
2.06e-05	-376
2.08e-05	-368
2.1e-05	-376
2.12e-05	-376
2.14e-05	-376
2.16e-05	-376
2.18e-05	-368
2.2e-05	-360
2.22e-05	-368
2.24e-05	-360
2.26e-05	-368
2.28e-05	-368
2.3e-05	-368
2.32e-05	-368
2.34e-05	-376
2.36e-05	-360
2.38e-05	-368
2.4e-05	-360
2.42e-05	-368
2.44e-05	-360
2.46e-05	-360
2.48e-05	-360
2.5e-05	-360
2.52e-05	-368
2.54e-05	-376
2.56e-05	-368
2.58e-05	-376
2.6e-05	-368
2.62e-05	-368
2.64e-05	-368
2.66e-05	-360
2.68e-05	-360
2.7e-05	-352
2.72e-05	-368
2.74e-05	-360
2.76e-05	-360
2.78e-05	-360
2.8e-05	-360
2.82e-05	-352
2.84e-05	-360
2.86e-05	-360
2.88e-05	-360
2.9e-05	-368
2.92e-05	-360
2.94e-05	-352
2.96e-05	-360
2.98e-05	-368
3e-05	-360
3.02e-05	-368
3.04e-05	-368
3.06e-05	-360
3.08e-05	-368
3.1e-05	-360
3.12e-05	-360
3.14e-05	-360
3.16e-05	-368
3.18e-05	-368
3.2e-05	-360
3.22e-05	-352
3.24e-05	-352
3.26e-05	-360
3.28e-05	-352
3.3e-05	-352
3.32e-05	-360
3.34e-05	-352
3.36e-05	-360
3.38e-05	-360
3.4e-05	-352
3.42e-05	-360
3.44e-05	-352
3.46e-05	-360
3.48e-05	-360
3.5e-05	-360
3.52e-05	-352
3.54e-05	-352
3.56e-05	-360
3.58e-05	-344
3.6e-05	-352
3.62e-05	-360
3.64e-05	-352
3.66e-05	-352
3.68e-05	-360
3.7e-05	-360
3.72e-05	-352
3.74e-05	-360
3.76e-05	-360
3.78e-05	-352
3.8e-05	-360
3.82e-05	-352
3.84e-05	-352
3.86e-05	-352
3.88e-05	-360
3.9e-05	-360
3.92e-05	-360
3.94e-05	-352
3.96e-05	-352
3.98e-05	-352
4e-05	-360
4.02e-05	-352
4.04e-05	-352
4.06e-05	-360
4.08e-05	-352
4.1e-05	-352
4.12e-05	-352
4.14e-05	152
4.16e-05	40
4.18e-05	40
4.2e-05	72
4.22e-05	40
4.24e-05	48
4.26e-05	40
4.28e-05	48
4.3e-05	48
4.32e-05	48
4.34e-05	48
4.36e-05	48
4.38e-05	48
4.4e-05	40
4.42e-05	40
4.44e-05	40
4.46e-05	40
4.48e-05	48
4.5e-05	48
4.52e-05	56
4.54e-05	-80
4.56e-05	-192
4.58e-05	-312
4.6e-05	-392
4.62e-05	-440
4.64e-05	-456
4.66e-05	-464
4.68e-05	-448
4.7e-05	-464
4.72e-05	-464
4.74e-05	-448
4.76e-05	-456
4.78e-05	-448
4.8e-05	-456
4.82e-05	-448
4.84e-05	-456
4.86e-05	-448
4.88e-05	-456
4.9e-05	-456
4.92e-05	-456
4.94e-05	-456
4.96e-05	-456
4.98e-05	-472
5e-05	-456
5.02e-05	-456
5.04e-05	-448
5.06e-05	-456
5.08e-05	-448
5.1e-05	-464
5.12e-05	-456
5.14e-05	-456
5.16e-05	-456
5.18e-05	-456
5.2e-05	-456
5.22e-05	-448
5.24e-05	-440
5.26e-05	-448
5.28e-05	-440
5.3e-05	-432
5.32e-05	-440
5.34e-05	-440
5.36e-05	-432
5.38e-05	-424
5.4e-05	-424
5.42e-05	-416
5.44e-05	-424
5.46e-05	-416
5.48e-05	-416
5.5e-05	-424
5.52e-05	-408
5.54e-05	-416
5.56e-05	-400
5.58e-05	-416
5.6e-05	-392
5.62e-05	-400
5.64e-05	-392
5.66e-05	-392
5.68e-05	-392
5.7e-05	-384
5.72e-05	-400
5.74e-05	-392
5.76e-05	-384
5.78e-05	-384
5.8e-05	-392
5.82e-05	-376
5.84e-05	-384
5.86e-05	-384
5.88e-05	-384
5.9e-05	-376
5.92e-05	-384
5.94e-05	-384
5.96e-05	-384
5.98e-05	-384
6e-05	-368
6.02e-05	-384
6.04e-05	-376
6.06e-05	-368
6.08e-05	-368
6.1e-05	-376
6.12e-05	-376
6.14e-05	-376
6.16e-05	-376
6.18e-05	-368
6.2e-05	-368
6.22e-05	-368
6.24e-05	-368
6.26e-05	-368
6.28e-05	-360
6.3e-05	-368
6.32e-05	-376
6.34e-05	-368
6.36e-05	-376
6.38e-05	-368
6.4e-05	-368
6.42e-05	-368
6.44e-05	-360
6.46e-05	-368
6.48e-05	-368
6.5e-05	-368
6.52e-05	-360
6.54e-05	-368
6.56e-05	-360
6.58e-05	-360
6.6e-05	-368
6.62e-05	-368
6.64e-05	-360
6.66e-05	-352
6.68e-05	-360
6.7e-05	-360
6.72e-05	-368
6.74e-05	-360
6.76e-05	-368
6.78e-05	-360
6.8e-05	-360
6.82e-05	-360
6.84e-05	-360
6.86e-05	-360
6.88e-05	-360
6.9e-05	-360
6.92e-05	-368
6.94e-05	-360
6.96e-05	-360
6.98e-05	-360
7e-05	-360
7.02e-05	-360
7.04e-05	-360
7.06e-05	-360
7.08e-05	-352
7.1e-05	-360
7.12e-05	-360
7.14e-05	-360
7.16e-05	-360
7.18e-05	-352
7.2e-05	-360
7.22e-05	-352
7.24e-05	-360
7.26e-05	-360
7.28e-05	-360
7.3e-05	-360
7.32e-05	-360
7.34e-05	-352
7.36e-05	-360
7.38e-05	-352
7.4e-05	-360
7.42e-05	-360
7.44e-05	-360
7.46e-05	-360
7.48e-05	-368
7.5e-05	-352
7.52e-05	-352
7.54e-05	-352
7.56e-05	-360
7.58e-05	-360
7.6e-05	-360
7.62e-05	-352
7.64e-05	-352
7.66e-05	-360
7.68e-05	-360
7.7e-05	-352
7.72e-05	-352
7.74e-05	-352
7.76e-05	-360
7.78e-05	-360
7.8e-05	-360
7.82e-05	-352
7.84e-05	-360
7.86e-05	-360
7.88e-05	-360
7.9e-05	-352
7.92e-05	-360
7.94e-05	-360
7.96e-05	-352
7.98e-05	-352
8e-05	-352
8.02e-05	-360
8.04e-05	-352
8.06e-05	-344
8.08e-05	-360
8.1e-05	-352
8.12e-05	104
8.14e-05	-72
8.16e-05	104
8.18e-05	8
8.2e-05	72
8.22e-05	32
8.24e-05	64
8.26e-05	48
8.28e-05	48
8.3e-05	40
8.32e-05	48
8.34e-05	40
8.36e-05	48
8.38e-05	48
8.4e-05	40
8.42e-05	48
8.44e-05	56
8.46e-05	48
8.48e-05	40
8.5e-05	40
8.52e-05	40
8.54e-05	-152
8.56e-05	-248
8.58e-05	-344
8.6e-05	-408
8.62e-05	-456
8.64e-05	-448
8.66e-05	-456
8.68e-05	-456
8.7e-05	-456
8.72e-05	-448
8.74e-05	-456
8.76e-05	-456
8.78e-05	-448
8.8e-05	-448
8.82e-05	-448
8.84e-05	-456
8.86e-05	-456
8.88e-05	-456
8.9e-05	-456
8.92e-05	-456
8.94e-05	-456
8.96e-05	-448
8.98e-05	-456
9e-05	-448
9.02e-05	-456
9.04e-05	-448
9.06e-05	-456
9.08e-05	-464
9.1e-05	-448
9.12e-05	-448
9.14e-05	-448
9.16e-05	-456
9.18e-05	-456
9.2e-05	-448
9.22e-05	-456
9.24e-05	-448
9.26e-05	-440
9.28e-05	-432
9.3e-05	-448
9.32e-05	-432
9.34e-05	-440
9.36e-05	-432
9.38e-05	-432
9.4e-05	-408
9.42e-05	-416
9.44e-05	-416
9.46e-05	-416
9.48e-05	-400
9.5e-05	-416
9.52e-05	-400
9.54e-05	-416
9.56e-05	-400
9.58e-05	-400
9.6e-05	-408
9.62e-05	-400
9.64e-05	-400
9.66e-05	-384
9.68e-05	-400
9.7e-05	-384
9.72e-05	-392
9.74e-05	-384
9.76e-05	-384
9.78e-05	-392
9.8e-05	-384
9.82e-05	-384
9.84e-05	-392
9.86e-05	-384
9.88e-05	-376
9.9e-05	-384
9.92e-05	-384
9.94e-05	-384
9.96e-05	-376
9.98e-05	-376
0.0001	-376
0.0001002	-376
0.0001004	-376
0.0001006	-376
0.0001008	-376
0.000101	-368
0.0001012	-376
0.0001014	-368
0.0001016	-360
0.0001018	-376
0.000102	-368
0.0001022	-368
0.0001024	-368
0.0001026	-376
0.0001028	-368
0.000103	-368
0.0001032	-368
0.0001034	-376
0.0001036	-368
0.0001038	-368
0.000104	-368
0.0001042	-360
0.0001044	-368
0.0001046	-368
0.0001048	-368
0.000105	-368
0.0001052	-360
0.0001054	-352
0.0001056	-360
0.0001058	-360
0.000106	-360
0.0001062	-352
0.0001064	-360
0.0001066	-360
0.0001068	-360
0.000107	-368
0.0001072	-360
0.0001074	-360
0.0001076	-368
0.0001078	-360
0.000108	-352
0.0001082	-352
0.0001084	-360
0.0001086	-360
0.0001088	-352
0.000109	-360
0.0001092	-360
0.0001094	-368
0.0001096	-360
0.0001098	-360
0.00011	-360
0.0001102	-360
0.0001104	-360
0.0001106	-360
0.0001108	-360
0.000111	-368
0.0001112	-360
0.0001114	-344
0.0001116	-352
0.0001118	-360
0.000112	-352
0.0001122	-352
0.0001124	-352
0.0001126	-352
0.0001128	-360
0.000113	-360
0.0001132	-360
0.0001134	-360
0.0001136	-360
0.0001138	-360
0.000114	-360
0.0001142	-352
0.0001144	-352
0.0001146	-360
0.0001148	-360
0.000115	-360
0.0001152	-352
0.0001154	-360
0.0001156	-352
0.0001158	-352
0.000116	-352
0.0001162	-360
0.0001164	-344
0.0001166	-360
0.0001168	-344
0.000117	-344
0.0001172	-352
0.0001174	-352
0.0001176	-352
0.0001178	-360
0.000118	-352
0.0001182	-360
0.0001184	-360
0.0001186	-360
0.0001188	-352
0.000119	-352
0.0001192	-360
0.0001194	-360
0.0001196	-352
0.0001198	-352
0.00012	-360
0.0001202	-360
0.0001204	-360
0.0001206	-360
0.0001208	-352
0.000121	-360
0.0001212	264
0.0001214	-32
0.0001216	64
0.0001218	40
0.000122	40
0.0001222	48
0.0001224	40
0.0001226	48
0.0001228	48
0.000123	40
0.0001232	40
0.0001234	40
0.0001236	40
0.0001238	40
0.000124	48
0.0001242	48
0.0001244	48
0.0001246	48
0.0001248	40
0.000125	48
0.0001252	-24
0.0001254	-176
0.0001256	-304
0.0001258	-384
0.000126	-448
0.0001262	-464
0.0001264	-456
0.0001266	-448
0.0001268	-448
0.000127	-448
0.0001272	-456
0.0001274	-464
0.0001276	-456
0.0001278	-448
0.000128	-448
0.0001282	-464
0.0001284	-456
0.0001286	-448
0.0001288	-448
0.000129	-448
0.0001292	-456
0.0001294	-440
0.0001296	-448
0.0001298	-448
0.00013	-456
0.0001302	-456
0.0001304	-456
0.0001306	-448
0.0001308	-456
0.000131	-464
0.0001312	-456
0.0001314	-448
0.0001316	-448
0.0001318	-456
0.000132	-448
0.0001322	-440
0.0001324	-448
0.0001326	-432
0.0001328	-432
0.000133	-432
0.0001332	-432
0.0001334	-416
0.0001336	-424
0.0001338	-432
0.000134	-424
0.0001342	-416
0.0001344	-408
0.0001346	-424
0.0001348	-400
0.000135	-408
0.0001352	-408
0.0001354	-400
0.0001356	-408
0.0001358	-400
0.000136	-392
0.0001362	-400
0.0001364	-400
0.0001366	-392
0.0001368	-392
0.000137	-392
0.0001372	-384
0.0001374	-392
0.0001376	-384
0.0001378	-392
0.000138	-392
0.0001382	-384
0.0001384	-376
0.0001386	-376
0.0001388	-376
0.000139	-384
0.0001392	-376
0.0001394	-376
0.0001396	-376
0.0001398	-368
0.00014	-384
0.0001402	-384
0.0001404	-376
0.0001406	-376
0.0001408	-376
0.000141	-368
0.0001412	-368
0.0001414	-368
0.0001416	-376
0.0001418	-368
0.000142	-368
0.0001422	-368
0.0001424	-376
0.0001426	-360
0.0001428	-376
0.000143	-368
0.0001432	-376
0.0001434	-360
0.0001436	-360
0.0001438	-360
0.000144	-368
0.0001442	-368
0.0001444	-368
0.0001446	-368
0.0001448	-368
0.000145	-352
0.0001452	-368
0.0001454	-360
0.0001456	-360
0.0001458	-360
0.000146	-360
0.0001462	-360
0.0001464	-352
0.0001466	-360
0.0001468	-360
0.000147	-368
0.0001472	-368
0.0001474	-360
0.0001476	-360
0.0001478	-368
0.000148	-360
0.0001482	-352
0.0001484	-360
0.0001486	-360
0.0001488	-368
0.000149	-360
0.0001492	-352
0.0001494	-352
0.0001496	-360
0.0001498	-360
0.00015	-352
0.0001502	-360
0.0001504	-360
0.0001506	-352
0.0001508	-360
0.000151	-360
0.0001512	-352
0.0001514	-352
0.0001516	-352
0.0001518	-360
0.000152	-360
0.0001522	-352
0.0001524	-352
0.0001526	-352
0.0001528	-352
0.000153	-352
0.0001532	-360
0.0001534	-352
0.0001536	-344
0.0001538	-360
0.000154	-360
0.0001542	-352
0.0001544	-360
0.0001546	-352
0.0001548	-360
0.000155	-360
0.0001552	-352
0.0001554	-360
0.0001556	-344
0.0001558	-360
0.000156	-360
0.0001562	-352
0.0001564	-352
0.0001566	-344
0.0001568	-352
0.000157	-344
0.0001572	-352
0.0001574	-352
0.0001576	-360
0.0001578	-352
0.000158	-360
0.0001582	-344
0.0001584	-360
0.0001586	-360
0.0001588	-360
0.000159	-352
0.0001592	-344
0.0001594	-352
0.0001596	-344
0.0001598	-360
0.00016	-352
0.0001602	-360
0.0001604	-352
0.0001606	-352
0.0001608	-352
0.000161	-152
0.0001612	32
0.0001614	88
0.0001616	16
0.0001618	64
0.000162	32
0.0001622	56
0.0001624	40
0.0001626	40
0.0001628	32
0.000163	40
0.0001632	48
0.0001634	40
0.0001636	48
0.0001638	40
0.000164	48
0.0001642	48
0.0001644	40
0.0001646	40
0.0001648	48
0.000165	48
0.0001652	-120
0.0001654	-224
0.0001656	-328
0.0001658	-400
0.000166	-448
0.0001662	-448
0.0001664	-448
0.0001666	-448
0.0001668	-456
0.000167	-456
0.0001672	-448
0.0001674	-448
0.0001676	-456
0.0001678	-456
0.000168	-440
0.0001682	-456
0.0001684	-456
0.0001686	-464
0.0001688	-448
0.000169	-448
0.0001692	-448
0.0001694	-448
0.0001696	-448
0.0001698	-448
0.00017	-456
0.0001702	-456
0.0001704	-456
0.0001706	-456
0.0001708	-448
0.000171	-456
0.0001712	-456
0.0001714	-464
0.0001716	-448
0.0001718	-448
0.000172	-448
0.0001722	-448
0.0001724	-440
0.0001726	-440
0.0001728	-432
0.000173	-432
0.0001732	-432
0.0001734	-432
0.0001736	-424
0.0001738	-424
0.000174	-424
0.0001742	-416
0.0001744	-408
0.0001746	-424
0.0001748	-392
0.000175	-400
0.0001752	-400
0.0001754	-416
0.0001756	-408
0.0001758	-392
0.000176	-400
0.0001762	-392
0.0001764	-400
0.0001766	-384
0.0001768	-392
0.000177	-392
0.0001772	-376
0.0001774	-392
0.0001776	-392
0.0001778	-384
0.000178	-376
0.0001782	-384
0.0001784	-384
0.0001786	-384
0.0001788	-376
0.000179	-368
0.0001792	-368
0.0001794	-376
0.0001796	-376
0.0001798	-376
0.00018	-376
0.0001802	-376
0.0001804	-368
0.0001806	-368
0.0001808	-360
0.000181	-376
0.0001812	-368
0.0001814	-368
0.0001816	-368
0.0001818	-368
0.000182	-376
0.0001822	-368
0.0001824	-368
0.0001826	-360
0.0001828	-368
0.000183	-368
0.0001832	-368
0.0001834	-352
0.0001836	-368
0.0001838	-360
0.000184	-376
0.0001842	-368
0.0001844	-360
0.0001846	-360
0.0001848	-368
0.000185	-376
0.0001852	-368
0.0001854	-360
0.0001856	-360
0.0001858	-360
0.000186	-360
0.0001862	-360
0.0001864	-360
0.0001866	-352
0.0001868	-352
0.000187	-352
0.0001872	-360
0.0001874	-360
0.0001876	-368
0.0001878	-352
0.000188	-360
0.0001882	-368
0.0001884	-360
0.0001886	-360
0.0001888	-360
0.000189	-368
0.0001892	-368
0.0001894	-360
0.0001896	-352
0.0001898	-360
0.00019	-360
0.0001902	-352
0.0001904	-352
0.0001906	-360
0.0001908	-360
0.000191	-360
0.0001912	-360
0.0001914	-352
0.0001916	-360
0.0001918	-352
0.000192	-360
0.0001922	-352
0.0001924	-352
0.0001926	-360
0.0001928	-352
0.000193	-360
0.0001932	-360
0.0001934	-360
0.0001936	-360
0.0001938	-352
0.000194	-360
0.0001942	-352
0.0001944	-360
0.0001946	-360
0.0001948	-352
0.000195	-352
0.0001952	-360
0.0001954	-352
0.0001956	-352
0.0001958	-360
0.000196	-352
0.0001962	-352
0.0001964	-352
0.0001966	-360
0.0001968	-352
0.000197	-344
0.0001972	-344
0.0001974	-352
0.0001976	-360
0.0001978	-352
0.000198	-352
0.0001982	-352
0.0001984	-360
0.0001986	-360
0.0001988	-360
0.000199	-352
0.0001992	-344
0.0001994	-352
0.0001996	-352
0.0001998	-344
0.0002	-352
0.0002002	-352
0.0002004	-360
0.0002006	-352
0.0002008	-352
0.000201	248
0.0002012	-88
0.0002014	88
0.0002016	24
0.0002018	56
0.000202	48
0.0002022	56
0.0002024	40
0.0002026	40
0.0002028	40
0.000203	48
0.0002032	48
0.0002034	48
0.0002036	48
0.0002038	48
0.000204	32
0.0002042	48
0.0002044	48
0.0002046	40
0.0002048	48
0.000205	16
0.0002052	-168
0.0002054	-280
0.0002056	-376
0.0002058	-416
0.000206	-448
0.0002062	-440
0.0002064	-456
0.0002066	-448
0.0002068	-448
0.000207	-456
0.0002072	-440
0.0002074	-464
0.0002076	-448
0.0002078	-456
0.000208	-456
0.0002082	-456
0.0002084	-448
0.0002086	-448
0.0002088	-456
0.000209	-456
0.0002092	-448
0.0002094	-456
0.0002096	-448
0.0002098	-448
0.00021	-456
0.0002102	-448
0.0002104	-448
0.0002106	-456
0.0002108	-456
0.000211	-464
0.0002112	-456
0.0002114	-448
0.0002116	-448
0.0002118	-456
0.000212	-440
0.0002122	-448
0.0002124	-440
0.0002126	-432
0.0002128	-432
0.000213	-432
0.0002132	-424
0.0002134	-432
0.0002136	-424
0.0002138	-424
0.000214	-408
0.0002142	-424
0.0002144	-416
0.0002146	-408
0.0002148	-408
0.000215	-400
0.0002152	-400
0.0002154	-400
0.0002156	-400
0.0002158	-400
0.000216	-400
0.0002162	-392
0.0002164	-400
0.0002166	-384
0.0002168	-384
0.000217	-384
0.0002172	-392
0.0002174	-384
0.0002176	-384
0.0002178	-384
0.000218	-384
0.0002182	-376
0.0002184	-384
0.0002186	-384
0.0002188	-384
0.000219	-376
0.0002192	-384
0.0002194	-368
0.0002196	-376
0.0002198	-376
0.00022	-376
0.0002202	-368
0.0002204	-368
0.0002206	-368
0.0002208	-376
0.000221	-376
0.0002212	-368
0.0002214	-376
0.0002216	-368
0.0002218	-360
0.000222	-368
0.0002222	-360
0.0002224	-368
0.0002226	-368
0.0002228	-376
0.000223	-368
0.0002232	-360
0.0002234	-368
0.0002236	-368
0.0002238	-368
0.000224	-368
0.0002242	-360
0.0002244	-368
0.0002246	-368
0.0002248	-368
0.000225	-360
0.0002252	-368
0.0002254	-360
0.0002256	-360
0.0002258	-360
0.000226	-360
0.0002262	-360
0.0002264	-368
0.0002266	-360
0.0002268	-368
0.000227	-368
0.0002272	-360
0.0002274	-360
0.0002276	-352
0.0002278	-360
0.000228	-360
0.0002282	-360
0.0002284	-360
0.0002286	-352
0.0002288	-368
0.000229	-360
0.0002292	-360
0.0002294	-352
0.0002296	-352
0.0002298	-360
0.00023	-360
0.0002302	-360
0.0002304	-352
0.0002306	-360
0.0002308	-360
0.000231	-360
0.0002312	-352
0.0002314	-352
0.0002316	-360
0.0002318	-352
0.000232	-344
0.0002322	-360
0.0002324	-352
0.0002326	-360
0.0002328	-352
0.000233	-360
0.0002332	-360
0.0002334	-352
0.0002336	-352
0.0002338	-352
0.000234	-360
0.0002342	-360
0.0002344	-360
0.0002346	-360
0.0002348	-360
0.000235	-344
0.0002352	-360
0.0002354	-360
0.0002356	-360
0.0002358	-360
0.000236	-352
0.0002362	-360
0.0002364	-360
0.0002366	-336
0.0002368	-344
0.000237	-360
0.0002372	-360
0.0002374	-360
0.0002376	-360
0.0002378	-360
0.000238	-352
0.0002382	-360
0.0002384	-352
0.0002386	-352
0.0002388	-344
0.000239	-344
0.0002392	-360
0.0002394	-360
0.0002396	-344
0.0002398	-352
0.00024	-352
0.0002402	-352
0.0002404	-344
0.0002406	-352
0.0002408	-344
0.000241	136
0.0002412	56
0.0002414	40
0.0002416	64
0.0002418	32
0.000242	40
0.0002422	40
0.0002424	48
0.0002426	48
0.0002428	40
0.000243	48
0.0002432	40
0.0002434	40
0.0002436	48
0.0002438	32
0.000244	48
0.0002442	48
0.0002444	40
0.0002446	48
0.0002448	40
0.000245	-80
0.0002452	-192
0.0002454	-312
0.0002456	-400
0.0002458	-432
0.000246	-448
0.0002462	-448
0.0002464	-440
0.0002466	-456
0.0002468	-464
0.000247	-456
0.0002472	-448
0.0002474	-440
0.0002476	-456
0.0002478	-456
0.000248	-448
0.0002482	-448
0.0002484	-440
0.0002486	-456
0.0002488	-440
0.000249	-464
0.0002492	-448
0.0002494	-456
0.0002496	-464
0.0002498	-456
0.00025	-456
0.0002502	-448
0.0002504	-448
0.0002506	-448
0.0002508	-440
0.000251	-448
0.0002512	-456
0.0002514	-456
0.0002516	-456
0.0002518	-456
0.000252	-448
0.0002522	-448
