0.0	560072.0
20000.000000000193	9910.53126851226
40000.000000000386	12591.656622162582
60000.00000000058	17513.546227201772
80000.00000000077	24965.511197039545
100000.00000000096	37158.26501374245
120000.00000000116	66992.90575321202
140000.00000000134	207166.68360729967
160000.00000000154	251782.91969289765
180000.00000000175	84271.98282796945
200000.00000000192	53100.91370395937
220000.00000000212	39287.54373353792
240000.00000000233	32064.66747976312
260000.0000000025	27893.497477111894
280000.0000000027	26005.464615749177
300000.0000000029	78244.83016118534
320000.0000000031	18148.362104908214
340000.00000000326	17973.038171613316
360000.0000000035	17475.60999939124
380000.00000000367	18655.65779110383
400000.00000000384	20819.249678736494
420000.0000000041	26319.159578975028
440000.00000000425	56052.76124569285
460000.0000000044	69521.94029767286
480000.00000000466	17524.899158125034
500000.00000000483	9450.887503261758
520000.000000005	7398.755462967538
540000.0000000052	5785.6455966745625
560000.0000000054	5036.307111859542
580000.0000000056	4426.721938331574
600000.0000000058	51342.55345256559
620000.0000000059	14382.04421976643
640000.0000000062	10048.644512007158
660000.0000000064	8952.055146534076
680000.0000000065	8128.358273626158
700000.0000000068	7752.416197016584
720000.000000007	9112.573879028718
740000.0000000071	16962.38304804404
760000.0000000073	32927.653858852966
780000.0000000076	10173.778053601767
800000.0000000077	7915.245571288617
820000.0000000079	7390.985106511401
840000.0000000081	7490.770310926436
860000.0000000083	8635.561755107461
880000.0000000085	11635.740387630905
900000.0000000087	47353.797755551095
920000.0000000088	7716.241898173668
940000.0000000091	2700.4113171419817
960000.0000000093	1969.613792581278
980000.0000000094	2327.0373349882066
1000000.0000000097	2702.7746506343633
1020000.0000000098	3454.928579271165
1040000.00000001	6037.4093640297715
1060000.0000000102	19771.64037088523
1080000.0000000105	5728.658965391258
1100000.0000000107	4887.018866896302
1120000.0000000107	4515.603509603948
1140000.000000011	4789.310628255521
1160000.0000000112	5445.654277149253
1180000.0000000114	7708.00304950375
1200000.0000000116	30645.83269906207
1220000.0000000119	10565.597260542225
1240000.0000000119	4748.942721336909
1260000.000000012	3244.5063308739855
1280000.0000000123	2719.0385629681573
1300000.0000000126	2206.8848966961996
1320000.0000000128	2408.6187085566407
1340000.0000000128	4643.099059289333
1360000.000000013	24368.35725317428
1380000.0000000133	5476.056664088636
1400000.0000000135	4464.324531109431
1420000.0000000137	3926.153133266274
1440000.000000014	3772.25177419243
1460000.000000014	4172.2446408955375
1480000.0000000142	5791.812656599354
1500000.0000000144	19066.096204975463
1520000.0000000147	10586.160340247392
1540000.000000015	4677.427597313666
1560000.0000000151	3367.8008372969857
1580000.0000000151	2826.5926034631834
1600000.0000000154	2494.7424439284687
1620000.0000000156	2235.488582686096
1640000.0000000158	3125.4442404506285
1660000.000000016	28361.962847078863
1680000.0000000163	5325.73478731352
1700000.0000000163	4014.8864200055655
1720000.0000000165	4245.160612310964
1740000.0000000168	3924.7954076047604
1760000.000000017	4277.241062333676
1780000.0000000172	6354.466175404822
1800000.0000000175	15651.84660278778
1820000.0000000175	8841.469157393769
1840000.0000000177	3239.893394078396
1860000.000000018	2294.5457807704584
1880000.0000000182	1871.8530811828282
1900000.0000000184	1851.4279100768745
1920000.0000000186	2084.390766874261
1940000.0000000186	2737.2759030301067
1960000.0000000189	25263.312471880912
1980000.000000019	1862.6279974499696
2000000.0000000193	1832.372334984359
2020000.0000000196	1389.4320813314412
2040000.0000000196	2240.0141386838313
2060000.0000000198	2570.8800101845213
2080000.00000002	4441.498021782029
2100000.00000002	14917.54628192068
2120000.0000000205	15720.685435510037
2140000.0000000205	6589.645339789984
2160000.000000021	4732.896309132354
2180000.000000021	3785.9579728970434
2200000.0000000214	3562.1128138187028
2220000.0000000214	3440.1798958970803
2240000.0000000214	3404.368383048435
2260000.000000022	28036.971761774515
2280000.000000022	2994.759008148301
2300000.0000000224	3058.4959342420684
2320000.0000000224	3786.4528386855277
2340000.0000000224	4557.302770175496
2360000.000000023	5299.341263268987
2380000.000000023	7464.072898400717
2400000.0000000233	18437.092417993732
2420000.0000000233	19923.01552533191
2440000.0000000237	5707.759653911792
2460000.0000000237	3053.957505583519
2480000.0000000237	2153.1645528444187
2500000.000000024	1983.4759618930289
2520000.000000024	1773.55868499496
2540000.0000000247	3226.570445252462
2560000.0000000247	25684.36600346572
2580000.0000000247	1754.3109655158771
2600000.000000025	1103.8590326581113
2620000.000000025	999.6724009472603
2640000.0000000256	1200.3942507169631
2660000.0000000256	1873.4097836540886
2680000.0000000256	3791.457157191977
2700000.000000026	11327.57486877447
2720000.000000026	21329.3229455279
2740000.0000000265	7137.6281316607465
2760000.0000000265	4789.7721746893685
2780000.000000027	4280.310309445072
2800000.000000027	3916.8327987016332
2820000.000000027	4500.206523567876
2840000.0000000275	5412.96844346653
2860000.0000000275	26393.345790490912
2880000.000000028	2390.80223544261
2900000.000000028	880.1595144850279
2920000.000000028	1510.451616038015
2940000.0000000284	1966.129146232257
2960000.0000000284	2237.3194664541065
2980000.000000029	3362.4863800997728
3000000.000000029	6837.974215445645
3020000.0000000293	14138.579852456742
3040000.0000000293	3275.3926184370016
3060000.0000000293	2012.8725834650827
3080000.00000003	1602.0627887060855
3100000.00000003	1651.5262821211916
3120000.0000000303	2066.6465341920893
3140000.0000000303	2835.5151229246117
3160000.0000000303	17963.23520914252
3180000.0000000307	5263.661217014976
3200000.0000000307	2557.5862401659306
3220000.000000031	1739.1875654172911
3240000.000000031	1700.4258570315578
3260000.000000031	1367.6625083654667
3280000.0000000317	800.4060809209548
3300000.0000000317	3094.9566741818894
3320000.000000032	13328.148449569153
3340000.000000032	3859.367786555633
3360000.0000000326	3076.6984827268675
3380000.0000000326	2666.8404959598206
3400000.0000000326	2687.6961273266033
3420000.000000033	3065.937401113682
3440000.000000033	4474.064512383026
3460000.0000000335	12798.88262105294
3480000.0000000335	3153.132300782864
3500000.0000000335	487.28906844918276
3520000.000000034	324.7812508485781
3540000.000000034	1301.95261577856
3560000.0000000345	995.872384710526
3580000.0000000345	1689.336531762524
3600000.000000035	2983.6684053631907
3620000.000000035	10386.532802411171
3640000.000000035	1305.794327940892
3660000.0000000354	495.35817336817183
3680000.0000000354	254.73880588825227
3700000.000000036	632.1735375590256
3720000.000000036	329.5595245549818
3740000.000000036	935.7714895130123
3760000.0000000363	4820.405934695235
3780000.0000000363	3623.430053561735
3800000.000000037	1391.8813371089504
3820000.000000037	1649.196576782005
3840000.0000000373	1197.3959080727464
3860000.0000000373	771.895059214645
3880000.0000000373	735.0617992179004
3900000.0000000377	260.24885322767904
3920000.0000000377	10377.638856713322
3940000.000000038	2448.802391088709
3960000.000000038	1577.6307135610473
3980000.000000038	1803.4943870323195
4000000.0000000386	1604.463552027721
4020000.0000000386	1964.3840771313533
4040000.000000039	2090.0170928563216
4060000.000000039	4127.348808890842
4080000.000000039	1249.3202930488997
4100000.0000000396	409.4792420202081
4120000.0000000396	660.6667389637845
4140000.00000004	624.3605267839259
4160000.00000004	662.4385898752754
4180000.0000000405	903.4615289462038
4200000.00000004	1303.567847299639
4220000.000000041	6761.351059785728
4240000.000000041	594.9187538614465
4260000.000000041	756.9782572181941
4280000.000000041	629.9606662688532
4300000.000000042	305.0664004452454
4320000.000000042	244.65287435352792
4340000.000000042	68.29778777655453
4360000.000000042	1712.5554281392124
4380000.000000042	3168.3278251803276
4400000.000000043	1800.317387319826
4420000.000000043	1015.5550845575182
4440000.000000043	1104.7709927670771
4460000.000000043	1311.068147089162
4480000.000000043	923.8180072380203
4500000.000000044	1068.7197231390765
4520000.000000044	5262.274793235523
4540000.000000044	923.8852361732834
4560000.000000044	1098.5671063110208
4580000.000000044	1085.059977143048
4600000.000000045	1307.2466732248513
4620000.000000045	1414.663887301493
4640000.000000045	1503.7525315319424
4660000.000000045	2369.7601388171065
4680000.000000045	1690.7822470480328
4700000.000000046	322.0638536761415
4720000.000000046	604.997595908168
4740000.000000046	591.1292653436041
4760000.000000046	764.8564670520153
4780000.000000046	767.7417514984027
4800000.000000047	848.0341755155196
4820000.000000047	2424.619829188974
4840000.000000047	555.3950860878954
4860000.000000047	541.2008329385555
4880000.0000000475	686.7309675470993
4900000.0000000475	494.02929001192103
4920000.0000000475	671.8706598376441
4940000.0000000475	834.5397673320657
4960000.0000000475	1062.7175125510223
4980000.000000048	2679.724262744823
5000000.000000048	1237.2543479272529
5020000.000000048	1246.53259278716
5040000.000000048	1149.0989295804457
5060000.000000048	624.8800464421889
5080000.000000049	679.7942958012069
5100000.000000049	899.2177731691987
5120000.000000049	2471.5332855563584
5140000.000000049	848.1387536146041
5160000.000000049	441.0514727008327
5180000.00000005	692.1154203396006
5200000.00000005	832.7599613000664
5220000.00000005	976.0701077317685
5240000.00000005	742.8177678068588
5260000.00000005	1383.9735827066522
5280000.000000051	3536.1647568821577
5300000.000000051	1479.6647358189266
5320000.000000051	904.0145295368054
5340000.000000051	1221.9643699326402
5360000.000000051	714.223548338551
5380000.000000052	1037.1405956268984
5400000.000000052	1156.2353044252234
5420000.000000052	3059.388014365759
5440000.000000052	672.554603390056
5460000.000000053	575.2958731190963
5480000.000000053	794.8064169346397
5500000.000000053	634.1325643882268
5520000.000000053	604.1142841163153
5540000.000000053	1173.9495182790656
5560000.000000054	1254.2219196326225
5580000.000000054	2556.5258539499173
5600000.000000054	412.3546563479362
5620000.000000054	530.064864296166
5640000.000000054	320.1405143096829
5660000.000000055	515.6421460416507
5680000.000000055	489.6452852242213
5700000.000000055	551.5518395363149
5720000.000000055	2281.353596711107
5740000.000000055	1591.6619203307594
5760000.000000056	1345.3951910883843
5780000.000000056	895.3399298007798
5800000.000000056	554.4812629660267
5820000.000000056	732.4893691489348
5840000.000000056	565.4981583378774
5860000.000000057	334.8091769380833
5880000.000000057	3843.316479451261
5900000.000000057	1684.5925357884696
5920000.000000057	1048.583533087686
5940000.000000057	667.9999237669605
5960000.000000058	1427.1987702520678
5980000.000000058	874.9073474290424
6000000.000000058	1346.691407563606
6020000.000000058	3105.512430524324
6040000.000000059	756.5324259784011
6060000.000000059	482.60299216513977
6080000.000000059	587.082111957583
6100000.000000059	453.03361432653367
6120000.000000059	771.2783563229618
6140000.00000006	625.8580005809241
6160000.00000006	691.2860206155583
6180000.00000006	2686.9659806508726
6200000.00000006	186.3794825343097
6220000.00000006	504.1910518599148
6240000.000000061	328.54815289641294
6260000.000000061	446.67719784778797
6280000.000000061	631.5505216757552
6300000.000000061	249.632231594466
6320000.000000061	1506.2912017217616
6340000.0000000615	2192.2550309480625
6360000.0000000615	1362.7859947449335
6380000.0000000615	873.256186646785
6400000.0000000615	1099.2521120957383
6420000.0000000615	918.5399483864126
6440000.000000062	516.4402900547931
6460000.000000062	931.6069294819381
6480000.000000062	3251.8723961909814
6500000.000000062	806.3537900176518
6520000.000000062	929.2189029732717
6540000.000000063	964.0881412853389
6560000.000000063	1010.8751560372947
6580000.000000063	1014.2305795414904
6600000.000000063	1175.4975122754436
6620000.000000064	2055.640651454455
6640000.000000064	975.1574830618646
6660000.000000064	127.26253250036098
6680000.000000064	426.73056225317515
6700000.000000064	353.40948576173435
6720000.000000065	482.91270324778867
6740000.000000065	328.46308896734666
6760000.000000065	482.92708284649353
6780000.000000065	1678.1607122564185
6800000.000000065	626.7662007606718
6820000.000000066	641.1940832051828
6840000.000000066	631.1213791144346
6860000.000000066	400.6231057199841
6880000.000000066	372.62210150699644
6900000.000000066	467.59074075812
6920000.000000067	513.7386934790583
6940000.000000067	1985.236692832977
6960000.000000067	959.7658493331547
6980000.000000067	530.1774044150159
7000000.000000067	747.0213478377094
7020000.000000068	394.0056238523478
7040000.000000068	1077.7247327001267
7060000.000000068	867.8134601699554
7080000.000000068	2599.5052163449586
7100000.000000068	205.56100324923943
7120000.000000069	633.847437275349
7140000.000000069	389.22131976915466
7160000.000000069	771.1014961282445
7180000.000000069	655.4700021592381
7200000.00000007	718.1352831686366
7220000.00000007	1249.6809172274925
7240000.00000007	1014.1771998000261
7260000.00000007	250.65039705440205
7280000.00000007	431.76232977207746
7300000.000000071	669.0718949917189
7320000.000000071	579.6061851109303
7340000.000000071	390.18092208767126
7360000.000000071	666.2519976891591
7380000.000000071	1097.5778400934646
7400000.000000072	847.5428589010891
7420000.000000072	690.9289227587176
7440000.000000072	902.7434798009907
7460000.000000072	920.6833571422692
7480000.000000072	391.498785158896
7500000.000000073	360.0088923035281
7520000.000000073	319.9593778232081
7540000.000000073	1201.479878925761
7560000.000000073	327.38950986152986
7580000.000000073	578.6363351417324
7600000.000000074	590.4031167274658
7620000.000000074	886.9736580004285
7640000.000000074	490.64520482863577
7660000.000000074	896.7224667711276
7680000.0000000745	946.0042697189488
7700000.0000000745	358.52128388160787
7720000.0000000745	399.2208345639037
7740000.0000000745	381.5889211701308
7760000.0000000745	562.5839645023736
7780000.000000075	698.9851401502038
7800000.000000075	523.6486609680578
7820000.000000075	845.0919744773677
7840000.000000075	1070.9861651380381
7860000.000000075	630.0494918179743
7880000.000000076	341.16050660965857
7900000.000000076	770.8884231155125
7920000.000000076	202.121974085833
7940000.000000076	908.0600475682578
7960000.000000076	892.2496160755229
7980000.000000077	1050.7463329395398
8000000.000000077	999.7477398685747
8020000.000000077	354.04845283819316
8040000.000000077	709.2745137387149
8060000.000000077	1062.761583581351
8080000.000000078	457.61026403601807
8100000.000000078	740.6278381904158
8120000.000000078	515.3744491899492
8140000.000000078	1203.4082997833907
8160000.000000078	476.24512182905545
8180000.000000079	588.4039931309884
8200000.000000079	385.40187767855076
8220000.000000079	650.083610302729
8240000.000000079	516.5363519557006
8260000.00000008	503.6317641482274
8280000.00000008	957.5645748513483
8300000.00000008	822.8424269264292
8320000.00000008	374.2624502416054
8340000.00000008	439.9135103819311
8360000.000000081	625.8882465422517
8380000.000000081	264.8866007259765
8400000.00000008	275.15142832675787
8420000.000000082	663.2078648239661
8440000.000000082	1449.033753930819
8460000.000000082	578.1038167075668
8480000.000000082	417.6668846229912
8500000.000000082	523.0809525316962
8520000.000000082	688.0978259074566
8540000.000000082	581.224246654643
8560000.000000082	877.5841592890414
8580000.000000082	1047.398374922799
8600000.000000084	220.10199740104855
8620000.000000084	51.858745052919296
8640000.000000084	576.4560305336196
8660000.000000084	679.0911950490008
8680000.000000084	265.4773109042931
8700000.000000084	478.7706614719015
8720000.000000084	363.8351549873728
8740000.000000084	627.6390031634465
8760000.000000084	408.3839143436887
8780000.000000084	528.987602488893
8800000.000000086	436.009773541671
8820000.000000086	297.56469402904713
8840000.000000086	376.7955589918055
8860000.000000086	247.27569920227634
8880000.000000086	119.78453039094072
8900000.000000086	1502.3987972843388
8920000.000000086	829.1240245597129
8940000.000000086	143.79544791404956
8960000.000000086	659.733315217603
8980000.000000086	432.7017976015793
9000000.000000088	781.4425593776372
9020000.000000088	815.8053498303295
9040000.000000088	802.707712326545
9060000.000000088	225.1225864557658
9080000.000000088	293.2984162877317
9100000.000000088	1113.3432295723874
9120000.000000088	867.8249086790171
9140000.000000088	620.0931345777115
9160000.000000088	704.3732280693596
9180000.00000009	853.7533854976435
9200000.00000009	293.43142617889845
9220000.00000009	289.83125266234333
9240000.00000009	184.66013905283208
9260000.00000009	277.9335107983977
9280000.00000009	256.2259775652028
9300000.00000009	68.47598128161748
9320000.00000009	189.09695838151714
9340000.00000009	283.39536480994315
9360000.00000009	453.14335786020393
9380000.000000091	418.4706899000961
9400000.000000091	487.5989141570665
9420000.000000091	713.9526452969046
9440000.000000091	684.6613191732669
9460000.000000091	540.8504926222275
9480000.000000091	200.86966881491793
9500000.000000091	1263.9154675164752
9520000.000000091	417.0806162968389
9540000.000000091	419.0369943338838
9560000.000000091	505.77065683632475
9580000.000000093	578.1871977314921
9600000.000000093	833.9298612614177
9620000.000000093	637.4028884819023
9640000.000000093	1240.5910942104535
9660000.000000093	402.41869858068964
9680000.000000093	311.7832172879437
9700000.000000093	520.871820187259
9720000.000000093	680.4007675149255
9740000.000000093	524.6700101026739
9760000.000000095	260.2845213000952
9780000.000000095	440.90625939571373
9800000.000000095	338.67507026108063
9820000.000000095	232.68903782455342
9840000.000000095	382.015882676199
9860000.000000095	224.23915219771698
9880000.000000095	429.105924971446
9900000.000000095	469.71536140571914
9920000.000000095	183.32295335236074
9940000.000000095	615.8259039608639
9960000.000000097	610.8443572589892
9980000.000000097	616.5300717360092
10000000.000000097	619.6838460026386
10020000.000000097	131.88257263602185
10040000.000000097	646.412209614629
10060000.000000097	713.0919239383114
10080000.000000097	242.65269999052347
10100000.000000097	1030.5379493163757
10120000.000000097	628.544528898443
10140000.000000097	444.8895315935141
10160000.000000099	245.0536008471533
10180000.000000099	299.46599016622054
10200000.000000099	423.04082008145645
10220000.000000099	437.5022659606408
10240000.000000099	1069.0512722141666
10260000.000000099	342.562720362702
10280000.000000099	300.25649772999157
10300000.000000099	389.3186211137568
10320000.000000099	613.0401853692304
10340000.0000001	763.8661661909548
10360000.0000001	506.3513272486792
10380000.0000001	264.90947166018185
10400000.0000001	426.83077446525755
10420000.0000001	495.1601672375403
10440000.0000001	217.20816745230795
10460000.0000001	676.3907523568807
10480000.0000001	331.48202737534683
10500000.0000001	76.36755736267948
10520000.0000001	133.10710645464235
10540000.000000102	400.0203182490683
10560000.000000102	412.6327344818585
10580000.000000102	363.175434735284
10600000.000000102	670.2500534566964
10620000.000000102	499.6488575521994
10640000.000000102	298.14277568234036
10660000.000000102	484.11685662788324
10680000.000000102	374.94755488980604
10700000.000000102	687.14224413019
10720000.000000102	692.4160029324933
10740000.000000104	323.7354470909951
10760000.000000104	872.0554063737732
10780000.000000104	353.9285448660174
10800000.000000104	290.99827169807935
10820000.000000104	567.1795903204289
10840000.000000104	597.0378506705166
10860000.000000104	746.8707070949399
10880000.000000104	221.1120934667228
10900000.000000104	223.08040504928258
10920000.000000106	466.7578379920281
10940000.000000106	358.5237392409018
10960000.000000106	597.6517012899384
10980000.000000106	56.25486141133773
11000000.000000106	853.4507987524113
11020000.000000106	406.38173088047284
11040000.000000106	207.32488837008202
11060000.000000106	362.5675594242011
11080000.000000106	534.1325724307615
11100000.000000106	645.9654571064189
11120000.000000108	693.0659661483974
11140000.000000108	826.6342349456577
11160000.000000108	375.59740745186485
11180000.000000108	169.6800138992679
11200000.000000108	254.67406197751123
11220000.000000108	626.7512658436073
11240000.000000108	391.9312461795429
11260000.000000108	646.4065544160478
11280000.000000108	414.15162638037907
11300000.000000108	577.513135999696
11320000.00000011	568.9720772818928
11340000.00000011	137.60040830967296
11360000.00000011	545.8263732482476
11380000.00000011	407.7493775113403
11400000.00000011	305.67322682671573
11420000.00000011	172.9374643883269
11440000.00000011	366.77092996233233
11460000.00000011	420.01430945036395
11480000.00000011	711.7425727661671
11500000.000000112	464.33227074170696
11520000.000000112	706.7193963133749
11540000.000000112	491.97777671060123
11560000.000000112	326.57592351160815
11580000.000000112	763.4383310026736
11600000.000000112	784.357790783976
11620000.000000112	30.145613652764673
11640000.000000112	585.479539628753
11660000.000000112	547.6510793249842
11680000.000000112	402.0416158911657
11700000.000000114	539.5528282436618
11720000.000000114	543.9739780264441
11740000.000000114	402.6043289371601
11760000.000000114	369.2237962362934
11780000.000000114	218.40202473001506
11800000.000000114	273.86001110687226
11820000.000000114	247.7580129233377
11840000.000000114	306.51626298762545
11860000.000000114	428.7409681398052
11880000.000000114	543.0805480161781
11900000.000000115	203.33442851184762
11920000.000000115	552.0070862811402
11940000.000000115	418.48224733745946
11960000.000000115	273.4846228255861
11980000.000000115	395.18971575532896
12000000.000000115	298.6918539750825
12020000.000000115	507.71582332985855
12040000.000000115	97.47288127071258
12060000.000000115	643.0473575381939
12080000.000000117	490.7290313380818
12100000.000000117	336.21803783725625
12120000.000000117	801.9027136344932
12140000.000000117	417.15110932775434
12160000.000000117	257.52851170909247
12180000.000000117	336.84762059729474
12200000.000000117	812.1876090599467
12220000.000000117	331.7322178522953
12240000.000000117	338.9750397113955
12260000.000000117	280.0729888107286
12280000.00000012	562.078929840663
12300000.00000012	359.8965867428794
12320000.00000012	539.0890979397443
12340000.00000012	430.253049066995
12360000.00000012	221.12895933856518
12380000.00000012	83.29729680376369
12400000.00000012	283.9652534454205
12420000.00000012	204.60713867224828
12440000.00000012	248.2759848572761
12460000.00000012	550.5593139398056
12480000.000000121	625.0133580996574
12500000.000000121	168.76018487782983
12520000.000000121	625.5707975938318
12540000.000000121	425.45858390029497
12560000.000000121	490.08013001918556
12580000.000000121	60.82551168339532
12600000.000000121	558.6945030186964
12620000.000000121	186.44210444970355
12640000.000000121	484.57190041653035
12660000.000000123	591.8341297287059
12680000.000000123	428.836622699065
12700000.000000123	523.5204411738356
12720000.000000123	206.12429294612213
12740000.000000123	611.8544504992777
12760000.000000123	334.9945383021116
12780000.000000123	582.0241282652896
12800000.000000123	608.2680156590485
12820000.000000123	414.51356523472714
12840000.000000123	482.08708688785697
12860000.000000125	235.74011932348634
12880000.000000125	365.0780605416837
12900000.000000125	241.92683956262047
12920000.000000125	442.3246213605729
12940000.000000125	422.2335021513217
12960000.000000125	198.4737252827237
12980000.000000125	599.7337594295225
13000000.000000125	464.89275345324745
13020000.000000125	206.14471720870537
13040000.000000125	207.02945551517595
13060000.000000127	464.1374458178556
13080000.000000127	626.7140417304176
13100000.000000127	455.36257589225636
13120000.000000127	666.0065417639773
13140000.000000127	156.06969227134164
13160000.000000127	463.15503601495806
13180000.000000127	310.2804201454916
13200000.000000127	178.81440117378585
13220000.000000127	246.28075473446145
13240000.000000129	186.1158618567431
13260000.000000129	484.27966498426304
13280000.000000129	279.9223706024195
13300000.000000129	370.82214103057834
13320000.000000129	345.549137650222
13340000.000000129	293.7395935040374
13360000.000000129	484.71258669160596
13380000.000000129	277.8258019321697
13400000.000000129	356.3323371919236
13420000.000000129	77.05621975058925
13440000.00000013	411.02759877057827
13460000.00000013	58.41677621034504
13480000.00000013	265.5482407384599
13500000.00000013	691.7474295251783
13520000.00000013	250.15049593333754
13540000.00000013	364.95256630633827
13560000.00000013	407.9756694530667
13580000.00000013	512.9552829597195
13600000.00000013	464.8462705820698
13620000.00000013	334.70819027673014
13640000.000000132	211.53870975413042
13660000.000000132	203.3592407728629
13680000.000000132	236.23975883663138
13700000.000000132	290.58501059268553
13720000.000000132	574.1213480005844
13740000.000000132	467.61785780815126
13760000.000000132	524.8080384167898
13780000.000000132	257.08782627042166
13800000.000000132	567.1673896341554
13820000.000000134	115.01480142014395
13840000.000000134	254.19688753279235
13860000.000000134	345.3263955294565
13880000.000000134	362.3952183336973
13900000.000000134	514.4642898216441
13920000.000000134	404.7334650067881
13940000.000000134	446.0754073531797
13960000.000000134	458.4284498037531
13980000.000000134	148.05941021432605
14000000.000000134	315.8280775946679
14020000.000000136	145.514520473399
14040000.000000136	358.8249104164333
14060000.000000136	464.40462862677265
14080000.000000136	154.7841944793751
14100000.000000136	471.8157705811429
14120000.000000136	412.8215130597894
14140000.000000136	689.3061329340688
14160000.000000136	311.76030660843435
14180000.000000136	277.16880518397113
14200000.000000136	174.70352019912283
14220000.000000138	413.12595435273164
14240000.000000138	250.13151541624103
14260000.000000138	369.2591078254138
14280000.000000138	440.1509020032232
14300000.000000138	690.564606326274
14320000.000000138	282.1286542188993
14340000.000000138	174.82913035948292
14360000.000000138	497.0258151983331
14380000.000000138	312.04439403339404
14400000.00000014	388.8860567906575
14420000.00000014	201.77658991090712
14440000.00000014	128.19059507715946
14460000.00000014	191.90935392915634
14480000.00000014	189.05022750449427
14500000.00000014	224.5538681026728
14520000.00000014	590.2769864563315
14540000.00000014	495.9836727840002
14560000.00000014	336.0636704537859
14580000.00000014	189.83860512072314
14600000.000000142	97.81433691499053
14620000.000000142	466.24184331464716
14640000.000000142	413.7482438237687
14660000.000000142	763.4272179029235
14680000.000000142	333.1838468484071
14700000.000000142	493.9538066269948
14720000.000000142	365.73780945722774
14740000.000000142	378.63819400511613
14760000.000000142	501.8766909936327
14780000.000000142	176.72789614292577
14800000.000000143	549.3074219133653
14820000.000000143	327.8280600008799
14840000.000000143	266.7237987396952
14860000.000000143	718.1715870968303
14880000.000000143	354.17224888902496
14900000.000000143	135.73790611629954
14920000.000000143	297.1991157004939
14940000.000000143	165.1467154823047
14960000.000000143	222.58103102397743
14980000.000000145	614.4578766945604
15000000.000000145	257.9024593428866
15020000.000000145	90.54904290562112
15040000.000000145	179.52803180444684
15060000.000000145	403.4067192092565
15080000.000000145	509.81629085962464
15100000.000000145	386.5090369901523
15120000.000000145	421.64827357262635
15140000.000000145	532.1707901610827
15160000.000000145	277.5831610105681
15180000.000000147	387.7885796565821
15200000.000000147	247.90106900741665
15220000.000000147	390.69627941858465
15240000.000000147	513.8779173452652
15260000.000000147	376.82535673603195
15280000.000000147	113.64195024680119
15300000.000000147	367.32669464793037
15320000.000000147	496.72313466820003
15340000.000000147	748.9501682634183
15360000.000000149	293.94299933026497
15380000.000000149	460.2549232794706
15400000.000000149	339.4575614354893
15420000.000000149	398.17950596404523
15440000.000000149	52.28378980259854
15460000.000000149	500.9753739954916
15480000.000000149	432.1240664054545
15500000.000000149	306.6458024226151
15520000.000000149	289.53336038086536
15540000.000000149	481.08905633013705
15560000.00000015	315.11051450217013
15580000.00000015	451.0444428202279
15600000.00000015	277.35149968673574
15620000.00000015	700.080474762349
15640000.00000015	412.1478400937452
15660000.00000015	369.7714068303576
15680000.00000015	294.9085915717759
15700000.00000015	258.34358345769374
15720000.00000015	372.79755941758236
15740000.00000015	148.900398627214
15760000.000000153	195.85626057906288
15780000.000000153	376.07487820478707
15800000.000000153	496.57534939506195
15820000.000000153	127.79922904170236
15840000.000000153	306.8158140357583
15860000.000000153	229.657479385559
15880000.000000153	462.2572823932369
15900000.000000153	242.86905944568647
15920000.000000153	75.24145812964147
15940000.000000155	518.7755744409383
15960000.000000155	127.61120659215106
15980000.000000155	371.52827542722156
16000000.000000155	336.0991139794757
16020000.000000155	318.896019480238
16040000.000000155	174.45356484866304
16060000.000000155	378.887611577428
16080000.000000155	355.9986668010446
16100000.000000155	254.15877979440344
16120000.000000155	465.5014154792933
16140000.000000156	363.9580283132795
16160000.000000156	462.13817022301305
16180000.000000156	525.8500278855281
16200000.000000156	237.7445357588707
16220000.000000156	420.12034318515936
16240000.000000156	295.641938686641
16260000.000000156	282.2254603668501
16280000.000000156	615.3370735825448
16300000.000000156	265.19330982667117
16320000.000000156	461.0902288318266
16340000.000000158	293.53063677930663
16360000.000000158	450.5950403603115
16380000.000000158	300.8657268052378
16400000.000000158	382.5122740127285
16420000.000000158	351.71593532559706
16440000.000000158	68.91481989725774
16460000.000000158	168.02448870305827
16480000.000000158	352.62353236158697
16500000.000000158	604.1535640467453
16520000.00000016	556.1024168726439
16540000.00000016	403.6417372923422
16560000.00000016	63.67657371615557
16580000.00000016	878.5383531898004
16600000.00000016	376.62410202073573
16620000.00000016	640.5491899885309
16640000.00000016	482.35834406387806
16660000.00000016	1039.477097637841
16680000.00000016	378.02487689091623
16700000.00000016	279.1055929852066
16720000.000000162	330.697040982664
16740000.000000162	250.21767067704494
16760000.000000162	132.0253494021337
16780000.00000016	530.3472964346626
16800000.00000016	147.8290521069341
16820000.000000164	160.57349800873396
16840000.000000164	357.42977159440625
16860000.000000164	349.43787580342956
16880000.000000164	261.73467601730823
16900000.000000164	582.9338618068476
16920000.000000164	20.009056075911303
16940000.000000164	223.8363899154638
16960000.000000164	463.66433225377045
16980000.000000164	122.52493347824874
17000000.000000164	195.593634299168
17020000.000000164	214.6880253787871
17040000.000000164	259.7816301084552
17060000.000000164	291.59984208023576
17080000.000000164	485.75615521547655
17100000.000000164	478.61358117107324
17120000.000000164	539.7819050102808
17140000.000000164	410.68167125738387
17160000.000000164	475.90803314992905
17180000.000000164	305.0310262882277
17200000.000000168	355.8762394478498
17220000.000000168	209.02394328771055
17240000.000000168	570.3350429850026
17260000.000000168	228.39339766479847
17280000.000000168	381.9570056944068
17300000.000000168	388.1606290440826
17320000.000000168	470.28694253805037
17340000.000000168	445.5491540467257
17360000.000000168	461.1370981015681
17380000.000000168	451.76542429176385
17400000.000000168	561.7809172570691
17420000.000000168	290.49405678194876
17440000.000000168	155.41358388688445
17460000.000000168	396.94547259756337
17480000.000000168	76.0179924163387
17500000.000000168	505.7109865763208
17520000.000000168	402.29732317478073
17540000.000000168	323.43695122547007
17560000.000000168	263.4719435668298
17580000.000000168	434.4847927492283
17600000.00000017	619.8473949506118
17620000.00000017	352.27153808355615
17640000.00000017	700.193031015256
17660000.00000017	226.30534652839074
17680000.00000017	346.19433241124466
17700000.00000017	296.11024127087285
17720000.00000017	136.81610976644308
17740000.00000017	232.546305176738
17760000.00000017	227.8995915178568
17780000.00000017	368.54905477035646
17800000.00000017	515.3370252679729
17820000.00000017	409.833801561782
17840000.00000017	251.64157468993426
17860000.00000017	581.6444068732995
17880000.00000017	519.7174971520001
17900000.00000017	423.74607714436706
17920000.00000017	280.7934911500617
17940000.00000017	316.9976869288396
17960000.00000017	361.26718413613594
17980000.000000175	616.0583267397745
18000000.000000175	529.5999029340421
18020000.000000175	295.19033299569105
18040000.000000175	268.2456586965357
18060000.000000175	427.9080142232614
18080000.000000175	433.2170350822027
18100000.000000175	246.5410367124643
18120000.000000175	292.9702065008681
18140000.000000175	260.52297492310987
18160000.000000175	469.4752927597217
18180000.000000175	910.7579124032185
18200000.000000175	462.473049113752
18220000.000000175	398.091014180426
18240000.000000175	74.32263047647147
18260000.000000175	315.64017957639544
18280000.000000175	297.31549825108925
18300000.000000175	377.777793167031
18320000.000000175	89.94601077543328
18340000.000000175	656.163468170095
18360000.00000018	257.22897191102885
18380000.00000018	153.16259114707927
18400000.00000018	417.8397892682572
18420000.00000018	562.1400203527535
18440000.00000018	159.53120207027885
18460000.00000018	410.4032193716004
18480000.00000018	86.31310812259048
18500000.00000018	373.2276803700911
18520000.00000018	130.63354623624213
18540000.00000018	827.7291075107531
18560000.00000018	312.0026165790092
18580000.00000018	472.73714374302955
18600000.00000018	690.2198386261274
18620000.00000018	76.72103158491844
18640000.00000018	378.64604574609683
18660000.00000018	282.93656938744704
18680000.00000018	610.0249326757939
18700000.00000018	319.2706906012628
18720000.00000018	352.4468429432985
18740000.00000018	578.0304491643986
18760000.000000183	73.7154810356069
18780000.000000183	299.8295216472123
18800000.000000183	510.2939822451488
18820000.000000183	466.4632523784931
18840000.000000183	561.4417029872797
18860000.000000183	424.70711585085576
18880000.000000183	211.49113244350076
18900000.000000183	536.9384152058116
18920000.000000183	693.0554071168625
18940000.000000183	276.60794047779086
18960000.000000183	27.352800160771775
18980000.000000183	651.3740352854053
19000000.000000183	328.59021146014095
19020000.000000183	330.02447078909455
19040000.000000183	172.3640176884753
19060000.000000183	222.70714660548722
19080000.000000183	405.9314834628709
19100000.000000183	517.1660537694851
19120000.000000183	293.802563928359
19140000.000000186	464.45984116136646
19160000.000000186	401.6018120789215
19180000.000000186	418.3870240477747
19200000.000000186	417.8582952045788
19220000.000000186	219.08943106832217
19240000.000000186	430.5316226288137
19260000.000000186	364.2206267900226
19280000.000000186	145.82356108744352
19300000.000000186	159.072786928159
19320000.000000186	99.52043396384535
19340000.000000186	424.29619045947635
19360000.000000186	452.9515987224644
19380000.000000186	752.9164767779912
19400000.000000186	358.86490948695894
19420000.000000186	400.2758308011411
19440000.000000186	212.0619233410399
19460000.000000186	225.4133551339726
19480000.000000186	646.0175035779865
19500000.000000186	342.9350157386575
19520000.00000019	660.701796292719
19540000.00000019	274.2931689069995
19560000.00000019	147.0761645563642
19580000.00000019	323.0484395884023
19600000.00000019	288.3477906296362
19620000.00000019	800.8564005672029
19640000.00000019	80.38681873766443
19660000.00000019	296.83280885493775
19680000.00000019	370.9164072242543
19700000.00000019	545.1200090784181
19720000.00000019	234.38419997562306
19740000.00000019	544.3893466249244
19760000.00000019	235.5358110623951
19780000.00000019	329.51727585282123
19800000.00000019	291.995112165483
19820000.00000019	617.732268183761
19840000.00000019	275.9844365794739
19860000.00000019	440.53555443370016
19880000.00000019	715.9356960534973
19900000.00000019	469.43675933743623
19920000.000000194	531.7743780772659
19940000.000000194	212.47340192490205
19960000.000000194	236.23412528366345
19980000.000000194	536.5401760045618
20000000.000000194	454.7965820049253
20020000.000000194	401.2783146954791
20040000.000000194	520.8515259626656
20060000.000000194	391.802447408659
20080000.000000194	115.83145706561044
20100000.000000194	103.08102520189762
20120000.000000194	437.46260577099815
20140000.000000194	463.34447958673184
20160000.000000194	372.30777275794316
20180000.000000194	395.9244175495241
20200000.000000194	1588.342452159123
20220000.000000194	107.47446376091615
20240000.000000194	275.3221397912184
20260000.000000194	158.70000642861905
20280000.000000194	430.34256294050374
20300000.000000197	377.2232441753805
20320000.000000197	81.33920691567538
20340000.000000197	443.62986798711927
20360000.000000197	194.25412316725706
20380000.000000197	104.40031556695695
20400000.000000197	138.42220440972264
20420000.000000197	162.06935703496305
20440000.000000197	580.811629782565
20460000.000000197	157.22849733470545
20480000.000000197	449.31401197784567
20500000.000000197	493.01707818627693
20520000.000000197	278.41613499132194
20540000.000000197	168.80632215346265
20560000.000000197	211.5700086437523
20580000.000000197	523.1460172334164
20600000.000000197	568.3316244136855
20620000.000000197	248.664010263932
20640000.000000197	562.4367386803389
20660000.000000197	404.5868171910384
20680000.0000002	538.3712678242509
20700000.0000002	557.0592102260396
20720000.0000002	266.97075990382837
20740000.0000002	155.54374608492446
20760000.0000002	427.721973661205
20780000.0000002	241.8725711551738
20800000.0000002	465.9326138676092
20820000.0000002	77.38135122123411
20840000.0000002	52.81905229275993
20860000.0000002	595.9533079145798
20880000.0000002	246.69014115236547
20900000.0000002	447.3787208219948
20920000.0000002	370.7460708320923
20940000.0000002	197.33244130639804
20960000.0000002	61.2579701418747
20980000.0000002	294.11625293899806
21000000.0000002	279.600170781216
21020000.0000002	462.82837916676374
21040000.0000002	332.00606470852733
21060000.000000205	140.24693332968735
21080000.000000205	491.3592654214974
21100000.000000205	86.22940448845443
21120000.000000205	502.9111387851459
21140000.000000205	199.45908252892013
21160000.000000205	505.0337385470983
21180000.000000205	509.62480828238967
21200000.000000205	553.2160571075996
21220000.000000205	897.0715683042864
21240000.000000205	73.32832342515383
21260000.000000205	204.45824992094668
21280000.000000205	225.84756067038415
21300000.000000205	284.57697939150574
21320000.000000205	83.5794829674768
21340000.000000205	98.05790856932056
21360000.000000205	371.2053856384264
21380000.000000205	327.54138026696944
21400000.000000205	279.98801868521747
21420000.000000205	328.0339819894168
21440000.000000205	572.8625470508214
21460000.00000021	179.57762053514898
21480000.00000021	274.1336930374394
21500000.00000021	260.1029998464719
21520000.00000021	45.73843001457128
21540000.00000021	255.90894099537286
21560000.00000021	352.6367036334524
21580000.00000021	295.03046205045706
21600000.00000021	169.31742952255487
21620000.00000021	736.4756630118734
21640000.00000021	300.21312865029927
21660000.00000021	182.93427054824724
21680000.00000021	338.06976759833145
21700000.00000021	316.8884275813023
21720000.00000021	606.6179454582826
21740000.00000021	281.5596781490066
21760000.00000021	370.40651945266
21780000.00000021	514.0657248518361
21800000.00000021	428.8742418472939
21820000.00000021	268.00425242646264
21840000.000000212	370.3695361909419
21860000.000000212	421.79815944426446
21880000.000000212	725.7269484145354
21900000.000000212	265.3706733064375
21920000.000000212	423.21653541877384
21940000.000000212	336.05957649182045
21960000.000000212	574.4019079081921
21980000.000000212	320.58958605816423
22000000.000000212	154.97981657504212
22020000.000000212	393.8856757470274
22040000.000000212	211.64867782934715
22060000.000000212	460.7577472864177
22080000.000000212	384.00345494054505
22100000.000000212	401.26581103022727
22120000.000000212	538.2266388011366
22140000.000000212	271.6688034977072
22160000.000000212	208.52454326521482
22180000.000000212	187.69715734101572
22200000.000000212	322.15382953607696
22220000.000000216	502.8861742238859
22240000.000000216	248.43719696271512
22260000.000000216	190.40880421753855
22280000.000000216	677.3754978888069
22300000.000000216	336.7188701204274
22320000.000000216	465.1440658999764
22340000.000000216	493.4897422900289
22360000.000000216	312.4670767997835
22380000.000000216	272.9953389181893
22400000.000000216	539.5663696383181
22420000.000000216	347.7536168765661
22440000.000000216	572.2155112909279
22460000.000000216	400.14075560096154
22480000.000000216	409.5110496030106
22500000.000000216	339.1653049928813
22520000.000000216	331.887271658716
22540000.000000216	167.88346904730778
22560000.000000216	233.07116479877334
22580000.000000216	372.21407804330846
22600000.000000216	161.49320230154913
22620000.00000022	583.9865132194014
22640000.00000022	664.9765661702859
22660000.00000022	273.82888937633226
22680000.00000022	256.11315408926157
22700000.00000022	67.16741508933852
22720000.00000022	333.4004919209884
22740000.00000022	265.5577033559634
22760000.00000022	128.81834931264274
22780000.00000022	281.46470607062014
22800000.00000022	312.14752011423883
22820000.00000022	276.0795505281412
22840000.00000022	402.83294012584895
22860000.00000022	557.5561109959316
22880000.00000022	123.42698307565261
22900000.00000022	504.82980101798324
22920000.00000022	106.14977363073993
22940000.00000022	444.26687312699556
22960000.00000022	376.22951208807547
22980000.00000022	299.9816470521451
23000000.000000224	116.60299569795559
23020000.000000224	489.01621329904157
23040000.000000224	377.0906034881668
23060000.000000224	374.75171487254676
23080000.000000224	119.65060881554132
23100000.000000224	338.873225303494
23120000.000000224	483.2050773835747
23140000.000000224	213.5782034590837
23160000.000000224	266.10012925189625
23180000.000000224	35.09897813931859
23200000.000000224	286.0108250930935
23220000.000000224	224.11705980843533
23240000.000000224	217.55181149760074
23260000.000000224	288.1819600192237
23280000.000000224	302.8977908039395
23300000.000000224	553.6944003772187
23320000.000000224	203.42231841373993
23340000.000000224	407.1831973723621
23360000.000000224	362.91643650884373
23380000.000000227	397.18972998322147
23400000.000000227	189.84240371533065
23420000.000000227	481.1879859029677
23440000.000000227	492.1821385234651
23460000.000000227	232.3081698265237
23480000.000000227	151.15067325688688
23500000.000000227	300.6127148460936
23520000.000000227	484.33264680644254
23540000.000000227	530.6601202153591
23560000.000000227	446.794498016008
23580000.000000227	328.86227434684736
23600000.000000227	123.95217675374656
23620000.000000227	160.87066163915748
23640000.000000227	616.0871455538185
23660000.000000227	309.94242006051724
23680000.000000227	506.8663308916339
23700000.000000227	352.9788352381529
23720000.000000227	327.3470311460008
23740000.000000227	291.73371803149723
23760000.000000227	44.90158813724251
23780000.00000023	318.08648282679104
23800000.00000023	224.23599703786513
23820000.00000023	141.50310840631013
23840000.00000023	323.77781302907846
23860000.00000023	93.23566700859378
23880000.00000023	486.7585010025835
23900000.00000023	425.51511796592456
23920000.00000023	437.42917646994937
23940000.00000023	303.35926259973434
23960000.00000023	433.3435898340826
23980000.00000023	178.76141980795774
24000000.00000023	385.71159204930154
24020000.00000023	208.0970589543475
24040000.00000023	291.1403359513267
24060000.00000023	236.28025374706326
24080000.00000023	292.21916833495993
24100000.00000023	165.38678319927052
24120000.00000023	262.810594367837
24140000.00000023	154.328581499769
24160000.000000235	22.52242684377725
24180000.000000235	70.15547787561323
24200000.000000235	517.9628099412337
24220000.000000235	489.5002923128355
24240000.000000235	602.0817303496299
24260000.000000235	281.55644659131303
24280000.000000235	407.0435646126899
24300000.000000235	217.74367900591864
24320000.000000235	53.760871779469156
24340000.000000235	467.05411946089094
24360000.000000235	534.9796675793889
24380000.000000235	241.71687904090982
24400000.000000235	435.58009339348007
24420000.000000235	406.64726546860607
24440000.000000235	446.84932378714245
24460000.000000235	260.43113286220375
24480000.000000235	121.69365721651577
24500000.000000235	322.5252850247844
24520000.000000235	541.8629798533635
24540000.00000024	301.9529170088396
24560000.00000024	356.02726639458473
24580000.00000024	361.05374763509354
24600000.00000024	239.13055865187147
24620000.00000024	281.1309443408966
24640000.00000024	306.55345142860415
24660000.00000024	426.47695300483144
24680000.00000024	228.00739877170224
24700000.00000024	272.2542898570497
24720000.00000024	444.968398866086
24740000.00000024	556.6645095627056
24760000.00000024	137.87152076590067
24780000.00000024	358.3983422881144
24800000.00000024	141.43305547719171
24820000.00000024	506.1707198993155
24840000.00000024	48.03947391769735
24860000.00000024	321.8871604044948
24880000.00000024	89.73848573257462
24900000.00000024	127.44675884058258
24920000.00000024	429.4802278389013
24940000.000000242	118.46819663187426
24960000.000000242	184.28595008692974
24980000.000000242	302.3574732376643
25000000.000000242	103.99999999999964
24980000.000000242	302.3574732376643
24960000.000000242	184.28595008693065
24940000.000000242	118.46819663187478
24920000.00000024	429.48022783890207
24900000.00000024	127.44675884058259
24880000.00000024	89.73848573257351
24860000.00000024	321.88716040449367
24840000.00000024	48.0394739176951
24820000.00000024	506.1707198993159
24800000.00000024	141.4330554771912
24780000.00000024	358.39834228811486
24760000.00000024	137.87152076589882
24740000.00000024	556.6645095627038
24720000.00000024	444.96839886608603
24700000.00000024	272.25428985704957
24680000.00000024	228.00739877170113
24660000.00000024	426.47695300482934
24640000.00000024	306.5534514286037
24620000.00000024	281.13094434089516
24600000.00000024	239.13055865187377
24580000.00000024	361.05374763509195
24560000.00000024	356.0272663945881
24540000.00000024	301.95291700883894
24520000.000000235	541.8629798533658
24500000.000000235	322.5252850247848
24480000.000000235	121.69365721651393
24460000.000000235	260.4311328622042
24440000.000000235	446.8493237871427
24420000.000000235	406.6472654686058
24400000.000000235	435.5800933934787
24380000.000000235	241.71687904091294
24360000.000000235	534.9796675793868
24340000.000000235	467.0541194608919
24320000.000000235	53.76087177946955
24300000.000000235	217.74367900591767
24280000.000000235	407.0435646126901
24260000.000000235	281.55644659131565
24240000.000000235	602.0817303496291
24220000.000000235	489.50029231283
24200000.000000235	517.9628099412331
24180000.000000235	70.15547787561121
24160000.000000235	22.522426843783766
24140000.00000023	154.3285814997665
24120000.00000023	262.81059436783806
24100000.00000023	165.3867831992709
24080000.00000023	292.2191683349597
24060000.00000023	236.2802537470633
24040000.00000023	291.14033595132605
24020000.00000023	208.09705895434794
24000000.00000023	385.71159204930154
23980000.00000023	178.7614198079562
23960000.00000023	433.3435898340823
23940000.00000023	303.35926259973735
23920000.00000023	437.4291764699503
23900000.00000023	425.51511796592314
23880000.00000023	486.75850100258424
23860000.00000023	93.23566700858731
23840000.00000023	323.77781302907243
23820000.00000023	141.50310840630786
23800000.00000023	224.23599703786476
23780000.00000023	318.08648282679155
23760000.000000227	44.90158813724338
23740000.000000227	291.7337180314931
23720000.000000227	327.347031146
23700000.000000227	352.97883523814863
23680000.000000227	506.8663308916335
23660000.000000227	309.9424200605176
23640000.000000227	616.0871455538181
23620000.000000227	160.87066163915773
23600000.000000227	123.95217675374664
23580000.000000227	328.86227434684605
23560000.000000227	446.7944980160043
23540000.000000227	530.6601202153597
23520000.000000227	484.3326468064412
23500000.000000227	300.6127148460928
23480000.000000227	151.15067325688509
23460000.000000227	232.30816982652308
23440000.000000227	492.1821385234641
23420000.000000227	481.1879859029641
23400000.000000227	189.84240371532826
23380000.000000227	397.1897299832229
23360000.000000224	362.91643650883924
23340000.000000224	407.18319737236413
23320000.000000224	203.4223184137433
23300000.000000224	553.6944003772137
23280000.000000224	302.8977908039401
23260000.000000224	288.18196001922627
23240000.000000224	217.55181149759932
23220000.000000224	224.11705980843442
23200000.000000224	286.010825093094
23180000.000000224	35.09897813931932
23160000.000000224	266.10012925189795
23140000.000000224	213.5782034590821
23120000.000000224	483.2050773835748
23100000.000000224	338.8732253034964
23080000.000000224	119.6506088155417
23060000.000000224	374.75171487254437
23040000.000000224	377.09060348816354
23020000.000000224	489.0162132990421
23000000.000000224	116.60299569795622
22980000.00000022	299.981647052143
22960000.00000022	376.22951208807274
22940000.00000022	444.2668731269977
22920000.00000022	106.14977363073933
22900000.00000022	504.8298010179839
22880000.00000022	123.42698307565263
22860000.00000022	557.5561109959327
22840000.00000022	402.8329401258508
22820000.00000022	276.0795505281403
22800000.00000022	312.14752011423855
22780000.00000022	281.46470607062025
22760000.00000022	128.81834931264254
22740000.00000022	265.55770335596225
22720000.00000022	333.40049192098763
22700000.00000022	67.16741508934085
22680000.00000022	256.11315408925947
22660000.00000022	273.8288893763313
22640000.00000022	664.9765661702861
22620000.00000022	583.9865132193992
22600000.000000216	161.4932023015473
22580000.000000216	372.2140780433079
22560000.000000216	233.07116479877138
22540000.000000216	167.88346904730582
22520000.000000216	331.88727165871717
22500000.000000216	339.16530499288217
22480000.000000216	409.5110496030099
22460000.000000216	400.1407556009623
22440000.000000216	572.2155112909277
22420000.000000216	347.7536168765678
22400000.000000216	539.5663696383193
22380000.000000216	272.9953389181896
22360000.000000216	312.46707679978357
22340000.000000216	493.48974229002783
22320000.000000216	465.14406589997526
22300000.000000216	336.7188701204274
22280000.000000216	677.3754978888061
22260000.000000216	190.40880421753403
22240000.000000216	248.43719696271455
22220000.000000216	502.88617422388336
22200000.000000212	322.15382953607457
22180000.000000212	187.69715734101155
22160000.000000212	208.5245432652111
22140000.000000212	271.6688034977133
22120000.000000212	538.2266388011395
22100000.000000212	401.2658110302264
22080000.000000212	384.003454940544
22060000.000000212	460.75774728641613
22040000.000000212	211.6486778293489
22020000.000000212	393.88567574702773
22000000.000000212	154.9798165750421
21980000.000000212	320.58958605816457
21960000.000000212	574.4019079081932
21940000.000000212	336.0595764918222
21920000.000000212	423.2165354187732
21900000.000000212	265.370673306437
21880000.000000212	725.7269484145344
21860000.000000212	421.79815944426844
21840000.000000212	370.36953619094356
21820000.00000021	268.00425242646156
21800000.00000021	428.8742418472946
21780000.00000021	514.0657248518351
21760000.00000021	370.40651945266274
21740000.00000021	281.55967814900237
21720000.00000021	606.6179454582846
21700000.00000021	316.8884275813055
21680000.00000021	338.06976759833117
21660000.00000021	182.93427054824903
21640000.00000021	300.21312865029955
21620000.00000021	736.4756630118737
21600000.00000021	169.31742952255485
21580000.00000021	295.0304620504568
21560000.00000021	352.63670363345136
21540000.00000021	255.9089409953722
21520000.00000021	45.73843001456952
21500000.00000021	260.1029998464684
21480000.00000021	274.1336930374395
21460000.00000021	179.57762053514728
21440000.000000205	572.8625470508206
21420000.000000205	328.03398198941744
21400000.000000205	279.9880186852191
21380000.000000205	327.54138026697024
21360000.000000205	371.2053856384236
21340000.000000205	98.05790856931804
21320000.000000205	83.57948296747873
21300000.000000205	284.5769793915056
21280000.000000205	225.8475606703842
21260000.000000205	204.45824992094654
21240000.000000205	73.32832342515393
21220000.000000205	897.0715683042879
21200000.000000205	553.216057107597
21180000.000000205	509.6248082823912
21160000.000000205	505.0337385470997
21140000.000000205	199.4590825289209
21120000.000000205	502.91113878514614
21100000.000000205	86.22940448845104
21080000.000000205	491.35926542149747
21060000.000000205	140.2469333296887
21040000.0000002	332.00606470853006
21020000.0000002	462.82837916676414
21000000.0000002	279.60017078121473
20980000.0000002	294.1162529390017
20960000.0000002	61.25797014187656
20940000.0000002	197.33244130640057
20920000.0000002	370.7460708320935
20900000.0000002	447.37872082199306
20880000.0000002	246.69014115236587
20860000.0000002	595.9533079145793
20840000.0000002	52.81905229276202
20820000.0000002	77.38135122123161
20800000.0000002	465.9326138676094
20780000.0000002	241.87257115517477
20760000.0000002	427.72197366120673
20740000.0000002	155.54374608492705
20720000.0000002	266.97075990382825
20700000.0000002	557.0592102260379
20680000.0000002	538.3712678242509
20660000.000000197	404.586817191041
20640000.000000197	562.4367386803378
20620000.000000197	248.66401026393453
20600000.000000197	568.3316244136843
20580000.000000197	523.1460172334135
20560000.000000197	211.5700086437548
20540000.000000197	168.8063221534636
20520000.000000197	278.41613499132256
20500000.000000197	493.0170781862771
20480000.000000197	449.3140119778461
20460000.000000197	157.22849733470838
20440000.000000197	580.8116297825624
20420000.000000197	162.06935703496538
20400000.000000197	138.42220440972204
20380000.000000197	104.40031556695567
20360000.000000197	194.25412316725954
20340000.000000197	443.62986798711853
20320000.000000197	81.33920691567603
20300000.000000197	377.2232441753771
20280000.000000194	430.3425629405036
20260000.000000194	158.7000064286171
20240000.000000194	275.32213979121843
20220000.000000194	107.47446376091995
20200000.000000194	1588.34245215913
20180000.000000194	395.9244175495191
20160000.000000194	372.30777275795407
20140000.000000194	463.3444795867389
20120000.000000194	437.4626057710023
20100000.000000194	103.08102520189709
20080000.000000194	115.83145706560802
20060000.000000194	391.80244740865675
20040000.000000194	520.8515259626653
20020000.000000194	401.2783146954806
20000000.000000194	454.7965820049253
19980000.000000194	536.5401760045626
19960000.000000194	236.23412528366487
19940000.000000194	212.4734019249002
19920000.000000194	531.7743780772662
19900000.00000019	469.4367593374364
19880000.00000019	715.9356960535008
19860000.00000019	440.5355544336957
19840000.00000019	275.98443657948286
19820000.00000019	617.7322681837525
19800000.00000019	291.995112165486
19780000.00000019	329.5172758528185
19760000.00000019	235.5358110623919
19740000.00000019	544.3893466249259
19720000.00000019	234.3841999756241
19700000.00000019	545.1200090784153
19680000.00000019	370.9164072242524
19660000.00000019	296.8328088549367
19640000.00000019	80.38681873766461
19620000.00000019	800.8564005672015
19600000.00000019	288.34779062963725
19580000.00000019	323.0484395883985
19560000.00000019	147.07616455636426
19540000.00000019	274.29316890700176
19520000.00000019	660.7017962927193
19500000.000000186	342.9350157386582
19480000.000000186	646.0175035779841
19460000.000000186	225.413355133973
19440000.000000186	212.06192334104205
19420000.000000186	400.2758308011413
19400000.000000186	358.86490948695655
19380000.000000186	752.9164767779926
19360000.000000186	452.95159872246654
19340000.000000186	424.29619045947334
19320000.000000186	99.52043396384764
19300000.000000186	159.07278692815973
19280000.000000186	145.82356108744372
19260000.000000186	364.2206267900191
19240000.000000186	430.53162262881307
19220000.000000186	219.08943106832254
19200000.000000186	417.8582952045783
19180000.000000186	418.387024047774
19160000.000000186	401.6018120789216
19140000.000000186	464.45984116136503
19120000.000000183	293.8025639283602
19100000.000000183	517.1660537694858
19080000.000000183	405.93148346287023
19060000.000000183	222.70714660548424
19040000.000000183	172.36401768847676
19020000.000000183	330.0244707890966
19000000.000000183	328.5902114601407
18980000.000000183	651.3740352854055
18960000.000000183	27.35280016077327
18940000.000000183	276.607940477792
18920000.000000183	693.0554071168633
18900000.000000183	536.9384152058104
18880000.000000183	211.49113244350127
18860000.000000183	424.7071158508552
18840000.000000183	561.4417029872799
18820000.000000183	466.4632523784913
18800000.000000183	510.2939822451512
18780000.000000183	299.8295216472124
18760000.000000183	73.71548103560649
18740000.00000018	578.0304491643998
18720000.00000018	352.4468429432985
18700000.00000018	319.2706906012625
18680000.00000018	610.024932675796
18660000.00000018	282.9365693874475
18640000.00000018	378.64604574609916
18620000.00000018	76.72103158492077
18600000.00000018	690.2198386261241
18580000.00000018	472.7371437430286
18560000.00000018	312.00261657900865
18540000.00000018	827.7291075107505
18520000.00000018	130.63354623624258
18500000.00000018	373.22768037008916
18480000.00000018	86.31310812259024
18460000.00000018	410.40321937159985
18440000.00000018	159.53120207027888
18420000.00000018	562.1400203527563
18400000.00000018	417.8397892682576
18380000.00000018	153.16259114707861
18360000.00000018	257.22897191103164
18340000.000000175	656.1634681700939
18320000.000000175	89.94601077543307
18300000.000000175	377.7777931670305
18280000.000000175	297.3154982510899
18260000.000000175	315.64017957639805
18240000.000000175	74.32263047647072
18220000.000000175	398.0910141804244
18200000.000000175	462.47304911375284
18180000.000000175	910.7579124032188
18160000.000000175	469.47529275972107
18140000.000000175	260.52297492311646
18120000.000000175	292.97020650087
18100000.000000175	246.54103671246514
18080000.000000175	433.2170350822017
18060000.000000175	427.908014223261
18040000.000000175	268.24565869653196
18020000.000000175	295.1903329956925
18000000.000000175	529.599902934042
17980000.000000175	616.0583267397736
17960000.00000017	361.2671841361354
17940000.00000017	316.99768692883987
17920000.00000017	280.79349115006335
17900000.00000017	423.746077144369
17880000.00000017	519.7174971519984
17860000.00000017	581.6444068733045
17840000.00000017	251.641574689931
17820000.00000017	409.8338015617836
17800000.00000017	515.3370252679749
17780000.00000017	368.54905477035425
17760000.00000017	227.89959151785763
17740000.00000017	232.54630517673965
17720000.00000017	136.8161097664435
17700000.00000017	296.1102412708707
17680000.00000017	346.1943324112441
17660000.00000017	226.30534652839094
17640000.00000017	700.1930310152555
17620000.00000017	352.27153808355706
17600000.00000017	619.8473949506131
17580000.000000168	434.48479274922994
17560000.000000168	263.47194356683053
17540000.000000168	323.43695122547405
17520000.000000168	402.29732317478056
17500000.000000168	505.71098657631995
17480000.000000168	76.01799241633917
17460000.000000168	396.94547259756325
17440000.000000168	155.41358388688454
17420000.000000168	290.49405678194836
17400000.000000168	561.780917257067
17380000.000000168	451.7654242917627
17360000.000000168	461.13709810156786
17340000.000000168	445.54915404672295
17320000.000000168	470.28694253804787
17300000.000000168	388.1606290440851
17280000.000000168	381.9570056944057
17260000.000000168	228.39339766479694
17240000.000000168	570.335042985003
17220000.000000168	209.0239432877113
17200000.000000168	355.87623944785054
17180000.000000164	305.03102628823
17160000.000000164	475.90803314993
17140000.000000164	410.68167125738506
17120000.000000164	539.7819050102801
17100000.000000164	478.613581171074
17080000.000000164	485.75615521547377
17060000.000000164	291.59984208023616
17040000.000000164	259.781630108454
17020000.000000164	214.6880253787875
17000000.000000164	195.59363429916942
16980000.000000164	122.52493347824807
16960000.000000164	463.6643322537734
16940000.000000164	223.8363899154678
16920000.000000164	20.00905607591264
16900000.000000164	582.9338618068456
16880000.000000164	261.73467601730823
16860000.000000164	349.43787580342916
16840000.000000164	357.42977159440517
16820000.000000164	160.57349800873365
16800000.00000016	147.8290521069344
16780000.00000016	530.3472964346628
16760000.000000162	132.02534940213434
16740000.000000162	250.2176706770441
16720000.000000162	330.6970409826646
16700000.00000016	279.10559298520906
16680000.00000016	378.0248768909161
16660000.00000016	1039.4770976378418
16640000.00000016	482.35834406388335
16620000.00000016	640.5491899885321
16600000.00000016	376.6241020207365
16580000.00000016	878.538353189802
16560000.00000016	63.67657371615689
16540000.00000016	403.64173729234267
16520000.00000016	556.1024168726442
16500000.000000158	604.1535640467472
16480000.000000158	352.62353236158623
16460000.000000158	168.02448870305912
16440000.000000158	68.9148198972562
16420000.000000158	351.71593532559814
16400000.000000158	382.512274012728
16380000.000000158	300.86572680523807
16360000.000000158	450.5950403603101
16340000.000000158	293.5306367793062
16320000.000000156	461.0902288318277
16300000.000000156	265.1933098266707
16280000.000000156	615.3370735825431
16260000.000000156	282.22546036685037
16240000.000000156	295.641938686644
16220000.000000156	420.12034318516277
16200000.000000156	237.74453575887094
16180000.000000156	525.8500278855278
16160000.000000156	462.1381702230103
16140000.000000156	363.95802831327103
16120000.000000155	465.50141547929576
16100000.000000155	254.1587797944023
16080000.000000155	355.9986668010443
16060000.000000155	378.88761157742846
16040000.000000155	174.45356484866346
16020000.000000155	318.89601948024
16000000.000000155	336.09911397947593
15980000.000000155	371.52827542722076
15960000.000000155	127.61120659215143
15940000.000000155	518.7755744409394
15920000.000000153	75.24145812964134
15900000.000000153	242.86905944568986
15880000.000000153	462.2572823932359
15860000.000000153	229.65747938556345
15840000.000000153	306.81581403575757
15820000.000000153	127.79922904170226
15800000.000000153	496.57534939506104
15780000.000000153	376.0748782047844
15760000.000000153	195.85626057906197
15740000.00000015	148.90039862722048
15720000.00000015	372.79755941758276
15700000.00000015	258.3435834576956
15680000.00000015	294.9085915717763
15660000.00000015	369.7714068303576
15640000.00000015	412.1478400937445
15620000.00000015	700.0804747623474
15600000.00000015	277.3514996867352
15580000.00000015	451.0444428202276
15560000.00000015	315.1105145021701
15540000.000000149	481.0890563301356
15520000.000000149	289.5333603808672
15500000.000000149	306.645802422615
15480000.000000149	432.1240664054542
15460000.000000149	500.97537399549606
15440000.000000149	52.28378980259592
15420000.000000149	398.1795059640466
15400000.000000149	339.4575614354887
15380000.000000149	460.2549232794702
15360000.000000149	293.9429993302668
15340000.000000147	748.9501682634188
15320000.000000147	496.7231346682007
15300000.000000147	367.326694647933
15280000.000000147	113.6419502468016
15260000.000000147	376.8253567360337
15240000.000000147	513.8779173452651
15220000.000000147	390.696279418585
15200000.000000147	247.90106900741625
15180000.000000147	387.7885796565819
15160000.000000145	277.58316101056835
15140000.000000145	532.1707901610826
15120000.000000145	421.6482735726262
15100000.000000145	386.50903699015
15080000.000000145	509.81629085962544
15060000.000000145	403.40671920925877
15040000.000000145	179.52803180444883
15020000.000000145	90.54904290562253
15000000.000000145	257.90245934288544
14980000.000000145	614.4578766945618
14960000.000000143	222.58103102397698
14940000.000000143	165.14671548230638
14920000.000000143	297.1991157004931
14900000.000000143	135.73790611629965
14880000.000000143	354.1722488890254
14860000.000000143	718.1715870968308
14840000.000000143	266.72379873969425
14820000.000000143	327.8280600008803
14800000.000000143	549.3074219133653
14780000.000000142	176.72789614292552
14760000.000000142	501.8766909936321
14740000.000000142	378.63819400511807
14720000.000000142	365.7378094572277
14700000.000000142	493.95380662699625
14680000.000000142	333.1838468484065
14660000.000000142	763.4272179029209
14640000.000000142	413.74824382377125
14620000.000000142	466.2418433146464
14600000.000000142	97.81433691499076
14580000.00000014	189.83860512072613
14560000.00000014	336.06367045378977
14540000.00000014	495.983672783998
14520000.00000014	590.2769864563305
14500000.00000014	224.553868102669
14480000.00000014	189.05022750449447
14460000.00000014	191.90935392915668
14440000.00000014	128.19059507716216
14420000.00000014	201.7765899109089
14400000.00000014	388.88605679065705
14380000.000000138	312.04439403339285
14360000.000000138	497.0258151983322
14340000.000000138	174.8291303594812
14320000.000000138	282.1286542188993
14300000.000000138	690.5646063262732
14280000.000000138	440.15090200321976
14260000.000000138	369.25910782541183
14240000.000000138	250.13151541624399
14220000.000000138	413.1259543527262
14200000.000000136	174.70352019912193
14180000.000000136	277.1688051839702
14160000.000000136	311.7603066084338
14140000.000000136	689.3061329340815
14120000.000000136	412.8215130597915
14100000.000000136	471.8157705811461
14080000.000000136	154.78419447937483
14060000.000000136	464.4046286267735
14040000.000000136	358.8249104164339
14020000.000000136	145.51452047339905
14000000.000000134	315.828077594668
13980000.000000134	148.05941021432884
13960000.000000134	458.4284498037528
13940000.000000134	446.0754073531803
13920000.000000134	404.73346500678747
13900000.000000134	514.4642898216404
13880000.000000134	362.3952183336993
13860000.000000134	345.3263955294589
13840000.000000134	254.19688753279607
13820000.000000134	115.01480142014523
13800000.000000132	567.1673896341557
13780000.000000132	257.0878262704225
13760000.000000132	524.8080384167905
13740000.000000132	467.61785780815256
13720000.000000132	574.1213480005845
13700000.000000132	290.58501059268997
13680000.000000132	236.2397588366306
13660000.000000132	203.3592407728667
13640000.000000132	211.5387097541304
13620000.00000013	334.7081902767291
13600000.00000013	464.84627058207036
13580000.00000013	512.9552829597172
13560000.00000013	407.97566945306573
13540000.00000013	364.9525663063384
13520000.00000013	250.1504959333377
13500000.00000013	691.7474295251777
13480000.00000013	265.5482407384581
13460000.00000013	58.41677621034828
13440000.00000013	411.0275987705827
13420000.000000129	77.05621975058969
13400000.000000129	356.33233719192447
13380000.000000129	277.8258019321674
13360000.000000129	484.7125866916044
13340000.000000129	293.7395935040392
13320000.000000129	345.5491376502216
13300000.000000129	370.82214103057623
13280000.000000129	279.92237060242
13260000.000000129	484.27966498426235
13240000.000000129	186.11586185674278
13220000.000000127	246.28075473446205
13200000.000000127	178.8144011737865
13180000.000000127	310.280420145492
13160000.000000127	463.15503601495874
13140000.000000127	156.0696922713395
13120000.000000127	666.006541763977
13100000.000000127	455.3625758922579
13080000.000000127	626.714041730417
13060000.000000127	464.1374458178565
13040000.000000125	207.0294555151762
13020000.000000125	206.14471720870355
13000000.000000125	464.8927534532468
12980000.000000125	599.7337594295224
12960000.000000125	198.47372528272768
12940000.000000125	422.2335021513238
12920000.000000125	442.3246213605728
12900000.000000125	241.92683956262255
12880000.000000125	365.07806054168407
12860000.000000125	235.7401193234871
12840000.000000123	482.0870868878558
12820000.000000123	414.5135652347297
12800000.000000123	608.2680156590483
12780000.000000123	582.0241282652916
12760000.000000123	334.9945383021119
12740000.000000123	611.8544504992788
12720000.000000123	206.12429294612357
12700000.000000123	523.520441173837
12680000.000000123	428.8366226990675
12660000.000000123	591.8341297287106
12640000.000000121	484.5719004165283
12620000.000000121	186.44210444969752
12600000.000000121	558.6945030186965
12580000.000000121	60.825511683394154
12560000.000000121	490.0801300191865
12540000.000000121	425.45858390029156
12520000.000000121	625.5707975938288
12500000.000000121	168.76018487783028
12480000.000000121	625.0133580996563
12460000.00000012	550.559313939807
12440000.00000012	248.27598485727475
12420000.00000012	204.60713867224956
12400000.00000012	283.965253445419
12380000.00000012	83.29729680376431
12360000.00000012	221.1289593385666
12340000.00000012	430.25304906699427
12320000.00000012	539.089097939745
12300000.00000012	359.8965867428802
12280000.00000012	562.0789298406619
12260000.000000117	280.07298881072785
12240000.000000117	338.97503971139525
12220000.000000117	331.73221785229794
12200000.000000117	812.1876090599469
12180000.000000117	336.8476205972942
12160000.000000117	257.5285117091011
12140000.000000117	417.1511093277548
12120000.000000117	801.9027136344934
12100000.000000117	336.2180378372552
12080000.000000117	490.7290313380817
12060000.000000115	643.0473575381948
12040000.000000115	97.47288127071113
12020000.000000115	507.71582332985696
12000000.000000115	298.6918539750824
11980000.000000115	395.18971575532765
11960000.000000115	273.48462282558387
11940000.000000115	418.4822473374596
11920000.000000115	552.0070862811407
11900000.000000115	203.33442851184748
11880000.000000114	543.080548016178
11860000.000000114	428.740968139807
11840000.000000114	306.51626298763284
11820000.000000114	247.7580129233361
11800000.000000114	273.86001110687164
11780000.000000114	218.40202473001514
11760000.000000114	369.2237962362902
11740000.000000114	402.6043289371612
11720000.000000114	543.9739780264433
11700000.000000114	539.5528282436633
11680000.000000112	402.0416158911659
11660000.000000112	547.6510793249795
11640000.000000112	585.4795396287527
11620000.000000112	30.145613652765398
11600000.000000112	784.3577907839752
11580000.000000112	763.4383310026752
11560000.000000112	326.5759235116075
11540000.000000112	491.977776710597
11520000.000000112	706.7193963133747
11500000.000000112	464.3322707417091
11480000.00000011	711.7425727661666
11460000.00000011	420.01430945036793
11440000.00000011	366.77092996233284
11420000.00000011	172.93746438832832
11400000.00000011	305.6732268267146
11380000.00000011	407.74937751134
11360000.00000011	545.8263732482542
11340000.00000011	137.60040830967236
11320000.00000011	568.9720772818935
11300000.000000108	577.5131359996949
11280000.000000108	414.1516263803785
11260000.000000108	646.4065544160479
11240000.000000108	391.93124617954027
11220000.000000108	626.7512658436085
11200000.000000108	254.67406197751555
11180000.000000108	169.68001389926914
11160000.000000108	375.5974074518671
11140000.000000108	826.6342349456577
11120000.000000108	693.0659661483977
11100000.000000106	645.9654571064178
11080000.000000106	534.1325724307611
11060000.000000106	362.5675594242045
11040000.000000106	207.32488837008324
11020000.000000106	406.38173088046966
11000000.000000106	853.4507987524113
10980000.000000106	56.25486141133668
10960000.000000106	597.651701289938
10940000.000000106	358.5237392408989
10920000.000000106	466.7578379920294
10900000.000000104	223.08040504927789
10880000.000000104	221.11209346672314
10860000.000000104	746.8707070949425
10840000.000000104	597.0378506705177
10820000.000000104	567.1795903204293
10800000.000000104	290.9982716980804
10780000.000000104	353.92854486601703
10760000.000000104	872.0554063737734
10740000.000000104	323.7354470909987
10720000.000000102	692.4160029324933
10700000.000000102	687.1422441301929
10680000.000000102	374.9475548898044
10660000.000000102	484.1168566278785
10640000.000000102	298.14277568234445
10620000.000000102	499.6488575521972
10600000.000000102	670.2500534567031
10580000.000000102	363.1754347352879
10560000.000000102	412.6327344818535
10540000.000000102	400.0203182490698
10520000.0000001	133.10710645464215
10500000.0000001	76.36755736268164
10480000.0000001	331.4820273753495
10460000.0000001	676.390752356883
10440000.0000001	217.2081674523087
10420000.0000001	495.16016723754
10400000.0000001	426.83077446525783
10380000.0000001	264.90947166018185
10360000.0000001	506.35132724868
10340000.0000001	763.8661661909529
10320000.000000099	613.0401853692307
10300000.000000099	389.318621113755
10280000.000000099	300.25649772999003
10260000.000000099	342.5627203627051
10240000.000000099	1069.0512722141632
10220000.000000099	437.50226596064425
10200000.000000099	423.0408200814604
10180000.000000099	299.4659901662199
10160000.000000099	245.05360084716452
10140000.000000097	444.88953159350586
10120000.000000097	628.5445288984405
10100000.000000097	1030.5379493163782
10080000.000000097	242.65269999052376
10060000.000000097	713.0919239383129
10040000.000000097	646.4122096146307
10020000.000000097	131.8825726360225
10000000.000000097	619.6838460026386
9980000.000000097	616.5300717360076
9960000.000000097	610.8443572589896
9940000.000000095	615.8259039608646
9920000.000000095	183.32295335236006
9900000.000000095	469.7153614057193
9880000.000000095	429.10592497144614
9860000.000000095	224.2391521977136
9840000.000000095	382.0158826762137
9820000.000000095	232.68903782455058
9800000.000000095	338.6750702610759
9780000.000000095	440.90625939571504
9760000.000000095	260.28452130009265
9740000.000000093	524.6700101026754
9720000.000000093	680.4007675149265
9700000.000000093	520.8718201872578
9680000.000000093	311.78321728794447
9660000.000000093	402.41869858069174
9640000.000000093	1240.5910942104547
9620000.000000093	637.4028884819022
9600000.000000093	833.9298612614162
9580000.000000093	578.187197731491
9560000.000000091	505.770656836321
9540000.000000091	419.0369943338822
9520000.000000091	417.0806162968382
9500000.000000091	1263.9154675164746
9480000.000000091	200.86966881491742
9460000.000000091	540.8504926222308
9440000.000000091	684.6613191732699
9420000.000000091	713.9526452969059
9400000.000000091	487.59891415706863
9380000.000000091	418.4706899000946
9360000.00000009	453.1433578602026
9340000.00000009	283.3953648099419
9320000.00000009	189.09695838151916
9300000.00000009	68.47598128162088
9280000.00000009	256.2259775652023
9260000.00000009	277.9335107983929
9240000.00000009	184.66013905283165
9220000.00000009	289.83125266234214
9200000.00000009	293.4314261788976
9180000.00000009	853.7533854976447
9160000.000000088	704.3732280693595
9140000.000000088	620.0931345777109
9120000.000000088	867.8249086790177
9100000.000000088	1113.343229572385
9080000.000000088	293.2984162877313
9060000.000000088	225.12258645576551
9040000.000000088	802.707712326549
9020000.000000088	815.8053498303319
9000000.000000088	781.4425593776381
8980000.000000086	432.70179760157663
8960000.000000086	659.7333152176024
8940000.000000086	143.79544791404786
8920000.000000086	829.124024559712
8900000.000000086	1502.3987972843393
8880000.000000086	119.78453039093965
8860000.000000086	247.2756992022776
8840000.000000086	376.79555899180554
8820000.000000086	297.564694029047
8800000.000000086	436.00977354166974
8780000.000000084	528.9876024888923
8760000.000000084	408.3839143436913
8740000.000000084	627.6390031634464
8720000.000000084	363.8351549873726
8700000.000000084	478.7706614718994
8680000.000000084	265.477310904294
8660000.000000084	679.0911950489946
8640000.000000084	576.456030533614
8620000.000000084	51.858745052920845
8600000.000000084	220.10199740104866
8580000.000000082	1047.3983749228
8560000.000000082	877.5841592890388
8540000.000000082	581.2242466546418
8520000.000000082	688.0978259074546
8500000.000000082	523.0809525316947
8480000.000000082	417.6668846229908
8460000.000000082	578.1038167075685
8440000.000000082	1449.033753930818
8420000.000000082	663.2078648239666
8400000.00000008	275.1514283267592
8380000.000000081	264.8866007259753
8360000.000000081	625.8882465422523
8340000.00000008	439.9135103819284
8320000.00000008	374.2624502416056
8300000.00000008	822.8424269264299
8280000.00000008	957.5645748513498
8260000.00000008	503.6317641482273
8240000.000000079	516.5363519556979
8220000.000000079	650.083610302729
8200000.000000079	385.4018776785496
8180000.000000079	588.403993130988
8160000.000000078	476.24512182905073
8140000.000000078	1203.408299783388
8120000.000000078	515.3744491899492
8100000.000000078	740.6278381904153
8080000.000000078	457.6102640360184
8060000.000000077	1062.7615835813508
8040000.000000077	709.2745137387144
8020000.000000077	354.0484528381936
8000000.000000077	999.7477398685746
7980000.000000077	1050.7463329395407
7960000.000000076	892.2496160755226
7940000.000000076	908.060047568257
7920000.000000076	202.12197408583185
7900000.000000076	770.8884231155143
7880000.000000076	341.16050660965635
7860000.000000075	630.0494918179733
7840000.000000075	1070.986165138035
7820000.000000075	845.0919744773674
7800000.000000075	523.648660968059
7780000.000000075	698.985140150205
7760000.0000000745	562.5839645023743
7740000.0000000745	381.5889211701321
7720000.0000000745	399.2208345639026
7700000.0000000745	358.52128388160855
7680000.0000000745	946.0042697189486
7660000.000000074	896.7224667711284
7640000.000000074	490.64520482863696
7620000.000000074	886.9736580004238
7600000.000000074	590.4031167274668
7580000.000000073	578.6363351417325
7560000.000000073	327.3895098615279
7540000.000000073	1201.4798789257675
7520000.000000073	319.9593778232083
7500000.000000073	360.00889230353147
7480000.000000072	391.49878515889685
7460000.000000072	920.6833571422701
7440000.000000072	902.7434798009847
7420000.000000072	690.9289227587187
7400000.000000072	847.5428589010877
7380000.000000071	1097.577840093465
7360000.000000071	666.2519976891608
7340000.000000071	390.18092208766774
7320000.000000071	579.6061851109295
7300000.000000071	669.0718949917173
7280000.00000007	431.76232977207854
7260000.00000007	250.6503970544008
7240000.00000007	1014.1771998000269
7220000.00000007	1249.6809172274952
7200000.00000007	718.1352831686374
7180000.000000069	655.4700021592382
7160000.000000069	771.1014961282436
7140000.000000069	389.22131976915733
7120000.000000069	633.8474372753493
7100000.000000068	205.56100324924083
7080000.000000068	2599.505216344959
7060000.000000068	867.813460169957
7040000.000000068	1077.7247327001326
7020000.000000068	394.00562385234684
7000000.000000067	747.0213478377084
6980000.000000067	530.1774044150153
6960000.000000067	959.7658493331536
6940000.000000067	1985.2366928329745
6920000.000000067	513.7386934790578
6900000.000000066	467.5907407581225
6880000.000000066	372.622101506996
6860000.000000066	400.623105719981
6840000.000000066	631.1213791144345
6820000.000000066	641.1940832051835
6800000.000000065	626.766200760671
6780000.000000065	1678.1607122564174
6760000.000000065	482.9270828464913
6740000.000000065	328.4630889673461
6720000.000000065	482.91270324778765
6700000.000000064	353.40948576173344
6680000.000000064	426.73056225317555
6660000.000000064	127.26253250035806
6640000.000000064	975.1574830618663
6620000.000000064	2055.640651454456
6600000.000000063	1175.497512275442
6580000.000000063	1014.2305795414902
6560000.000000063	1010.875156037293
6540000.000000063	964.0881412853403
6520000.000000062	929.2189029732725
6500000.000000062	806.3537900176541
6480000.000000062	3251.872396190981
6460000.000000062	931.6069294819372
6440000.000000062	516.4402900547935
6420000.0000000615	918.5399483864102
6400000.0000000615	1099.2521120957383
6380000.0000000615	873.2561866467817
6360000.0000000615	1362.7859947449354
6340000.0000000615	2192.2550309480603
6320000.000000061	1506.2912017217616
6300000.000000061	249.63223159446122
6280000.000000061	631.5505216757567
6260000.000000061	446.6771978477849
6240000.000000061	328.5481528964104
6220000.00000006	504.1910518599152
6200000.00000006	186.37948253430713
6180000.00000006	2686.965980650869
6160000.00000006	691.2860206155578
6140000.00000006	625.8580005809363
6120000.000000059	771.2783563229646
6100000.000000059	453.0336143265324
6080000.000000059	587.0821119575827
6060000.000000059	482.60299216513937
6040000.000000059	756.5324259784016
6020000.000000058	3105.51243052432
6000000.000000058	1346.6914075636057
5980000.000000058	874.9073474290412
5960000.000000058	1427.1987702520664
5940000.000000057	667.9999237669617
5920000.000000057	1048.5835330876857
5900000.000000057	1684.5925357884696
5880000.000000057	3843.316479451259
5860000.000000057	334.80917693809056
5840000.000000056	565.4981583378773
5820000.000000056	732.4893691489344
5800000.000000056	554.4812629660261
5780000.000000056	895.3399298007794
5760000.000000056	1345.3951910883873
5740000.000000055	1591.6619203307584
5720000.000000055	2281.353596711105
5700000.000000055	551.5518395363131
5680000.000000055	489.645285224222
5660000.000000055	515.6421460416517
5640000.000000054	320.1405143096831
5620000.000000054	530.0648642961648
5600000.000000054	412.3546563479363
5580000.000000054	2556.5258539499164
5560000.000000054	1254.221919632623
5540000.000000053	1173.9495182790708
5520000.000000053	604.1142841163152
5500000.000000053	634.1325643882283
5480000.000000053	794.8064169346384
5460000.000000053	575.2958731190998
5440000.000000052	672.5546033900602
5420000.000000052	3059.38801436576
5400000.000000052	1156.235304425222
5380000.000000052	1037.1405956268998
5360000.000000051	714.2235483385584
5340000.000000051	1221.9643699326355
5320000.000000051	904.0145295368055
5300000.000000051	1479.6647358189239
5280000.000000051	3536.1647568821572
5260000.00000005	1383.9735827066554
5240000.00000005	742.8177678068589
5220000.00000005	976.0701077317677
5200000.00000005	832.759961300067
5180000.00000005	692.1154203395987
5160000.000000049	441.05147270083194
5140000.000000049	848.1387536146042
5120000.000000049	2471.533285556359
5100000.000000049	899.2177731692009
5080000.000000049	679.7942958012076
5060000.000000048	624.8800464421863
5040000.000000048	1149.0989295804513
5020000.000000048	1246.5325927871625
5000000.000000048	1237.2543479272542
4980000.000000048	2679.7242627448277
4960000.0000000475	1062.7175125510219
4940000.0000000475	834.5397673320674
4920000.0000000475	671.8706598376447
4900000.0000000475	494.02929001192047
4880000.0000000475	686.7309675470998
4860000.000000047	541.200832938556
4840000.000000047	555.3950860878958
4820000.000000047	2424.6198291889746
4800000.000000047	848.0341755155181
4780000.000000046	767.7417514984036
4760000.000000046	764.8564670520152
4740000.000000046	591.1292653436028
4720000.000000046	604.9975959081688
4700000.000000046	322.0638536761389
4680000.000000045	1690.7822470480344
4660000.000000045	2369.7601388171065
4640000.000000045	1503.7525315319438
4620000.000000045	1414.6638873014917
4600000.000000045	1307.2466732248508
4580000.000000044	1085.0599771430502
4560000.000000044	1098.5671063110224
4540000.000000044	923.8852361732818
4520000.000000044	5262.274793235525
4500000.000000044	1068.7197231390771
4480000.000000043	923.8180072380205
4460000.000000043	1311.068147089161
4440000.000000043	1104.7709927670787
4420000.000000043	1015.5550845575156
4400000.000000043	1800.317387319827
4380000.000000042	3168.327825180327
4360000.000000042	1712.5554281392137
4340000.000000042	68.29778777655508
4320000.000000042	244.65287435352832
4300000.000000042	305.0664004452436
4280000.000000041	629.9606662688543
4260000.000000041	756.9782572181983
4240000.000000041	594.918753861446
4220000.000000041	6761.351059785727
4200000.00000004	1303.5678472996383
4180000.0000000405	903.4615289462056
4160000.00000004	662.4385898752805
4140000.00000004	624.3605267839231
4120000.0000000396	660.6667389637818
4100000.0000000396	409.47924202020926
4080000.000000039	1249.3202930489006
4060000.000000039	4127.3488088908425
4040000.000000039	2090.0170928563243
4020000.0000000386	1964.3840771313521
4000000.0000000386	1604.463552027721
3980000.000000038	1803.4943870323166
3960000.000000038	1577.6307135610477
3940000.000000038	2448.8023910887105
3920000.0000000377	10377.638856713324
3900000.0000000377	260.24885322767955
3880000.0000000373	735.0617992179006
3860000.0000000373	771.8950592146563
3840000.0000000373	1197.3959080727461
3820000.000000037	1649.1965767820043
3800000.000000037	1391.8813371089527
3780000.0000000363	3623.430053561735
3760000.0000000363	4820.405934695235
3740000.000000036	935.7714895130043
3720000.000000036	329.55952455498345
3700000.000000036	632.1735375590212
3680000.0000000354	254.73880588825102
3660000.0000000354	495.3581733681736
3640000.000000035	1305.7943279408923
3620000.000000035	10386.532802411171
3600000.000000035	2983.6684053631907
3580000.0000000345	1689.3365317625248
3560000.0000000345	995.8723847105266
3540000.000000034	1301.9526157785626
3520000.000000034	324.7812508485771
3500000.0000000335	487.2890684491846
3480000.0000000335	3153.1323007828637
3460000.0000000335	12798.88262105294
3440000.000000033	4474.064512383023
3420000.000000033	3065.937401113683
3400000.0000000326	2687.696127326603
3380000.0000000326	2666.840495959817
3360000.0000000326	3076.6984827268657
3340000.000000032	3859.3677865556306
3320000.000000032	13328.148449569153
3300000.0000000317	3094.9566741818917
3280000.0000000317	800.406080920954
3260000.000000031	1367.6625083654617
3240000.000000031	1700.4258570315578
3220000.000000031	1739.1875654172934
3200000.0000000307	2557.5862401659315
3180000.0000000307	5263.661217014978
3160000.0000000303	17963.235209142516
3140000.0000000303	2835.515122924612
3120000.0000000303	2066.6465341920893
3100000.00000003	1651.52628212119
3080000.00000003	1602.0627887060878
3060000.0000000293	2012.8725834650807
3040000.0000000293	3275.3926184369993
3020000.0000000293	14138.57985245674
3000000.000000029	6837.974215445644
2980000.000000029	3362.486380099774
2960000.0000000284	2237.319466454108
2940000.0000000284	1966.1291462322563
2920000.000000028	1510.4516160380156
2900000.000000028	880.1595144850298
2880000.000000028	2390.80223544261
2860000.0000000275	26393.34579049091
2840000.0000000275	5412.96844346653
2820000.000000027	4500.2065235678765
2800000.000000027	3916.8327987016346
2780000.000000027	4280.310309445069
2760000.0000000265	4789.772174689369
2740000.0000000265	7137.628131660749
2720000.000000026	21329.322945527896
2700000.000000026	11327.574868774474
2680000.0000000256	3791.457157191978
2660000.0000000256	1873.4097836540916
2640000.0000000256	1200.394250716962
2620000.000000025	999.6724009472623
2600000.000000025	1103.8590326581118
2580000.0000000247	1754.3109655158787
2560000.0000000247	25684.366003465722
2540000.0000000247	3226.5704452524637
2520000.000000024	1773.558684994959
2500000.000000024	1983.4759618930268
2480000.0000000237	2153.1645528444183
2460000.0000000237	3053.957505583516
2440000.0000000237	5707.759653911789
2420000.0000000233	19923.01552533191
2400000.0000000233	18437.092417993732
2380000.000000023	7464.072898400716
2360000.000000023	5299.341263268983
2340000.0000000224	4557.302770175497
2320000.0000000224	3786.452838685528
2300000.0000000224	3058.4959342420702
2280000.000000022	2994.759008148298
2260000.000000022	28036.971761774512
2240000.0000000214	3404.368383048431
2220000.0000000214	3440.179895897083
2200000.0000000214	3562.1128138187028
2180000.000000021	3785.957972897037
2160000.000000021	4732.8963091323485
2140000.0000000205	6589.645339789974
2120000.0000000205	15720.685435510039
2100000.00000002	14917.54628192068
2080000.00000002	4441.49802178203
2060000.0000000198	2570.880010184522
2040000.0000000196	2240.0141386838336
2020000.0000000196	1389.432081331442
2000000.0000000193	1832.372334984359
1980000.000000019	1862.627997449969
1960000.0000000189	25263.312471880912
1940000.0000000186	2737.275903030109
1920000.0000000186	2084.390766874258
1900000.0000000184	1851.4279100768729
1880000.0000000182	1871.8530811828273
1860000.000000018	2294.545780770463
1840000.0000000177	3239.893394078389
1820000.0000000175	8841.469157393769
1800000.0000000175	15651.846602787778
1780000.0000000172	6354.466175404824
1760000.000000017	4277.2410623336755
1740000.0000000168	3924.795407604761
1720000.0000000165	4245.160612310966
1700000.0000000163	4014.886420005566
1680000.0000000163	5325.73478731352
1660000.000000016	28361.962847078867
1640000.0000000158	3125.4442404506285
1620000.0000000156	2235.4885826860973
1600000.0000000154	2494.742443928469
1580000.0000000151	2826.5926034631843
1560000.0000000151	3367.8008372969884
1540000.000000015	4677.427597313668
1520000.0000000147	10586.16034024739
1500000.0000000144	19066.096204975463
1480000.0000000142	5791.812656599359
1460000.000000014	4172.24464089554
1440000.000000014	3772.251774192421
1420000.0000000137	3926.1531332662694
1400000.0000000135	4464.324531109436
1380000.0000000133	5476.056664088636
1360000.000000013	24368.357253174276
1340000.0000000128	4643.099059289334
1320000.0000000128	2408.6187085566435
1300000.0000000126	2206.8848966962
1280000.0000000123	2719.038562968157
1260000.000000012	3244.5063308739846
1240000.0000000119	4748.942721336905
1220000.0000000119	10565.597260542223
1200000.0000000116	30645.83269906207
1180000.0000000114	7708.00304950375
1160000.0000000112	5445.654277149254
1140000.000000011	4789.310628255523
1120000.0000000107	4515.603509603947
1100000.0000000107	4887.018866896297
1080000.0000000105	5728.658965391259
1060000.0000000102	19771.640370885227
1040000.00000001	6037.409364029775
1020000.0000000098	3454.9285792711644
1000000.0000000097	2702.7746506343624
980000.0000000094	2327.0373349882093
960000.0000000093	1969.6137925812782
940000.0000000091	2700.411317141981
920000.0000000088	7716.241898173667
900000.0000000087	47353.7977555511
880000.0000000085	11635.740387630905
860000.0000000083	8635.561755107463
840000.0000000081	7490.770310926438
820000.0000000079	7390.985106511398
800000.0000000077	7915.245571288615
780000.0000000076	10173.778053601764
760000.0000000073	32927.653858852966
740000.0000000071	16962.38304804404
720000.000000007	9112.57387902872
700000.0000000068	7752.416197016578
680000.0000000065	8128.358273626157
660000.0000000064	8952.05514653407
640000.0000000062	10048.644512007157
620000.0000000059	14382.044219766432
600000.0000000058	51342.55345256559
580000.0000000056	4426.721938331573
560000.0000000054	5036.307111859544
540000.0000000052	5785.64559667456
520000.000000005	7398.7554629675415
500000.00000000483	9450.887503261756
480000.00000000466	17524.899158125034
460000.0000000044	69521.94029767287
440000.00000000425	56052.76124569285
420000.0000000041	26319.159578975028
400000.00000000384	20819.249678736498
380000.00000000367	18655.65779110383
360000.0000000035	17475.60999939124
340000.00000000326	17973.038171613316
320000.0000000031	18148.362104908214
300000.0000000029	78244.83016118532
280000.0000000027	26005.464615749173
260000.0000000025	27893.49747711189
240000.00000000233	32064.667479763124
220000.00000000212	39287.54373353792
200000.00000000192	53100.91370395937
180000.00000000175	84271.98282796945
160000.00000000154	251782.91969289767
140000.00000000134	207166.68360729967
120000.00000000116	66992.90575321202
100000.00000000096	37158.26501374244
80000.00000000077	24965.51119703954
60000.00000000058	17513.546227201772
40000.000000000386	12591.656622162582
20000.000000000193	9910.531268512268
