0.0	495300.0
20000.000000000193	6161.7268852785
40000.000000000386	9808.250034552064
60000.00000000058	14307.013509103439
80000.00000000077	23776.010660023363
100000.00000000096	37767.79991319004
120000.00000000116	69884.6987923762
140000.00000000134	229891.36537940925
160000.00000000154	246008.53118347694
180000.00000000175	87926.17517677715
200000.00000000192	55901.500048866634
220000.00000000212	42054.01454736523
240000.00000000233	35715.42888079083
260000.0000000025	30086.17902428822
280000.0000000027	26434.68679322822
300000.0000000029	24497.95137173031
320000.0000000031	23500.9276400434
340000.00000000326	22193.85553603009
360000.0000000035	21563.353441788764
380000.00000000367	23883.995890745846
400000.00000000384	27248.607722746434
420000.0000000041	36566.1435315481
440000.00000000425	89404.55195976765
460000.0000000044	70342.70413792235
480000.00000000466	19468.07637758519
500000.00000000483	9751.613777518707
520000.000000005	6610.791637238093
540000.0000000052	5764.521599297433
560000.0000000054	5004.132094133042
580000.0000000056	4121.9391166138485
600000.0000000058	4593.173805420855
620000.0000000059	4309.722702537309
640000.0000000062	4659.821377830061
660000.0000000064	4184.646102307279
680000.0000000065	6106.845202657405
700000.0000000068	7899.254788482083
720000.000000007	13778.111753857065
740000.0000000071	45905.54316712168
760000.0000000073	49661.06157056629
780000.0000000076	19009.475309561276
800000.0000000077	12841.278430648119
820000.0000000079	10029.704343545174
840000.0000000081	9926.734916805184
860000.0000000083	8161.875964549741
880000.0000000085	7353.0276727661285
900000.0000000087	7031.629649729803
920000.0000000088	7357.886642667989
940000.0000000091	6662.309063178636
960000.0000000093	6431.209748927559
980000.0000000094	7881.740988658287
1000000.0000000097	9477.361078176136
1020000.0000000098	13241.913152373034
1040000.00000001	36363.190346674775
1060000.0000000102	32223.15116745334
1080000.0000000105	11112.818188658895
1100000.0000000107	6791.640572296569
1120000.0000000107	5483.25274016582
1140000.000000011	5441.467832583864
1160000.0000000112	4746.671134815215
1180000.0000000114	3819.46969695921
1200000.0000000116	4281.124881303912
1220000.0000000119	4146.320739442558
1240000.0000000119	4226.271639277467
1260000.000000012	3532.0641367896405
1280000.0000000123	5264.571966916901
1300000.0000000126	6156.685937013355
1320000.0000000128	9410.505343927012
1340000.0000000128	27512.5649700627
1360000.000000013	25712.897016005125
1380000.0000000133	9182.19513155803
1400000.0000000135	5957.367238467845
1420000.0000000137	4335.977318573227
1440000.000000014	4890.548803656649
1460000.000000014	3575.8594348023557
1480000.0000000142	3290.3901380475336
1500000.0000000144	2948.608782335305
1520000.0000000147	3416.6872847271197
1540000.000000015	2713.2323569313958
1560000.0000000151	2739.009554979203
1580000.0000000151	3428.6475659098223
1600000.0000000154	4479.563765346293
1620000.0000000156	6645.828353992284
1640000.0000000158	21691.727740148486
1660000.000000016	21906.55972070993
1680000.0000000163	8721.270285648017
1700000.0000000163	5775.259475819312
1720000.0000000165	4790.33533948895
1740000.0000000168	5145.667300888362
1760000.000000017	4319.050239450976
1780000.0000000172	3400.5821208874904
1800000.0000000175	3788.373091871428
1820000.0000000175	3825.2204086437832
1840000.0000000177	3641.5621527804237
1860000.000000018	2817.8976502739883
1880000.0000000182	4552.328346917896
1900000.0000000184	5220.760780145205
1920000.0000000186	7498.717288157531
1940000.0000000186	20395.77202945434
1960000.0000000189	16376.016628340105
1980000.000000019	5160.173511551727
2000000.0000000193	2927.402971908494
2020000.0000000196	1717.9992716915729
2040000.0000000196	2485.9911499673017
2060000.0000000198	1330.364374330004
2080000.00000002	1350.8662338514805
2100000.00000002	899.1036418916075
2120000.0000000205	1397.075277270332
2140000.0000000205	752.3372928093668
2160000.000000021	1297.2627623229637
2180000.000000021	1236.1074010417074
2200000.0000000214	2073.403862187097
2220000.0000000214	3713.4198976445746
2240000.0000000214	15115.768709924732
2260000.000000022	16708.900140367165
2280000.000000022	7147.792186978376
2300000.0000000224	4902.352602497408
2320000.0000000224	4011.157195381702
2340000.0000000224	4656.0220725195695
2360000.000000023	3717.01001133147
2380000.000000023	2896.2019584091618
2400000.0000000233	3153.297187380401
2420000.0000000233	3359.2743878437523
2440000.0000000237	2946.2603805342087
2460000.0000000237	2120.711734309742
2480000.0000000237	3741.3469212441028
2500000.000000024	4331.456337214715
2520000.000000024	6003.693193595511
2540000.0000000247	16160.514200237305
2560000.0000000247	11888.852772517199
2580000.0000000247	3518.7207650211485
2600000.000000025	1587.4106666831356
2620000.000000025	739.3307981042539
2640000.0000000256	1500.8969494131707
2660000.0000000256	603.9960826190294
2680000.0000000256	249.7601709490541
2700000.000000026	349.14954284444707
2720000.000000026	320.932061258768
2740000.0000000265	437.72864837855474
2760000.0000000265	932.0441813279219
2780000.000000027	796.8864570495394
2800000.000000027	1210.8473893793505
2820000.000000027	2751.2938409202566
2840000.0000000275	11917.730491980477
2860000.0000000275	13157.091011324743
2880000.000000028	5730.236858022084
2900000.000000028	3989.317082733165
2920000.000000028	3139.3301274932815
2940000.0000000284	3978.6672278559886
2960000.0000000284	2981.0432362855267
2980000.000000029	2339.104503957903
3000000.000000029	2424.664018808582
3020000.0000000293	2775.5241841519132
3040000.0000000293	2193.3739906139863
3060000.0000000293	1559.7987935209203
3080000.00000003	2851.950176360682
3100000.00000003	3410.818337947127
3120000.0000000303	4612.462439147995
3140000.0000000303	13012.312285726932
3160000.0000000303	9737.516942053107
3180000.0000000307	3285.375265032609
3200000.0000000307	1627.4200739967594
3220000.000000031	1304.0071076357535
3240000.000000031	1786.456532241492
3260000.000000031	1317.2158433991192
3280000.0000000317	581.7916154558376
3300000.0000000317	1113.3023480682944
3320000.000000032	890.6139220936406
3340000.000000032	1099.6919600878457
3360000.0000000326	878.8003201464015
3380000.0000000326	1432.2363157112886
3400000.0000000326	1521.9227736589028
3420000.000000033	2828.810035596651
3440000.000000033	10397.003345153433
3460000.0000000335	10367.263339763269
3480000.0000000335	4380.899847657045
3500000.0000000335	3041.5631857472445
3520000.000000034	2227.1625192034126
3540000.000000034	3171.0257391153864
3560000.0000000345	2169.2344942564973
3580000.0000000345	1762.0724994685804
3600000.000000035	1657.2809750273796
3620000.000000035	2112.0005470866095
3640000.000000035	1437.8196004234399
3660000.0000000354	1250.2551122068642
3680000.0000000354	1942.3323180842804
3700000.000000036	2484.6325923421023
3720000.000000036	3313.9369315227177
3740000.000000036	10481.182040901816
3760000.0000000363	8687.628651483477
3780000.0000000363	3496.1318179726986
3800000.000000037	2057.8465116553157
3820000.000000037	1788.6701396368776
3840000.0000000373	2334.2936972930297
3860000.0000000373	1842.6475560138415
3880000.0000000373	1012.0240784459481
3900000.0000000377	1523.8000299853607
3920000.0000000377	1431.7964437183678
3940000.000000038	1425.5412482591764
3960000.000000038	726.733361193742
3980000.000000038	1829.740797061691
4000000.0000000386	1915.000516806794
4020000.0000000386	3030.9669385853804
4040000.000000039	9579.657699014446
4060000.000000039	8131.749503463611
4080000.000000039	3168.4701172229225
4100000.0000000396	2115.6171443207454
4120000.0000000396	1344.3813849109877
4140000.00000004	2328.411172591161
4160000.00000004	1357.859190504463
4180000.0000000405	1196.3627462529325
4200000.00000004	907.3670201004645
4220000.000000041	1416.630986439181
4240000.000000041	733.0149288464683
4260000.000000041	1187.9451079222922
4280000.000000041	1084.22777465921
4300000.000000042	1608.6780756696296
4320000.000000042	2198.1063457744576
4340000.000000042	8503.526007978338
4360000.000000042	7994.24116696667
4380000.000000042	3601.7876417124835
4400000.000000043	2320.933125652296
4420000.000000043	1971.1047991864189
4440000.000000043	2682.3512181577867
4460000.000000043	2072.153989505727
4480000.000000043	1232.9524569988764
4500000.000000044	1651.6674515905713
4520000.000000044	1721.4748232617715
4540000.000000044	1488.3600258690763
4560000.000000044	469.1797508138773
4580000.000000044	1929.1507984617126
4600000.000000045	2082.8574233142062
4620000.000000045	3020.7846408364144
4640000.000000045	8909.511888029261
4660000.000000045	6470.1261574860955
4680000.000000045	2255.0124104074835
4700000.000000046	1309.4488912626064
4720000.000000046	596.0776356674318
4740000.000000046	1607.8243473337927
4760000.000000046	688.6515321033061
4780000.000000046	671.7768084534576
4800000.000000047	231.89369643337287
4820000.000000047	754.5562519587204
4840000.000000047	160.79243538763427
4860000.000000047	1205.8338213668792
4880000.0000000475	409.26056994779293
4900000.0000000475	873.0057778832615
4920000.0000000475	1453.3062286970312
4940000.0000000475	7138.495015486965
4960000.0000000475	7286.949448664642
4980000.000000048	3457.485857248994
5000000.000000048	2340.504387789812
5020000.000000048	1890.2316940904368
5040000.000000048	2760.6899309568507
5060000.000000048	2039.8732908098236
5080000.000000049	1285.2358340850828
5100000.000000049	1554.5032648594433
5120000.000000049	1783.7977713709147
5140000.000000049	1352.0701750699334
5160000.000000049	346.650920290008
5180000.00000005	1782.7371000029536
5200000.00000005	2021.660183169878
5220000.00000005	2759.6085207054643
5240000.00000005	8144.8991880635
5260000.00000005	5438.222275310237
5280000.000000051	1859.3331234354387
5300000.000000051	838.6485166829775
5320000.000000051	435.68309456151616
5340000.000000051	1276.5049225871742
5360000.000000051	610.7537384810299
5380000.000000052	232.897883129849
5400000.000000052	352.1879954162402
5420000.000000052	335.16017850160404
5440000.000000052	409.0170771807173
5460000.000000053	1154.7008046627373
5480000.000000053	505.09186794681796
5500000.000000053	539.1718841177768
5520000.000000053	1308.8826585096974
5540000.000000053	6392.218981118047
5560000.000000054	6449.970795730795
5580000.000000054	3075.9171843771915
5600000.000000054	2142.5516948986606
5620000.000000054	1607.4351332923839
5640000.000000054	2589.453869237429
5660000.000000055	1796.3843419911864
5680000.000000055	1205.3591591983056
5700000.000000055	1288.4957560377381
5720000.000000055	1653.0023532695984
5740000.000000055	1075.7390134062484
5760000.000000056	606.5693388911213
5780000.000000056	1455.4559180743565
5800000.000000056	1775.877421323969
5820000.000000056	2299.948904056933
5840000.000000056	7245.292630560953
5860000.000000057	4967.40792940258
5880000.000000057	1965.0790670637518
5900000.000000057	940.957547759968
5920000.000000057	840.9947186123751
5940000.000000057	1451.742444457856
5960000.000000058	1019.3751438784537
5980000.000000058	250.07640569808444
6000000.000000058	774.0912829822825
6020000.000000058	612.3942673637828
6040000.000000059	749.167358933227
6060000.000000059	978.7322001744442
6080000.000000059	909.7452378701986
6100000.000000059	784.3469969796024
6120000.000000059	1551.4526192100348
6140000.00000006	6104.1164393121435
6160000.00000006	5513.1688155330285
6180000.00000006	2532.642572666492
6200000.00000006	1780.8283425191444
6220000.00000006	1191.2121347013112
6240000.000000061	2227.169721386043
6260000.000000061	1405.7925230103324
6280000.000000061	1026.451087087374
6300000.000000061	911.4134536527038
6320000.000000061	1371.4603379472471
6340000.0000000615	715.9202809204176
6360000.0000000615	937.7553794366077
6380000.0000000615	1017.0275048078569
6400000.0000000615	1402.0297962972256
6420000.0000000615	1729.1359773051997
6440000.000000062	6288.30835842808
6460000.000000062	4816.586315635795
6480000.000000062	2225.3181476104555
6500000.000000062	1263.3428259902694
6520000.000000062	1151.7928993172716
6540000.000000063	1804.8853569569887
6560000.000000063	1373.4662701471061
6580000.000000063	528.1522758240435
6600000.000000063	1036.358334692257
6620000.000000064	986.0063884884031
6640000.000000064	943.0661781095139
6660000.000000064	687.9563227989057
6680000.000000064	1165.8567377460333
6700000.000000064	1090.220584779566
6720000.000000065	1780.6346757894692
6740000.000000065	6004.479097885695
6760000.000000065	4587.1399887139005
6780000.000000065	1944.6148401356486
6800000.000000065	1324.7881858887008
6820000.000000066	716.4555542504535
6840000.000000066	1766.25473243409
6860000.000000066	954.8521401414889
6880000.000000066	780.0020270126413
6900000.000000066	482.5895840048838
6920000.000000067	991.8335875813597
6940000.000000067	327.15314872788804
6960000.000000067	1187.9767803329878
6980000.000000067	542.6562185621298
7000000.000000067	962.2353180368098
7020000.000000068	1164.964444695934
7040000.000000068	5416.824513845021
7060000.000000068	4717.028869525565
7080000.000000068	2385.874447679114
7100000.000000068	1501.5862744411595
7120000.000000069	1286.4265460813524
7140000.000000069	2073.5262635485774
7160000.000000069	1561.6869925963879
7180000.000000069	726.8787621736351
7200000.00000007	1134.5552118677072
7220000.00000007	1234.221218191963
7240000.00000007	991.1779610174021
7260000.00000007	362.66305142038465
7280000.00000007	1242.9141295033874
7300000.000000071	1267.8464449475105
7320000.000000071	1844.6151468783162
7340000.000000071	5865.617635642715
7360000.000000071	3822.8484833440593
7380000.000000071	1479.7266816314377
7400000.000000072	869.0236915198293
7420000.000000072	301.34383518125384
7440000.000000072	1348.937438987052
7460000.000000072	606.212614997714
7480000.000000072	497.0237720673996
7500000.000000073	100.09119956750624
7520000.000000073	589.0833248616126
7540000.000000073	86.7631541421202
7560000.000000073	1305.9550472966412
7580000.000000073	194.2982805527195
7600000.000000074	532.7032920055267
7620000.000000074	798.5498936174489
7640000.000000074	4785.285754792519
7660000.000000074	4503.301648176948
7680000.0000000745	2360.8749864337756
7700000.0000000745	1582.4661368460195
7720000.0000000745	1248.5015052075364
7740000.0000000745	2167.7685782322965
7760000.0000000745	1569.6254670485714
7780000.000000075	829.382927826634
7800000.000000075	1080.7956079269654
7820000.000000075	1329.2210737601815
7840000.000000075	909.6634396637
7860000.000000075	363.50790064919596
7880000.000000076	1155.4852932908118
7900000.000000076	1295.3533975736952
7920000.000000076	1723.1756049699434
7940000.000000076	5572.759924761955
7960000.000000076	3354.273835934641
7980000.000000077	1327.579890748533
8000000.000000077	591.5097748165736
8020000.000000077	366.19991233133027
8040000.000000077	1173.344704595536
8060000.000000077	644.7937720093745
8080000.000000078	213.58533749736387
8100000.000000078	357.3693592561519
8120000.000000078	357.1966737561142
8140000.000000078	385.94523553971146
8160000.000000078	1276.1220528278564
8180000.000000079	424.38532227981636
8200000.000000079	305.1588495179104
8220000.000000079	830.7264393111143
8240000.000000079	4475.260222451968
8260000.00000008	4124.8937154549285
8280000.00000008	2151.3826628841507
8300000.00000008	1502.8469365546107
8320000.00000008	1065.1094214185262
8340000.00000008	2076.0126961268597
8360000.000000081	1415.2616511128663
8380000.000000081	837.626987496051
8400000.00000008	900.4750025696858
8420000.000000082	1274.0463517708915
8440000.000000082	724.5496797704863
8460000.000000082	713.5867966693112
8480000.000000082	936.3589868992997
8500000.000000082	1186.5603128180924
8520000.000000082	1447.204105105715
8540000.000000082	5115.679611745069
8560000.000000082	3199.0880832525745
8580000.000000082	1477.0867013657994
8600000.000000084	686.8359928773845
8620000.000000084	671.0993111201632
8640000.000000084	1311.6207716936065
8660000.000000084	940.534550582289
8680000.000000084	130.30863641245705
8700000.000000084	653.0631431244882
8720000.000000084	548.1304916953366
8740000.000000084	625.0266440324103
8760000.000000084	1112.550254350831
8780000.000000084	709.3526807930218
8800000.000000086	494.550961426746
8820000.000000086	1065.6750892370655
8840000.000000086	4423.756545611596
8860000.000000086	3614.4834792945644
8880000.000000086	1806.9499850561476
8900000.000000086	1288.2278532076389
8920000.000000086	777.7985196770818
8940000.000000086	1830.759997518899
8960000.000000086	1141.527588913122
8980000.000000086	760.7767733530784
9000000.000000088	629.6661707611787
9020000.000000088	1090.1624426779101
9040000.000000088	468.3880583492875
9060000.000000088	1054.675215200835
9080000.000000088	630.0217067412991
9100000.000000088	970.4210188427566
9120000.000000088	1075.7188853130187
9140000.000000088	4561.7138316237715
9160000.000000088	3222.7433666076427
9180000.00000009	1702.6324543204585
9200000.00000009	940.0543966056231
9220000.00000009	888.1309617457296
9240000.00000009	1575.8050177615373
9260000.00000009	1210.2036265738282
9280000.00000009	344.46372826717396
9300000.00000009	842.8376495793157
9320000.00000009	834.2218638869049
9340000.00000009	765.9158972733467
9360000.00000009	865.7370977805197
9380000.000000091	880.1731140546085
9400000.000000091	737.3980058286704
9420000.000000091	1249.8348810764298
9440000.000000091	4466.947696090681
9460000.000000091	3061.311299961936
9480000.000000091	1417.531733787674
9500000.000000091	983.9277708585239
9520000.000000091	441.5437863752167
9540000.000000091	1502.711848144035
9560000.000000091	824.5898602219438
9580000.000000093	613.7075954986511
9600000.000000093	315.41653689237296
9620000.000000093	816.833712711799
9640000.000000093	176.91718379991957
9660000.000000093	1297.0469261177427
9680000.000000093	292.65625147001043
9700000.000000093	685.1257828525868
9720000.000000093	699.7184154150331
9740000.000000093	4029.2978257803525
9760000.000000095	3250.318195083006
9780000.000000095	1841.9173084531787
9800000.000000095	1139.8711168916639
9820000.000000095	977.1647894352851
9840000.000000095	1787.216627493592
9860000.000000095	1361.4869021824663
9880000.000000095	524.2279035910608
9900000.000000095	912.5774201347461
9920000.000000095	1041.9886498309934
9940000.000000095	801.7132811043302
9960000.000000097	654.6582914756439
9980000.000000097	920.6746283535164
10000000.000000097	893.9931253174443
10020000.000000097	1301.0393786098223
10040000.000000097	4452.492898401974
10060000.000000097	2590.301028173837
10080000.000000097	1122.217462812031
10100000.000000097	661.8836057686217
10120000.000000097	184.41146928091607
10140000.000000097	1209.1860054793685
10160000.000000099	613.6883525552599
10180000.000000099	416.1829936140039
10200000.000000099	123.98727304318123
10220000.000000099	523.9727928419197
10240000.000000099	114.25392746556527
10260000.000000099	1406.7375717110538
10280000.000000099	143.56819298891915
10300000.000000099	379.9608106718173
10320000.000000099	494.38200781256546
10340000.0000001	3649.0323156815653
10360000.0000001	3169.363007485134
10380000.0000001	1834.987464960674
10400000.0000001	1224.0579758012293
10420000.0000001	937.2790678162321
10440000.0000001	1867.029489774931
10460000.0000001	1371.1248225618463
10480000.0000001	636.6612134990046
10500000.0000001	864.6805991619954
10520000.0000001	1131.8119495472176
10540000.000000102	737.3717062735304
10560000.000000102	676.9562281855962
10580000.000000102	838.5915510881046
10600000.000000102	942.9039019497219
10620000.000000102	1209.8102410314027
10640000.000000102	4299.321977282755
10660000.000000102	2319.6059814919236
10680000.000000102	1068.022809707307
10700000.000000102	466.4428279113634
10720000.000000102	345.7635426944137
10740000.000000104	1101.7532676845494
10760000.000000104	685.2776753345931
10780000.000000104	193.22170919060483
10800000.000000104	364.88073732137553
10820000.000000104	382.57433044227383
10840000.000000104	372.73116316755215
10860000.000000104	1377.138819749904
10880000.000000104	394.6498778722988
10900000.000000104	184.61879058177746
10920000.000000106	606.7767772749096
10940000.000000106	3494.1797731174793
10960000.000000106	2944.7585214359797
10980000.000000106	1681.0654873773274
11000000.000000106	1182.0727501094823
11020000.000000106	785.7252967535981
11040000.000000106	1797.6751994615747
11060000.000000106	1247.82038603969
11080000.000000106	673.2626467759144
11100000.000000106	715.0523977089592
11120000.000000108	1097.056939491652
11140000.000000108	587.7928717865161
11160000.000000108	923.3571877419682
11180000.000000108	656.6401427495296
11200000.000000108	887.7518949871207
11220000.000000108	999.0939014352236
11240000.000000108	4001.1007230803275
11260000.000000108	2274.267259449331
11280000.000000108	1224.7089743946158
11300000.000000108	555.4156405035154
11320000.00000011	585.5165032614125
11340000.00000011	1224.124837700052
11360000.00000011	924.8924895860986
11380000.00000011	70.75670901747816
11400000.00000011	596.9418461329738
11420000.00000011	540.2904146064898
11440000.00000011	571.9791939588225
11460000.00000011	1229.9730979883163
11480000.00000011	604.7854606401477
11500000.000000112	336.2906604461885
11520000.000000112	816.6946079612986
11540000.000000112	3521.6959658043224
11560000.000000112	2601.6149208431016
11580000.000000112	1418.591992899175
11600000.000000112	1027.936277431621
11620000.000000112	553.2937243879912
11640000.000000112	1602.0375153671976
11660000.000000112	1027.336945052221
11680000.000000112	634.2027488174359
11700000.000000114	491.6467051409728
11720000.000000114	951.326105971656
11740000.000000114	376.21697472433766
11760000.000000114	1204.9229734297337
11780000.000000114	408.4569484236413
11800000.000000114	744.796867311418
11820000.000000114	713.8365185272984
11840000.000000114	3612.734226990673
11860000.000000114	2352.2571654189237
11880000.000000114	1419.3506646182582
11900000.000000115	767.7683650248975
11920000.000000115	745.3826292755592
11940000.000000115	1440.5455211459605
11960000.000000115	1146.5000522645944
11980000.000000115	263.1643351671821
12000000.000000115	746.2946880106384
12020000.000000115	776.6569839895919
12040000.000000115	693.3560627279469
12060000.000000115	1024.151639548828
12080000.000000117	719.2853475784683
12100000.000000117	540.0457916812304
12120000.000000117	958.3863249811498
12140000.000000117	3607.187916466307
12160000.000000117	2210.4046174822993
12180000.000000117	1123.5073439662804
12200000.000000117	794.5497548782981
12220000.000000117	286.35731261941396
12240000.000000117	1339.7755510199581
12260000.000000117	781.7865281913378
12280000.00000012	527.1617473722565
12300000.00000012	240.8306622340131
12320000.00000012	728.5451920649255
12340000.00000012	138.10109956455887
12360000.00000012	1414.6695576192915
12380000.00000012	141.55873772808502
12400000.00000012	538.825421943938
12420000.00000012	431.4133877983497
12440000.00000012	3233.0061767693255
12460000.00000012	2418.6745146115277
12480000.000000121	1535.0347651196016
12500000.000000121	939.9999999999992
12520000.000000121	801.6022159059373
12540000.000000121	1614.8021736994542
12560000.000000121	1272.1344606710543
12580000.000000121	431.89648360217166
12600000.000000121	797.1188978516748
12620000.000000121	955.2452175185288
12640000.000000121	727.4321565776667
12660000.000000123	872.6490082952045
12680000.000000123	729.0940327893373
12700000.000000123	679.8831256400141
12720000.000000123	987.1007800873224
12740000.000000123	3632.9032738274045
12760000.000000123	1874.9219187728952
12780000.000000123	917.4465455844567
12800000.000000123	540.3766399218335
12820000.000000123	148.10474697182116
12840000.000000123	1112.6917127555812
12860000.000000125	644.3085794008988
12880000.000000125	366.4800857252417
12900000.000000125	165.0994681476623
12920000.000000125	497.6567571140602
12940000.000000125	152.19283317757993
12960000.000000125	1507.9149047826586
12980000.000000125	167.01898965371274
13000000.000000125	302.3361512828489
13020000.000000125	332.31307374504667
13040000.000000125	2972.4523092425125
13060000.000000127	2387.5657865109765
13080000.000000127	1527.3131676950288
13100000.000000127	1019.0210676213865
13120000.000000127	753.4080616887998
13140000.000000127	1679.5508838872092
13160000.000000127	1277.2687522332603
13180000.000000127	544.6661964130553
13200000.000000127	748.8621064012311
13220000.000000127	1034.5488444195364
13240000.000000129	674.5826580800115
13260000.000000129	905.8979943113108
13280000.000000129	641.0442870017175
13300000.000000129	737.2691614936905
13320000.000000129	900.6275639210445
13340000.000000129	3535.3655317103708
13360000.000000129	1698.5894172947967
13380000.000000129	916.1382363370042
13400000.000000129	389.7573662243598
13420000.000000129	341.6765754660944
13440000.00000013	1043.9523129525244
13460000.00000013	728.8567978939582
13480000.00000013	172.02840008658478
13500000.00000013	375.008473321492
13520000.00000013	411.00858629380576
13540000.00000013	375.96049040414994
13560000.00000013	1475.6731465833093
13580000.00000013	385.8353287739618
13600000.00000013	113.79238923539155
13620000.00000013	490.467670785238
13640000.000000132	2892.3359138385354
13660000.000000132	2232.172006416009
13680000.000000132	1396.4951127402996
13700000.000000132	992.4306172342704
13720000.000000132	614.5992190461361
13740000.000000132	1617.330114313785
13760000.000000132	1167.726003693883
13780000.000000132	590.1272473338296
13800000.000000132	613.815439561179
13820000.000000134	1004.588537572782
13840000.000000134	545.0860369092496
13860000.000000134	1108.8427055117281
13880000.000000134	474.2220989582869
13900000.000000134	711.5942478376127
13920000.000000134	718.8600209043533
13940000.000000134	3310.7423991424735
13960000.000000134	1704.5276957226606
13980000.000000134	1072.4987435853209
14000000.000000134	476.17725438861726
14020000.000000136	536.3979164165434
14040000.000000136	1159.302925181175
14060000.000000136	936.7625099269369
14080000.000000136	41.728444938252416
14100000.000000136	570.2840804714236
14120000.000000136	555.0937601673654
14140000.000000136	559.4357117658234
14160000.000000136	1341.0645138357002
14180000.000000136	542.625250454505
14200000.000000136	233.61860622414412
14220000.000000138	671.237978426695
14240000.000000138	2954.760708640859
14260000.000000138	1972.7751032588392
14280000.000000138	1176.2267712419884
14300000.000000138	868.9111030858438
14320000.000000138	411.0700753297754
14340000.000000138	1447.2190359867193
14360000.000000138	977.0400405312586
14380000.000000138	565.1267469513579
14400000.00000014	417.1027078196794
14420000.00000014	876.056136186958
14440000.00000014	360.2618823814556
14460000.00000014	1350.916089132086
14480000.00000014	256.9934435581542
14500000.00000014	612.3158558345298
14520000.00000014	479.2521783947126
14540000.00000014	3006.784156286945
14560000.00000014	1804.0845889129312
14580000.00000014	1243.7960219016738
14600000.000000142	663.4687117824925
14620000.000000142	657.6346867465409
14640000.000000142	1347.4584678033702
14660000.000000142	1128.3764877506856
14680000.000000142	231.64935488216537
14700000.000000142	695.0435763580508
14720000.000000142	761.5712863818927
14740000.000000142	676.5658674518302
14760000.000000142	1164.9751195028136
14780000.000000142	615.1414457042692
14800000.000000143	412.53618732293694
14820000.000000143	776.1100783230193
14840000.000000143	3054.9726459980507
14860000.000000143	1667.5471019356178
14880000.000000143	935.4181552298867
14900000.000000143	674.5134596086403
14920000.000000143	187.19494020978422
14940000.000000143	1223.0064300743784
14960000.000000143	775.7466628715641
14980000.000000145	474.41227607807247
15000000.000000145	211.0431489924058
15020000.000000145	681.5335156087866
15040000.000000145	171.88923253795502
15060000.000000145	1535.1135658203616
15080000.000000145	42.06778947369675
15100000.000000145	456.1837088736281
15120000.000000145	255.41132811211384
15140000.000000145	2710.0521343574933
15160000.000000145	1884.3431985427594
15180000.000000147	1339.9515014733943
15200000.000000147	816.6750172678185
15220000.000000147	689.5665452500026
15240000.000000147	1496.703821530509
15260000.000000147	1235.795634064801
15280000.000000147	392.04522394968234
15300000.000000147	733.2861325266686
15320000.000000147	919.2687971090129
15340000.000000147	714.8743497506553
15360000.000000149	1050.4851571870383
15380000.000000149	598.5858599195207
15400000.000000149	541.5987094057117
15420000.000000149	781.9913593989133
15440000.000000149	3095.125189242388
15460000.000000149	1406.2825925746088
15480000.000000149	785.4717018860227
15500000.000000149	459.6202825264207
15520000.000000149	153.35650480058342
15540000.000000149	1036.926480651783
15560000.00000015	682.74341777754
15580000.00000015	330.0271255400592
15600000.00000015	199.91114496881502
15620000.00000015	491.5004823938299
15640000.00000015	204.2937852786453
15660000.00000015	1614.5279026679789
15680000.00000015	210.52547897391906
15700000.00000015	265.49930346350175
15720000.00000015	254.24873918502863
15740000.00000015	2517.587938297993
15760000.000000153	1875.8014770210216
15780000.000000153	1326.7741309088167
15800000.000000153	889.7138298207931
15820000.000000153	632.4469161909607
15840000.000000153	1548.7963283427187
15860000.000000153	1235.2515404889043
15880000.000000153	500.9942080663808
15900000.000000153	683.3785684203121
15920000.000000153	987.9540687481011
15940000.000000155	671.8755370557624
15960000.000000155	1094.0982323563765
15980000.000000155	500.5511134461334
16000000.000000155	605.0657018644541
16020000.000000155	691.5011824531529
16040000.000000155	3022.9975758466408
16060000.000000155	1283.1028608270824
16080000.000000155	818.2463767541288
16100000.000000155	337.17187411905684
16120000.000000155	344.84026605484723
16140000.000000156	993.9751703102492
16160000.000000156	774.7676631067482
16180000.000000156	149.97562555982282
16200000.000000156	388.167873682192
16220000.000000156	442.9875371669104
16240000.000000156	401.9208001683856
16260000.000000156	1579.3304948522828
16280000.000000156	389.2915797927831
16300000.000000156	79.40191471140851
16320000.000000156	431.720761645903
16340000.000000158	2480.809575182882
16360000.000000158	1757.358370665976
16380000.000000158	1206.3199338244767
16400000.000000158	870.0140286201313
16420000.000000158	498.79021673693086
16440000.000000158	1487.9802779462946
16460000.000000158	1132.0188959742613
16480000.000000158	546.5972654483178
16500000.000000158	556.152717931557
16520000.00000016	956.7780918551329
16540000.00000016	556.0103474369414
16560000.00000016	1277.2218480219613
16580000.00000016	338.9836034029696
16600000.00000016	600.0732313082534
16620000.00000016	523.2682411271484
16640000.00000016	2837.085172187314
16660000.00000016	1318.2613965781663
16680000.00000016	973.0012417409678
16700000.00000016	424.4630271516242
16720000.000000162	506.91326792415254
16740000.000000162	1107.2157541786144
16760000.000000162	963.9208791546931
16780000.00000016	44.14100649945744
16800000.00000016	560.8970389114348
16820000.000000164	582.5940899863826
16840000.000000164	580.2139628005032
16860000.000000164	1453.7469587740677
16880000.000000164	504.1927290798037
16900000.000000164	158.85830489096458
16920000.000000164	581.1956216579027
16940000.000000164	2562.2280016008776
16960000.000000164	1546.1722536941165
16980000.000000164	1010.2412692727255
17000000.000000164	763.4817980012507
17020000.000000164	312.1306013266571
17040000.000000164	1331.9385454401693
17060000.000000164	959.4914480698076
17080000.000000164	524.5536644838758
17100000.000000164	376.37878617713983
17120000.000000164	835.7987367589064
17140000.000000164	390.6851702505485
17160000.000000164	1495.695197580649
17180000.000000164	139.5286066139112
17200000.000000168	531.7485854150809
17220000.000000168	310.3587556199622
17240000.000000168	2581.2359404046383
17260000.000000168	1428.4193020245468
17280000.000000168	1126.8714882904321
17300000.000000168	596.3102120833474
17320000.000000168	600.159222408046
17340000.000000168	1277.9555036841832
17360000.000000168	1135.915326934191
17380000.000000168	228.31651185041753
17400000.000000168	670.0674583408528
17420000.000000168	770.7460291842227
17440000.000000168	700.2849912910964
17460000.000000168	1299.3724037503448
17480000.000000168	542.0145660280185
17500000.000000168	321.9950984173058
17520000.000000168	653.1429161322244
17540000.000000168	2668.002498517182
17560000.000000168	1291.8857085693621
17580000.000000168	804.252414267228
17600000.00000017	592.0816353045869
17620000.00000017	121.09078687267973
17640000.00000017	1131.3623081519352
17660000.00000017	787.8295630325194
17680000.00000017	438.5677371137436
17700000.00000017	204.92108867958504
17720000.00000017	658.4703438758471
17740000.00000017	241.26913058782088
17760000.00000017	1662.3624341237582
17780000.00000017	71.58523053619109
17800000.00000017	411.45350619005137
17820000.00000017	136.73005220831277
17840000.00000017	2334.6106069499365
17860000.00000017	1514.1913560435767
17880000.00000017	1207.339277183105
17900000.00000017	736.4248436813695
17920000.00000017	613.274805919335
17940000.00000017	1409.7976937103497
17960000.00000017	1229.9219325637002
17980000.000000175	381.0671455250125
18000000.000000175	699.7501474690531
18020000.000000175	913.3246588474283
18040000.000000175	745.4652038798354
18060000.000000175	1211.1938226804486
18080000.000000175	501.0855111564745
18100000.000000175	445.50351214178033
18120000.000000175	636.8097588463324
18140000.000000175	2712.989431763461
18160000.000000175	1074.9382311981324
18180000.000000175	694.0203843127697
18200000.000000175	401.2450886331119
18220000.000000175	173.86492775564895
18240000.000000175	972.7997168924933
18260000.000000175	724.6600256974172
18280000.000000175	299.9841494389765
18300000.000000175	230.2128035783667
18320000.000000175	498.33751066234356
18340000.000000175	275.90192249974154
18360000.00000018	1731.338171688092
18380000.00000018	259.2525155029981
18400000.00000018	255.14868415521184
18420000.00000018	237.3151865961558
18440000.00000018	2185.4926237018663
18460000.00000018	1517.4766810584106
18480000.00000018	1187.4436914898704
18500000.00000018	804.1544986676038
18520000.00000018	547.6229411163785
18540000.00000018	1451.4710783841
18560000.00000018	1223.4941673082303
18580000.00000018	484.1117121745669
18600000.00000018	647.8519933236327
18620000.00000018	972.2592651682967
18640000.00000018	710.9570905557734
18660000.00000018	1265.6067575639368
18680000.00000018	390.4347308459296
18700000.00000018	515.8135754059938
18720000.00000018	538.1000239409792
18740000.00000018	2652.85102093715
18760000.000000183	984.9199911541142
18780000.000000183	751.8682400536782
18800000.000000183	298.36566634785515
18820000.000000183	352.14065455526907
18840000.000000183	949.2771754728175
18860000.000000183	823.0435555479388
18880000.000000183	127.09157713867728
18900000.000000183	404.9508517611473
18920000.000000183	479.4086975319057
18940000.000000183	455.2760008779082
18960000.000000183	1693.3230222978545
18980000.000000183	402.363317690601
19000000.000000183	83.24983616805655
19020000.000000183	407.8476233450309
19040000.000000183	2177.6043352101055
19060000.000000183	1421.2859844608827
19080000.000000183	1071.0474943201382
19100000.000000183	787.3148997579585
19120000.000000183	415.30899602088857
19140000.000000186	1389.2751483511604
19160000.000000186	1122.3983746093452
19180000.000000186	525.3415059762102
19200000.000000186	524.7119779385832
19220000.000000186	936.9727329835503
19240000.000000186	604.8626486060132
19260000.000000186	1440.84941882406
19280000.000000186	228.15585098679156
19300000.000000186	528.3914548131293
19320000.000000186	375.195827903789
19340000.000000186	2488.2748728960637
19360000.000000186	1039.85079757828
19380000.000000186	905.5558659004059
19400000.000000186	389.6531459552372
19420000.000000186	489.75544110563726
19440000.000000186	1063.80987949412
19460000.000000186	1001.4574710814113
19480000.000000186	67.24732708590462
19500000.000000186	563.9101150438662
19520000.00000019	619.8420964539687
19540000.00000019	633.4639805435594
19560000.00000019	1574.0975492423304
19580000.00000019	481.7910829719765
19600000.00000019	99.25901684756388
19620000.00000019	525.0162150758326
19640000.00000019	2271.640859865818
19660000.00000019	1240.466879764725
19680000.00000019	889.266440228561
19700000.00000019	690.2624527276787
19720000.00000019	238.80822699765218
19740000.00000019	1240.6573628276242
19760000.00000019	961.001319806244
19780000.00000019	500.1877742514223
19800000.00000019	356.0824175303363
19820000.00000019	818.170810816895
19840000.00000019	454.4809450089839
19860000.00000019	1646.3176348986772
19880000.00000019	38.73456984170243
19900000.00000019	485.0522152708787
19920000.000000194	178.51144073406232
19940000.000000194	2261.172096847215
19960000.000000194	1156.9015370313198
19980000.000000194	1046.3938270678225
20000000.000000194	552.5181371549247
20020000.000000194	561.7438324264799
20040000.000000194	1224.0200510805148
20060000.000000194	1160.514910904822
20080000.000000194	242.22461291008156
20100000.000000194	663.2615934396974
20120000.000000194	797.124053647077
20140000.000000194	759.9241121076433
20160000.000000194	1436.1431280988286
20180000.000000194	488.3814886163554
20200000.000000194	253.04836871188184
20220000.000000194	566.3235785221544
20240000.000000194	2379.8580629011267
20260000.000000194	1018.1625123484098
20280000.000000194	707.1091456217541
20300000.000000197	532.404791180672
20320000.000000197	81.43534704739449
20340000.000000197	1054.9534794610631
20360000.000000197	810.0336629394812
20380000.000000197	412.25473393776826
20400000.000000197	211.45486281133483
20420000.000000197	651.6978111016442
20440000.000000197	332.4983202437981
20460000.000000197	1801.876634857976
20480000.000000197	150.35538785649814
20500000.000000197	393.01667100724137
20520000.000000197	90.6738465327174
20540000.000000197	2046.5262976316815
20560000.000000197	1245.5115076236857
20580000.000000197	1114.1342645608013
20600000.000000197	683.770115001772
20620000.000000197	559.6908380918621
20640000.000000197	1343.5546517534674
20660000.000000197	1244.3559085696234
20680000.0000002	388.1257402564756
20700000.0000002	687.0543563948033
20720000.0000002	928.7429244310055
20740000.0000002	812.9130669201327
20760000.0000002	1368.715959362769
20780000.0000002	423.20356860175724
20800000.0000002	375.75358751174196
20820000.0000002	527.8954930473784
20840000.0000002	2425.655303943273
20860000.0000002	828.318845884056
20880000.0000002	627.708179364825
20900000.0000002	356.23007770175116
20920000.0000002	198.1828399683523
20940000.0000002	915.897018209678
20960000.0000002	768.8098573629065
20980000.0000002	273.1663441456237
21000000.0000002	258.74961840047763
21020000.0000002	515.3179271302995
21040000.0000002	369.6070497114378
21060000.000000205	1863.378499634058
21080000.000000205	312.3589417226001
21100000.000000205	263.790847767988
21120000.000000205	259.87089175436915
21140000.000000205	1927.3071988980555
21160000.000000205	1256.1021160535722
21180000.000000205	1087.1413170308406
21200000.000000205	747.0722928515222
21220000.000000205	485.97285994317025
21240000.000000205	1376.4967357804455
21260000.000000205	1231.9350355522868
21280000.000000205	484.30898795493977
21300000.000000205	632.93760001832
21320000.000000205	978.8278616873602
21340000.000000205	785.502122661701
21360000.000000205	1435.0543392457375
21380000.000000205	297.1463284770829
21400000.000000205	455.10523873261087
21420000.000000205	418.08340354975985
21440000.000000205	2370.5141574057407
21460000.00000021	760.3185787805353
21480000.00000021	706.1986031451078
21500000.00000021	268.2757343230099
21520000.00000021	362.47032017704544
21540000.00000021	908.682732047143
21560000.00000021	874.1373498669841
21580000.00000021	103.87301864563499
21600000.00000021	426.2026999611305
21620000.00000021	521.5968136735532
21640000.00000021	539.0239283988718
21660000.00000021	1822.7653756861976
21680000.00000021	424.78183786862934
21700000.00000021	111.86222939540377
21720000.00000021	406.67159007716936
21740000.00000021	1941.154089498072
21760000.00000021	1174.763736004709
21780000.00000021	970.9849201572182
21800000.00000021	730.78855147025
21820000.00000021	352.66620524976423
21840000.000000212	1311.1622083612058
21860000.000000212	1130.0592329496085
21880000.000000212	518.5122930288163
21900000.000000212	511.2556626229842
21920000.000000212	937.6574194573444
21940000.000000212	686.3557415226206
21960000.000000212	1610.1460000804216
21980000.000000212	129.29412700047973
22000000.000000212	484.8289154644248
22020000.000000212	255.17466697445906
22040000.000000212	2217.1786260551257
22060000.000000212	831.0628798351447
22080000.000000212	860.0581864443473
22100000.000000212	366.74003245178386
22120000.000000212	481.4396282845161
22140000.000000212	1027.392581258267
22160000.000000212	1047.4964826226949
22180000.000000212	98.51127421909074
22200000.000000212	577.5651229969337
22220000.000000216	666.7068183414196
22240000.000000216	720.6433333877378
22260000.000000216	1707.9232611154955
22280000.000000216	472.325498831265
22300000.000000216	47.823512773502486
22320000.000000216	491.6927636715718
22340000.000000216	2045.421602770378
22360000.000000216	1014.3592835279486
22380000.000000216	797.135485519667
22400000.000000216	638.3742913809906
22420000.000000216	181.91859941698905
22440000.000000216	1165.4043138223522
22460000.000000216	974.8432368341514
22480000.000000216	486.34255589276427
22500000.000000216	349.5524383649131
22520000.000000216	817.4705115074864
22540000.000000216	547.4078340271584
22560000.000000216	1810.4231970273959
22580000.000000216	55.915003293804695
22600000.000000216	463.7016539683969
22620000.00000022	68.59289214128752
22640000.00000022	2006.918965563988
22660000.00000022	954.2799721681744
22680000.00000022	991.2561944525235
22700000.00000022	525.4133386899214
22720000.00000022	536.8115682658523
22740000.00000022	1182.0118707092472
22760000.00000022	1198.4016184412208
22780000.00000022	268.19500213858436
22800000.00000022	671.2516469280921
22820000.00000022	838.4910242259518
22840000.00000022	855.6382647806887
22860000.00000022	1582.9351185596702
22880000.00000022	448.85085952777797
22900000.00000022	197.56132951145054
22920000.00000022	503.4819265209767
22940000.00000022	2155.3185493496894
22960000.00000022	812.5114700526551
22980000.00000022	631.8564118751714
23000000.000000224	487.61214591215685
23020000.000000224	70.35163536044614
23040000.000000224	988.4887426946447
23060000.000000224	838.6084093213698
23080000.000000224	391.88498888677526
23100000.000000224	225.27854273990704
23120000.000000224	657.8014797516327
23140000.000000224	445.53687257289107
23160000.000000224	1960.1813752026308
23180000.000000224	231.4201518934691
23200000.000000224	395.27749475770025
23220000.000000224	137.45513092473692
23240000.000000224	1812.9400444869723
23260000.000000224	1045.364559472324
23280000.000000224	1048.5001780602086
23300000.000000224	650.9926639574294
23320000.000000224	522.1591549447207
23340000.000000224	1292.910375322466
23360000.000000224	1274.3970844228243
23380000.000000227	408.45881734949336
23400000.000000227	691.0609762442363
23420000.000000227	962.3364106272246
23440000.000000227	916.8861028066146
23460000.000000227	1533.5179922737411
23480000.000000227	358.1316708573418
23500000.000000227	324.3160944927908
23520000.000000227	442.2898631412428
23540000.000000227	2200.1140106015846
23560000.000000227	638.2441256210437
23580000.000000227	578.4349821002593
23600000.000000227	319.49773401014306
23620000.000000227	223.01023409330162
23640000.000000227	863.7933817047449
23660000.000000227	815.0507543778796
23680000.000000227	247.84776775431993
23700000.000000227	287.8035934855839
23720000.000000227	541.7481799005853
23740000.000000227	488.5322620807159
23760000.000000227	2016.8268583893334
23780000.00000023	372.16336364245404
23800000.00000023	287.33543647431003
23820000.00000023	303.1346189422714
23840000.00000023	1715.682724516356
23860000.00000023	1061.5289461626257
23880000.00000023	1014.1855047891729
23900000.00000023	710.656394530079
23920000.00000023	440.7236858213446
23940000.00000023	1318.314749402852
23960000.00000023	1255.7300633892764
23980000.00000023	497.376844533417
24000000.00000023	634.4047161885113
24020000.00000023	1004.2871103447909
24040000.00000023	895.4097238785982
24060000.00000023	1613.7470913419181
24080000.00000023	213.31945492682283
24100000.00000023	415.91230336551286
24120000.00000023	318.62933122793567
24140000.00000023	2145.734489018736
24160000.000000235	585.2539910168235
24180000.000000235	675.7268211200588
24200000.000000235	244.2903133738692
24220000.000000235	375.60377990281796
24240000.000000235	871.7510685800711
24260000.000000235	928.8644417186409
24280000.000000235	82.50284969095038
24300000.000000235	453.1488391361871
24320000.000000235	571.4685184997804
24340000.000000235	656.2580155192908
24360000.000000235	1973.8973925115934
24380000.000000235	457.67991198984447
24400000.000000235	151.05687825771477
24420000.000000235	421.424460954734
24440000.000000235	1747.855751496279
24460000.000000235	991.1914599218965
24480000.000000235	895.447654750838
24500000.000000235	693.3150160126781
24520000.000000235	304.6915113621635
24540000.00000024	1248.3931777927244
24560000.00000024	1150.5921210841138
24580000.00000024	522.6664588451599
24600000.00000024	511.9155454097978
24620000.00000024	955.8074149540494
24640000.00000024	801.0597316677258
24660000.00000024	1795.035333593523
24680000.00000024	35.677956764069016
24700000.00000024	463.8977926475414
24720000.00000024	151.47925627176664
24740000.00000024	1996.851835770145
24760000.00000024	670.8804377472355
24780000.00000024	831.4256952244533
24800000.00000024	353.5101931578663
24820000.00000024	480.40052051452415
24840000.00000024	997.545522103345
24860000.00000024	1101.807765331103
24880000.00000024	136.2071424554104
24900000.00000024	601.8878814729014
24920000.00000024	724.7461294189092
24940000.000000242	845.2980394725301
24960000.000000242	1862.0000440799904
24980000.000000242	475.2039287919829
25000000.000000242	1.8645315466396216e-12
24980000.000000242	475.20392879198295
24960000.000000242	1862.0000440799906
24940000.000000242	845.2980394725299
24920000.00000024	724.7461294189079
24900000.00000024	601.8878814729015
24880000.00000024	136.20714245541032
24860000.00000024	1101.807765331102
24840000.00000024	997.5455221033466
24820000.00000024	480.4005205145243
24800000.00000024	353.51019315786607
24780000.00000024	831.4256952244526
24760000.00000024	670.8804377472356
24740000.00000024	1996.8518357701469
24720000.00000024	151.47925627176647
24700000.00000024	463.89779264754117
24680000.00000024	35.67795676406818
24660000.00000024	1795.0353335935304
24640000.00000024	801.0597316677284
24620000.00000024	955.8074149540457
24600000.00000024	511.9155454097999
24580000.00000024	522.6664588451617
24560000.00000024	1150.5921210841138
24540000.00000024	1248.393177792729
24520000.000000235	304.69151136216374
24500000.000000235	693.3150160126786
24480000.000000235	895.4476547508394
24460000.000000235	991.191459921899
24440000.000000235	1747.8557514962822
24420000.000000235	421.4244609547314
24400000.000000235	151.05687825771633
24380000.000000235	457.6799119898443
24360000.000000235	1973.8973925115938
24340000.000000235	656.2580155192902
24320000.000000235	571.4685184997799
24300000.000000235	453.1488391361842
24280000.000000235	82.50284969095038
24260000.000000235	928.8644417186373
24240000.000000235	871.7510685800748
24220000.000000235	375.60377990281904
24200000.000000235	244.29031337386806
24180000.000000235	675.7268211200608
24160000.000000235	585.2539910168225
24140000.00000023	2145.7344890187346
24120000.00000023	318.62933122793504
24100000.00000023	415.912303365512
24080000.00000023	213.3194549268222
24060000.00000023	1613.7470913419186
24040000.00000023	895.4097238785986
24020000.00000023	1004.2871103447908
24000000.00000023	634.4047161885113
23980000.00000023	497.37684453341575
23960000.00000023	1255.7300633892735
23940000.00000023	1318.3147494028535
23920000.00000023	440.7236858213459
23900000.00000023	710.6563945300794
23880000.00000023	1014.185504789172
23860000.00000023	1061.5289461626237
23840000.00000023	1715.6827245163572
23820000.00000023	303.1346189422717
23800000.00000023	287.33543647431117
23780000.00000023	372.16336364245745
23760000.000000227	2016.8268583893346
23740000.000000227	488.53226208071277
23720000.000000227	541.7481799005878
23700000.000000227	287.8035934855855
23680000.000000227	247.84776775432033
23660000.000000227	815.0507543778783
23640000.000000227	863.7933817047466
23620000.000000227	223.01023409330568
23600000.000000227	319.49773401014374
23580000.000000227	578.4349821002593
23560000.000000227	638.2441256210446
23540000.000000227	2200.114010601584
23520000.000000227	442.2898631412417
23500000.000000227	324.3160944927899
23480000.000000227	358.1316708573419
23460000.000000227	1533.5179922737357
23440000.000000227	916.8861028066137
23420000.000000227	962.3364106272245
23400000.000000227	691.0609762442353
23380000.000000227	408.4588173494895
23360000.000000224	1274.3970844228218
23340000.000000224	1292.9103753224695
23320000.000000224	522.1591549447207
23300000.000000224	650.9926639574296
23280000.000000224	1048.500178060208
23260000.000000224	1045.3645594723257
23240000.000000224	1812.940044486974
23220000.000000224	137.4551309247377
23200000.000000224	395.27749475770037
23180000.000000224	231.42015189347052
23160000.000000224	1960.1813752026296
23140000.000000224	445.5368725728927
23120000.000000224	657.8014797516337
23100000.000000224	225.2785427399073
23080000.000000224	391.88498888677634
23060000.000000224	838.6084093213735
23040000.000000224	988.4887426946453
23020000.000000224	70.35163536044605
23000000.000000224	487.61214591215395
22980000.00000022	631.856411875173
22960000.00000022	812.5114700526547
22940000.00000022	2155.3185493496885
22920000.00000022	503.48192652097697
22900000.00000022	197.56132951145386
22880000.00000022	448.85085952777814
22860000.00000022	1582.9351185596674
22840000.00000022	855.6382647806889
22820000.00000022	838.4910242259529
22800000.00000022	671.2516469280924
22780000.00000022	268.1950021385863
22760000.00000022	1198.4016184412205
22740000.00000022	1182.011870709251
22720000.00000022	536.8115682658525
22700000.00000022	525.4133386899216
22680000.00000022	991.256194452523
22660000.00000022	954.2799721681754
22640000.00000022	2006.9189655639875
22620000.00000022	68.59289214128583
22600000.000000216	463.70165396839786
22580000.000000216	55.91500329380653
22560000.000000216	1810.423197027398
22540000.000000216	547.4078340271611
22520000.000000216	817.4705115074885
22500000.000000216	349.55243836490973
22480000.000000216	486.3425558927651
22460000.000000216	974.8432368341538
22440000.000000216	1165.4043138223485
22420000.000000216	181.91859941699153
22400000.000000216	638.3742913809904
22380000.000000216	797.1354855196671
22360000.000000216	1014.3592835279483
22340000.000000216	2045.4216027703783
22320000.000000216	491.6927636715723
22300000.000000216	47.82351277350262
22280000.000000216	472.3254988312632
22260000.000000216	1707.9232611154955
22240000.000000216	720.643333387736
22220000.000000216	666.7068183414141
22200000.000000212	577.5651229969316
22180000.000000212	98.51127421909396
22160000.000000212	1047.4964826226844
22140000.000000212	1027.39258125828
22120000.000000212	481.4396282845168
22100000.000000212	366.74003245178403
22080000.000000212	860.0581864443467
22060000.000000212	831.0628798351428
22040000.000000212	2217.178626055125
22020000.000000212	255.17466697445897
22000000.000000212	484.8289154644249
21980000.000000212	129.29412700047942
21960000.000000212	1610.1460000804207
21940000.000000212	686.3557415226226
21920000.000000212	937.6574194573454
21900000.000000212	511.25566262298344
21880000.000000212	518.5122930288171
21860000.000000212	1130.0592329496108
21840000.000000212	1311.1622083612083
21820000.00000021	352.6662052497587
21800000.00000021	730.7885514702484
21780000.00000021	970.9849201572187
21760000.00000021	1174.7637360047072
21740000.00000021	1941.1540894980712
21720000.00000021	406.67159007716936
21700000.00000021	111.86222939540191
21680000.00000021	424.78183786863036
21660000.00000021	1822.765375686197
21640000.00000021	539.0239283988732
21620000.00000021	521.596813673553
21600000.00000021	426.20269996113075
21580000.00000021	103.87301864563662
21560000.00000021	874.1373498669846
21540000.00000021	908.6827320471444
21520000.00000021	362.47032017704464
21500000.00000021	268.2757343230131
21480000.00000021	706.1986031451091
21460000.00000021	760.3185787805392
21440000.000000205	2370.5141574057398
21420000.000000205	418.0834035497601
21400000.000000205	455.1052387326099
21380000.000000205	297.14632847708367
21360000.000000205	1435.0543392457416
21340000.000000205	785.5021226616989
21320000.000000205	978.8278616873616
21300000.000000205	632.9376000183214
21280000.000000205	484.3089879549401
21260000.000000205	1231.935035552285
21240000.000000205	1376.4967357804449
21220000.000000205	485.97285994317065
21200000.000000205	747.0722928515222
21180000.000000205	1087.1413170308397
21160000.000000205	1256.1021160535704
21140000.000000205	1927.3071988980555
21120000.000000205	259.8708917543686
21100000.000000205	263.79084776798777
21080000.000000205	312.35894172259907
21060000.000000205	1863.3784996340567
21040000.0000002	369.60704971143895
21020000.0000002	515.3179271302998
21000000.0000002	258.7496184004758
20980000.0000002	273.166344145621
20960000.0000002	768.8098573629031
20940000.0000002	915.897018209676
20920000.0000002	198.1828399683527
20900000.0000002	356.2300777017529
20880000.0000002	627.7081793648255
20860000.0000002	828.3188458840561
20840000.0000002	2425.6553039432756
20820000.0000002	527.8954930473793
20800000.0000002	375.7535875117421
20780000.0000002	423.20356860175866
20760000.0000002	1368.7159593627732
20740000.0000002	812.9130669201338
20720000.0000002	928.7429244310055
20700000.0000002	687.0543563948025
20680000.0000002	388.12574025647706
20660000.000000197	1244.3559085696259
20640000.000000197	1343.5546517534663
20620000.000000197	559.6908380918628
20600000.000000197	683.7701150017731
20580000.000000197	1114.1342645608001
20560000.000000197	1245.5115076236857
20540000.000000197	2046.526297631686
20520000.000000197	90.67384653271785
20500000.000000197	393.0166710072421
20480000.000000197	150.35538785649933
20460000.000000197	1801.8766348579766
20440000.000000197	332.4983202438035
20420000.000000197	651.6978111016464
20400000.000000197	211.4548628113345
20380000.000000197	412.25473393776775
20360000.000000197	810.0336629394799
20340000.000000197	1054.953479461059
20320000.000000197	81.43534704739416
20300000.000000197	532.4047911806736
20280000.000000194	707.1091456217522
20260000.000000194	1018.162512348418
20240000.000000194	2379.8580629011217
20220000.000000194	566.3235785221603
20200000.000000194	253.0483687118745
20180000.000000194	488.38148861636154
20160000.000000194	1436.1431280988384
20140000.000000194	759.9241121076436
20120000.000000194	797.1240536470779
20100000.000000194	663.2615934396987
20080000.000000194	242.2246129100847
20060000.000000194	1160.5149109048243
20040000.000000194	1224.0200510805153
20020000.000000194	561.7438324264795
20000000.000000194	552.5181371549247
19980000.000000194	1046.3938270678211
19960000.000000194	1156.9015370313211
19940000.000000194	2261.1720968472155
19920000.000000194	178.51144073406212
19900000.00000019	485.05221527088094
19880000.00000019	38.73456984170431
19860000.00000019	1646.3176348986615
19840000.00000019	454.48094500898526
19820000.00000019	818.1708108168867
19800000.00000019	356.08241753033644
19780000.00000019	500.1877742514248
19760000.00000019	961.0013198062378
19740000.00000019	1240.65736282762
19720000.00000019	238.80822699765096
19700000.00000019	690.262452727678
19680000.00000019	889.2664402285624
19660000.00000019	1240.4668797647246
19640000.00000019	2271.64085986582
19620000.00000019	525.0162150758307
19600000.00000019	99.25901684756519
19580000.00000019	481.79108297197644
19560000.00000019	1574.0975492423283
19540000.00000019	633.4639805435543
19520000.00000019	619.8420964539665
19500000.000000186	563.9101150438643
19480000.000000186	67.24732708590582
19460000.000000186	1001.4574710814093
19440000.000000186	1063.809879494121
19420000.000000186	489.75544110563914
19400000.000000186	389.65314595523796
19380000.000000186	905.5558659004076
19360000.000000186	1039.8507975782807
19340000.000000186	2488.27487289606
19320000.000000186	375.19582790378814
19300000.000000186	528.3914548131265
19280000.000000186	228.15585098679117
19260000.000000186	1440.8494188240604
19240000.000000186	604.8626486060174
19220000.000000186	936.9727329835496
19200000.000000186	524.7119779385821
19180000.000000186	525.3415059762101
19160000.000000186	1122.3983746093422
19140000.000000186	1389.2751483511622
19120000.000000183	415.3089960208891
19100000.000000183	787.3148997579578
19080000.000000183	1071.0474943201375
19060000.000000183	1421.285984460878
19040000.000000183	2177.604335210101
19020000.000000183	407.8476233450329
19000000.000000183	83.24983616805784
18980000.000000183	402.36331769060155
18960000.000000183	1693.323022297857
18940000.000000183	455.2760008779103
18920000.000000183	479.4086975319072
18900000.000000183	404.9508517611475
18880000.000000183	127.09157713867683
18860000.000000183	823.0435555479396
18840000.000000183	949.2771754728183
18820000.000000183	352.14065455526935
18800000.000000183	298.36566634785504
18780000.000000183	751.8682400536779
18760000.000000183	984.9199911541152
18740000.00000018	2652.8510209371516
18720000.00000018	538.100023940979
18700000.00000018	515.8135754059932
18680000.00000018	390.4347308459295
18660000.00000018	1265.6067575639315
18640000.00000018	710.9570905557731
18620000.00000018	972.2592651682952
18600000.00000018	647.8519933236329
18580000.00000018	484.1117121745684
18560000.00000018	1223.4941673082292
18540000.00000018	1451.471078384099
18520000.00000018	547.6229411163785
18500000.00000018	804.1544986676015
18480000.00000018	1187.4436914898708
18460000.00000018	1517.4766810584072
18440000.00000018	2185.492623701866
18420000.00000018	237.31518659615546
18400000.00000018	255.14868415521207
18380000.00000018	259.25251550299976
18360000.00000018	1731.3381716880951
18340000.000000175	275.90192249973893
18320000.000000175	498.3375106623438
18300000.000000175	230.212803578367
18280000.000000175	299.98414943897444
18260000.000000175	724.6600256974158
18240000.000000175	972.7997168924909
18220000.000000175	173.8649277556516
18200000.000000175	401.24508863311104
18180000.000000175	694.0203843127755
18160000.000000175	1074.9382311981394
18140000.000000175	2712.9894317634644
18120000.000000175	636.8097588463355
18100000.000000175	445.5035121417821
18080000.000000175	501.08551115647487
18060000.000000175	1211.193822680451
18040000.000000175	745.4652038798334
18020000.000000175	913.3246588474278
18000000.000000175	699.7501474690532
17980000.000000175	381.06714552501234
17960000.00000017	1229.921932563698
17940000.00000017	1409.7976937103485
17920000.00000017	613.2748059193354
17900000.00000017	736.4248436813684
17880000.00000017	1207.3392771831063
17860000.00000017	1514.191356043588
17840000.00000017	2334.610606949949
17820000.00000017	136.7300522083087
17800000.00000017	411.4535061900536
17780000.00000017	71.58523053619005
17760000.00000017	1662.3624341237596
17740000.00000017	241.2691305878231
17720000.00000017	658.4703438758486
17700000.00000017	204.92108867958788
17680000.00000017	438.56773711374325
17660000.00000017	787.8295630325212
17640000.00000017	1131.3623081519338
17620000.00000017	121.0907868726776
17600000.00000017	592.081635304588
17580000.000000168	804.2524142672241
17560000.000000168	1291.8857085693614
17540000.000000168	2668.0024985171854
17520000.000000168	653.1429161322244
17500000.000000168	321.9950984173055
17480000.000000168	542.0145660280178
17460000.000000168	1299.37240375035
17440000.000000168	700.284991291096
17420000.000000168	770.7460291842176
17400000.000000168	670.0674583408511
17380000.000000168	228.31651185041653
17360000.000000168	1135.9153269341948
17340000.000000168	1277.9555036841796
17320000.000000168	600.1592224080442
17300000.000000168	596.3102120833473
17280000.000000168	1126.8714882904314
17260000.000000168	1428.4193020245493
17240000.000000168	2581.2359404046374
17220000.000000168	310.35875561996505
17200000.000000168	531.7485854150809
17180000.000000164	139.5286066139101
17160000.000000164	1495.6951975806478
17140000.000000164	390.68517025054933
17120000.000000164	835.7987367589061
17100000.000000164	376.37878617714176
17080000.000000164	524.5536644838752
17060000.000000164	959.4914480698056
17040000.000000164	1331.938545440171
17020000.000000164	312.13060132665396
17000000.000000164	763.4817980012497
16980000.000000164	1010.2412692727235
16960000.000000164	1546.1722536941195
16940000.000000164	2562.228001600875
16920000.000000164	581.1956216579022
16900000.000000164	158.85830489096568
16880000.000000164	504.1927290798034
16860000.000000164	1453.7469587740698
16840000.000000164	580.2139628005021
16820000.000000164	582.5940899863791
16800000.00000016	560.8970389114342
16780000.00000016	44.141006499458825
16760000.000000162	963.9208791546951
16740000.000000162	1107.2157541786137
16720000.000000162	506.9132679241527
16700000.00000016	424.46302715162335
16680000.00000016	973.0012417409671
16660000.00000016	1318.2613965781597
16640000.00000016	2837.0851721873164
16620000.00000016	523.2682411271521
16600000.00000016	600.0732313082534
16580000.00000016	338.98360340296784
16560000.00000016	1277.2218480219624
16540000.00000016	556.010347436941
16520000.00000016	956.7780918551305
16500000.000000158	556.1527179315581
16480000.000000158	546.5972654483186
16460000.000000158	1132.0188959742613
16440000.000000158	1487.9802779462927
16420000.000000158	498.790216736931
16400000.000000158	870.0140286201297
16380000.000000158	1206.3199338244774
16360000.000000158	1757.3583706659779
16340000.000000158	2480.809575182879
16320000.000000156	431.7207616459026
16300000.000000156	79.4019147114064
16280000.000000156	389.2915797927824
16260000.000000156	1579.3304948522805
16240000.000000156	401.9208001683873
16220000.000000156	442.9875371669091
16200000.000000156	388.16787368219184
16180000.000000156	149.97562555982304
16160000.000000156	774.7676631067542
16140000.000000156	993.9751703102403
16120000.000000155	344.84026605484587
16100000.000000155	337.17187411905815
16080000.000000155	818.2463767541274
16060000.000000155	1283.1028608270835
16040000.000000155	3022.9975758466394
16020000.000000155	691.501182453154
16000000.000000155	605.0657018644544
15980000.000000155	500.5511134461341
15960000.000000155	1094.098232356378
15940000.000000155	671.8755370557617
15920000.000000153	987.954068748102
15900000.000000153	683.3785684203139
15880000.000000153	500.9942080663815
15860000.000000153	1235.251540488896
15840000.000000153	1548.796328342724
15820000.000000153	632.4469161909632
15800000.000000153	889.7138298207914
15780000.000000153	1326.7741309088165
15760000.000000153	1875.8014770210216
15740000.00000015	2517.5879382979924
15720000.00000015	254.24873918503025
15700000.00000015	265.4993034635011
15680000.00000015	210.5254789739189
15660000.00000015	1614.5279026679789
15640000.00000015	204.29378527864523
15620000.00000015	491.50048239382915
15600000.00000015	199.91114496881536
15580000.00000015	330.0271255400603
15560000.00000015	682.7434177775422
15540000.000000149	1036.9264806517808
15520000.000000149	153.35650480058345
15500000.000000149	459.620282526421
15480000.000000149	785.4717018860222
15460000.000000149	1406.2825925746067
15440000.000000149	3095.125189242389
15420000.000000149	781.9913593989158
15400000.000000149	541.5987094057131
15380000.000000149	598.5858599195217
15360000.000000149	1050.4851571870386
15340000.000000147	714.8743497506531
15320000.000000147	919.2687971090128
15300000.000000147	733.28613252667
15280000.000000147	392.0452239496822
15260000.000000147	1235.7956340648022
15240000.000000147	1496.7038215305101
15220000.000000147	689.5665452500073
15200000.000000147	816.6750172678185
15180000.000000147	1339.9515014733972
15160000.000000145	1884.3431985427635
15140000.000000145	2710.0521343574933
15120000.000000145	255.4113281121132
15100000.000000145	456.18370887362653
15080000.000000145	42.06778947369627
15060000.000000145	1535.113565820359
15040000.000000145	171.88923253795147
15020000.000000145	681.5335156087843
15000000.000000145	211.04314899240524
14980000.000000145	474.4122760780742
14960000.000000143	775.7466628715601
14940000.000000143	1223.0064300743816
14920000.000000143	187.19494020978388
14900000.000000143	674.5134596086411
14880000.000000143	935.4181552298866
14860000.000000143	1667.5471019356178
14840000.000000143	3054.97264599805
14820000.000000143	776.1100783230197
14800000.000000143	412.5361873229364
14780000.000000142	615.1414457042694
14760000.000000142	1164.9751195028148
14740000.000000142	676.5658674518304
14720000.000000142	761.5712863818927
14700000.000000142	695.0435763580504
14680000.000000142	231.64935488216477
14660000.000000142	1128.3764877506837
14640000.000000142	1347.458467803372
14620000.000000142	657.6346867465388
14600000.000000142	663.4687117824931
14580000.00000014	1243.7960219016777
14560000.00000014	1804.0845889129325
14540000.00000014	3006.7841562869417
14520000.00000014	479.25217839471117
14500000.00000014	612.3158558345301
14480000.00000014	256.99344355815333
14460000.00000014	1350.9160891320869
14440000.00000014	360.2618823814541
14420000.00000014	876.0561361869553
14400000.00000014	417.10270781967904
14380000.000000138	565.126746951359
14360000.000000138	977.0400405312578
14340000.000000138	1447.2190359867197
14320000.000000138	411.070075329777
14300000.000000138	868.9111030858444
14280000.000000138	1176.22677124199
14260000.000000138	1972.7751032588449
14240000.000000138	2954.760708640861
14220000.000000138	671.2379784266939
14200000.000000136	233.61860622414218
14180000.000000136	542.6252504545006
14160000.000000136	1341.0645138357052
14140000.000000136	559.4357117658293
14120000.000000136	555.0937601673643
14100000.000000136	570.284080471428
14080000.000000136	41.72844493825341
14060000.000000136	936.7625099269418
14040000.000000136	1159.3029251811752
14020000.000000136	536.3979164165391
14000000.000000134	476.1772543886171
13980000.000000134	1072.4987435853207
13960000.000000134	1704.527695722662
13940000.000000134	3310.7423991424735
13920000.000000134	718.8600209043535
13900000.000000134	711.5942478376116
13880000.000000134	474.22209895828894
13860000.000000134	1108.8427055117222
13840000.000000134	545.0860369092569
13820000.000000134	1004.5885375727798
13800000.000000132	613.8154395611786
13780000.000000132	590.1272473338315
13760000.000000132	1167.7260036938817
13740000.000000132	1617.330114313784
13720000.000000132	614.5992190461386
13700000.000000132	992.4306172342729
13680000.000000132	1396.4951127403003
13660000.000000132	2232.1720064160104
13640000.000000132	2892.335913838536
13620000.00000013	490.46767078523754
13600000.00000013	113.79238923539269
13580000.00000013	385.8353287739603
13560000.00000013	1475.673146583312
13540000.00000013	375.96049040414476
13520000.00000013	411.0085862938057
13500000.00000013	375.0084733214892
13480000.00000013	172.02840008658353
13460000.00000013	728.8567978939612
13440000.00000013	1043.9523129525242
13420000.000000129	341.676575466092
13400000.000000129	389.75736622436006
13380000.000000129	916.1382363370031
13360000.000000129	1698.5894172947926
13340000.000000129	3535.3655317103708
13320000.000000129	900.6275639210448
13300000.000000129	737.2691614936895
13280000.000000129	641.044287001718
13260000.000000129	905.8979943113122
13240000.000000129	674.5826580800112
13220000.000000127	1034.5488444195366
13200000.000000127	748.8621064012315
13180000.000000127	544.6661964130548
13160000.000000127	1277.2687522332596
13140000.000000127	1679.5508838872083
13120000.000000127	753.4080616888002
13100000.000000127	1019.0210676213857
13080000.000000127	1527.3131676950284
13060000.000000127	2387.565786510979
13040000.000000125	2972.4523092425115
13020000.000000125	332.3130737450506
13000000.000000125	302.33615128284805
12980000.000000125	167.01898965371274
12960000.000000125	1507.9149047826565
12940000.000000125	152.1928331775778
12920000.000000125	497.6567571140627
12900000.000000125	165.09946814766235
12880000.000000125	366.48008572524213
12860000.000000125	644.3085794009037
12840000.000000123	1112.6917127555798
12820000.000000123	148.10474697181994
12800000.000000123	540.3766399218337
12780000.000000123	917.4465455844568
12760000.000000123	1874.9219187728952
12740000.000000123	3632.9032738274045
12720000.000000123	987.1007800873238
12700000.000000123	679.8831256400138
12680000.000000123	729.0940327893376
12660000.000000123	872.649008295198
12640000.000000121	727.4321565776628
12620000.000000121	955.2452175185305
12600000.000000121	797.1188978516726
12580000.000000121	431.8964836021694
12560000.000000121	1272.1344606710518
12540000.000000121	1614.8021736994558
12520000.000000121	801.6022159059374
12500000.000000121	940.0000000000002
12480000.000000121	1535.0347651196014
12460000.00000012	2418.6745146115254
12440000.00000012	3233.0061767693264
12420000.00000012	431.4133877983459
12400000.00000012	538.8254219439373
12380000.00000012	141.55873772808536
12360000.00000012	1414.6695576192913
12340000.00000012	138.10109956456043
12320000.00000012	728.5451920649267
12300000.00000012	240.83066223401488
12280000.00000012	527.1617473722566
12260000.000000117	781.7865281913397
12240000.000000117	1339.775551019963
12220000.000000117	286.3573126194133
12200000.000000117	794.5497548782985
12180000.000000117	1123.5073439662776
12160000.000000117	2210.404617482303
12140000.000000117	3607.1879164663005
12120000.000000117	958.3863249811508
12100000.000000117	540.045791681232
12080000.000000117	719.2853475784667
12060000.000000115	1024.1516395488266
12040000.000000115	693.356062727946
12020000.000000115	776.6569839895924
12000000.000000115	746.2946880106385
11980000.000000115	263.1643351671809
11960000.000000115	1146.5000522645935
11940000.000000115	1440.5455211459584
11920000.000000115	745.3826292755587
11900000.000000115	767.7683650248962
11880000.000000114	1419.350664618258
11860000.000000114	2352.2571654189137
11840000.000000114	3612.7342269906726
11820000.000000114	713.8365185272926
11800000.000000114	744.7968673114175
11780000.000000114	408.4569484236437
11760000.000000114	1204.9229734297362
11740000.000000114	376.21697472433556
11720000.000000114	951.3261059716566
11700000.000000114	491.64670514097054
11680000.000000112	634.202748817437
11660000.000000112	1027.3369450522232
11640000.000000112	1602.037515367197
11620000.000000112	553.2937243879932
11600000.000000112	1027.9362774316212
11580000.000000112	1418.5919928991761
11560000.000000112	2601.6149208431025
11540000.000000112	3521.6959658043224
11520000.000000112	816.6946079612978
11500000.000000112	336.2906604461879
11480000.00000011	604.785460640146
11460000.00000011	1229.9730979883136
11440000.00000011	571.9791939588249
11420000.00000011	540.2904146064897
11400000.00000011	596.9418461329727
11380000.00000011	70.75670901747796
11360000.00000011	924.8924895860965
11340000.00000011	1224.124837700054
11320000.00000011	585.5165032614118
11300000.000000108	555.4156405035167
11280000.000000108	1224.7089743946146
11260000.000000108	2274.267259449334
11240000.000000108	4001.100723080328
11220000.000000108	999.0939014352214
11200000.000000108	887.7518949871206
11180000.000000108	656.6401427495305
11160000.000000108	923.3571877419668
11140000.000000108	587.7928717865143
11120000.000000108	1097.0569394916529
11100000.000000106	715.0523977089593
11080000.000000106	673.2626467759142
11060000.000000106	1247.820386039692
11040000.000000106	1797.6751994615724
11020000.000000106	785.725296753599
11000000.000000106	1182.072750109483
10980000.000000106	1681.065487377326
10960000.000000106	2944.7585214359797
10940000.000000106	3494.179773117478
10920000.000000106	606.7767772749106
10900000.000000104	184.6187905817768
10880000.000000104	394.64987787229813
10860000.000000104	1377.1388197499043
10840000.000000104	372.73116316755295
10820000.000000104	382.57433044227497
10800000.000000104	364.8807373213756
10780000.000000104	193.22170919060426
10760000.000000104	685.2776753345966
10740000.000000104	1101.7532676845549
10720000.000000102	345.76354269441305
10700000.000000102	466.44282791136
10680000.000000102	1068.022809707308
10660000.000000102	2319.6059814919236
10640000.000000102	4299.32197728276
10620000.000000102	1209.8102410314007
10600000.000000102	942.9039019497227
10580000.000000102	838.5915510881059
10560000.000000102	676.9562281855956
10540000.000000102	737.3717062735341
10520000.0000001	1131.8119495472185
10500000.0000001	864.6805991619981
10480000.0000001	636.6612134990066
10460000.0000001	1371.1248225618442
10440000.0000001	1867.029489774935
10420000.0000001	937.2790678162327
10400000.0000001	1224.0579758012314
10380000.0000001	1834.9874649606738
10360000.0000001	3169.3630074851303
10340000.0000001	3649.032315681566
10320000.000000099	494.3820078125653
10300000.000000099	379.96081067181666
10280000.000000099	143.56819298891824
10260000.000000099	1406.7375717110542
10240000.000000099	114.25392746556763
10220000.000000099	523.9727928419206
10200000.000000099	123.98727304318052
10180000.000000099	416.1829936140043
10160000.000000099	613.6883525552539
10140000.000000097	1209.1860054793476
10120000.000000097	184.41146928090762
10100000.000000097	661.8836057686228
10080000.000000097	1122.2174628120301
10060000.000000097	2590.3010281738375
10040000.000000097	4452.492898401976
10020000.000000097	1301.039378609824
10000000.000000097	893.9931253174443
9980000.000000097	920.674628353517
9960000.000000097	654.658291475646
9940000.000000095	801.7132811043325
9920000.000000095	1041.9886498309934
9900000.000000095	912.5774201347463
9880000.000000095	524.2279035910625
9860000.000000095	1361.4869021824684
9840000.000000095	1787.2166274936005
9820000.000000095	977.1647894352782
9800000.000000095	1139.871116891664
9780000.000000095	1841.9173084531767
9760000.000000095	3250.3181950830067
9740000.000000093	4029.297825780352
9720000.000000093	699.718415415035
9700000.000000093	685.1257828525877
9680000.000000093	292.6562514700112
9660000.000000093	1297.0469261177443
9640000.000000093	176.91718379992133
9620000.000000093	816.8337127117986
9600000.000000093	315.4165368923733
9580000.000000093	613.7075954986507
9560000.000000091	824.589860221942
9540000.000000091	1502.711848144038
9520000.000000091	441.543786375216
9500000.000000091	983.927770858524
9480000.000000091	1417.531733787676
9460000.000000091	3061.3112999619348
9440000.000000091	4466.947696090685
9420000.000000091	1249.8348810764298
9400000.000000091	737.3980058286714
9380000.000000091	880.1731140546084
9360000.00000009	865.7370977805209
9340000.00000009	765.9158972733526
9320000.00000009	834.2218638869051
9300000.00000009	842.8376495793149
9280000.00000009	344.4637282671732
9260000.00000009	1210.2036265738236
9240000.00000009	1575.8050177615353
9220000.00000009	888.1309617457301
9200000.00000009	940.0543966056222
9180000.00000009	1702.6324543204578
9160000.000000088	3222.7433666076427
9140000.000000088	4561.713831623771
9120000.000000088	1075.7188853130192
9100000.000000088	970.421018842753
9080000.000000088	630.021706741298
9060000.000000088	1054.675215200829
9040000.000000088	468.38805834929224
9020000.000000088	1090.1624426779101
9000000.000000088	629.6661707611805
8980000.000000086	760.7767733530753
8960000.000000086	1141.527588913124
8940000.000000086	1830.7599975188944
8920000.000000086	777.7985196770807
8900000.000000086	1288.227853207637
8880000.000000086	1806.9499850561474
8860000.000000086	3614.483479294566
8840000.000000086	4423.756545611595
8820000.000000086	1065.6750892370662
8800000.000000086	494.55096142674586
8780000.000000084	709.3526807930228
8760000.000000084	1112.5502543508278
8740000.000000084	625.0266440324117
8720000.000000084	548.1304916953375
8700000.000000084	653.0631431244874
8680000.000000084	130.30863641245622
8660000.000000084	940.5345505822892
8640000.000000084	1311.6207716936024
8620000.000000084	671.0993111201633
8600000.000000084	686.8359928773857
8580000.000000082	1477.086701365799
8560000.000000082	3199.0880832525727
8540000.000000082	5115.67961174507
8520000.000000082	1447.2041051057136
8500000.000000082	1186.5603128180921
8480000.000000082	936.3589868992987
8460000.000000082	713.5867966693087
8440000.000000082	724.5496797704848
8420000.000000082	1274.0463517708902
8400000.00000008	900.4750025696861
8380000.000000081	837.6269874960481
8360000.000000081	1415.261651112866
8340000.00000008	2076.012696126857
8320000.00000008	1065.109421418525
8300000.00000008	1502.8469365546118
8280000.00000008	2151.382662884152
8260000.00000008	4124.893715454928
8240000.000000079	4475.260222451966
8220000.000000079	830.7264393111168
8200000.000000079	305.1588495179086
8180000.000000079	424.3853222798173
8160000.000000078	1276.1220528278614
8140000.000000078	385.94523553971214
8120000.000000078	357.19667375611334
8100000.000000078	357.36935925615245
8080000.000000078	213.58533749736392
8060000.000000077	644.7937720093737
8040000.000000077	1173.3447045955372
8020000.000000077	366.1999123313297
8000000.000000077	591.5097748165736
7980000.000000077	1327.5798907485312
7960000.000000076	3354.2738359346417
7940000.000000076	5572.759924761955
7920000.000000076	1723.1756049699434
7900000.000000076	1295.3533975736937
7880000.000000076	1155.4852932908104
7860000.000000075	363.50790064919784
7840000.000000075	909.6634396637037
7820000.000000075	1329.221073760179
7800000.000000075	1080.7956079269677
7780000.000000075	829.3829278266329
7760000.0000000745	1569.6254670485664
7740000.0000000745	2167.768578232291
7720000.0000000745	1248.5015052075364
7700000.0000000745	1582.4661368460218
7680000.0000000745	2360.874986433777
7660000.000000074	4503.301648176953
7640000.000000074	4785.285754792517
7620000.000000074	798.5498936174504
7600000.000000074	532.7032920055262
7580000.000000073	194.29828055271767
7560000.000000073	1305.9550472966425
7540000.000000073	86.7631541421173
7520000.000000073	589.0833248616133
7500000.000000073	100.0911995675059
7480000.000000072	497.02377206740147
7460000.000000072	606.2126149977169
7440000.000000072	1348.9374389870554
7420000.000000072	301.3438351812572
7400000.000000072	869.0236915198299
7380000.000000071	1479.7266816314343
7360000.000000071	3822.848483344058
7340000.000000071	5865.617635642707
7320000.000000071	1844.6151468783185
7300000.000000071	1267.8464449475061
7280000.00000007	1242.9141295033878
7260000.00000007	362.66305142038533
7240000.00000007	991.1779610174016
7220000.00000007	1234.2212181919674
7200000.00000007	1134.5552118677072
7180000.000000069	726.8787621736354
7160000.000000069	1561.6869925963856
7140000.000000069	2073.5262635485765
7120000.000000069	1286.4265460813524
7100000.000000068	1501.5862744411627
7080000.000000068	2385.874447679113
7060000.000000068	4717.02886952556
7040000.000000068	5416.8245138450175
7020000.000000068	1164.9644446959348
7000000.000000067	962.2353180368107
6980000.000000067	542.6562185621353
6960000.000000067	1187.9767803329898
6940000.000000067	327.1531487278886
6920000.000000067	991.8335875813598
6900000.000000066	482.5895840048838
6880000.000000066	780.0020270126413
6860000.000000066	954.8521401414886
6840000.000000066	1766.2547324340921
6820000.000000066	716.4555542504518
6800000.000000065	1324.7881858887013
6780000.000000065	1944.6148401356484
6760000.000000065	4587.139988713898
6740000.000000065	6004.479097885696
6720000.000000065	1780.634675789469
6700000.000000064	1090.2205847795665
6680000.000000064	1165.8567377460338
6660000.000000064	687.9563227989012
6640000.000000064	943.0661781095095
6620000.000000064	986.0063884884026
6600000.000000063	1036.3583346922574
6580000.000000063	528.1522758240432
6560000.000000063	1373.4662701471034
6540000.000000063	1804.8853569569908
6520000.000000062	1151.7928993172711
6500000.000000062	1263.3428259902707
6480000.000000062	2225.3181476104555
6460000.000000062	4816.586315635794
6440000.000000062	6288.308358428081
6420000.0000000615	1729.1359773051986
6400000.0000000615	1402.0297962972252
6380000.0000000615	1017.0275048078558
6360000.0000000615	937.7553794366087
6340000.0000000615	715.9202809204158
6320000.000000061	1371.460337947245
6300000.000000061	911.4134536527042
6280000.000000061	1026.4510870873737
6260000.000000061	1405.7925230103313
6240000.000000061	2227.1697213860416
6220000.00000006	1191.2121347013094
6200000.00000006	1780.8283425191416
6180000.00000006	2532.6425726664884
6160000.00000006	5513.168815533034
6140000.00000006	6104.1164393121335
6120000.000000059	1551.4526192100363
6100000.000000059	784.3469969796024
6080000.000000059	909.7452378701986
6060000.000000059	978.7322001744443
6040000.000000059	749.1673589332246
6020000.000000058	612.3942673637818
6000000.000000058	774.0912829822823
5980000.000000058	250.07640569808729
5960000.000000058	1019.3751438784549
5940000.000000057	1451.742444457854
5920000.000000057	840.9947186123746
5900000.000000057	940.9575477599675
5880000.000000057	1965.079067063755
5860000.000000057	4967.40792940258
5840000.000000056	7245.292630560953
5820000.000000056	2299.948904056936
5800000.000000056	1775.8774213239712
5780000.000000056	1455.4559180743577
5760000.000000056	606.5693388911221
5740000.000000055	1075.7390134062487
5720000.000000055	1653.0023532695986
5700000.000000055	1288.495756037738
5680000.000000055	1205.3591591983052
5660000.000000055	1796.3843419911893
5640000.000000054	2589.453869237428
5620000.000000054	1607.4351332923882
5600000.000000054	2142.55169489866
5580000.000000054	3075.9171843771924
5560000.000000054	6449.970795730795
5540000.000000053	6392.218981118045
5520000.000000053	1308.8826585096976
5500000.000000053	539.1718841177759
5480000.000000053	505.09186794681716
5460000.000000053	1154.7008046627384
5440000.000000052	409.0170771807139
5420000.000000052	335.1601785016039
5400000.000000052	352.18799541624134
5380000.000000052	232.89788312984967
5360000.000000051	610.7537384810321
5340000.000000051	1276.5049225871744
5320000.000000051	435.683094561516
5300000.000000051	838.6485166829772
5280000.000000051	1859.3331234354393
5260000.00000005	5438.222275310237
5240000.00000005	8144.8991880634985
5220000.00000005	2759.608520705465
5200000.00000005	2021.660183169878
5180000.00000005	1782.7371000029552
5160000.000000049	346.6509202900036
5140000.000000049	1352.070175069933
5120000.000000049	1783.7977713709142
5100000.000000049	1554.5032648594454
5080000.000000049	1285.2358340850828
5060000.000000048	2039.8732908098252
5040000.000000048	2760.6899309568566
5020000.000000048	1890.2316940904352
5000000.000000048	2340.5043877898133
4980000.000000048	3457.485857248996
4960000.0000000475	7286.949448664638
4940000.0000000475	7138.4950154869575
4920000.0000000475	1453.3062286970312
4900000.0000000475	873.0057778832601
4880000.0000000475	409.26056994779225
4860000.000000047	1205.8338213668799
4840000.000000047	160.79243538763586
4820000.000000047	754.5562519587203
4800000.000000047	231.89369643337315
4780000.000000046	671.7768084534559
4760000.000000046	688.6515321033036
4740000.000000046	1607.8243473337939
4720000.000000046	596.0776356674324
4700000.000000046	1309.4488912626075
4680000.000000045	2255.0124104074835
4660000.000000045	6470.126157486097
4640000.000000045	8909.511888029263
4620000.000000045	3020.7846408364144
4600000.000000045	2082.8574233142044
4580000.000000044	1929.1507984617153
4560000.000000044	469.1797508138732
4540000.000000044	1488.3600258690751
4520000.000000044	1721.4748232617708
4500000.000000044	1651.6674515905725
4480000.000000043	1232.9524569988778
4460000.000000043	2072.153989505733
4440000.000000043	2682.3512181577903
4420000.000000043	1971.1047991864198
4400000.000000043	2320.933125652296
4380000.000000042	3601.787641712483
4360000.000000042	7994.241166966668
4340000.000000042	8503.526007978342
4320000.000000042	2198.106345774459
4300000.000000042	1608.6780756696298
4280000.000000041	1084.2277746592104
4260000.000000041	1187.9451079222886
4240000.000000041	733.014928846467
4220000.000000041	1416.63098643918
4200000.00000004	907.3670201004641
4180000.0000000405	1196.362746252934
4160000.00000004	1357.8591905044623
4140000.00000004	2328.411172591155
4120000.0000000396	1344.3813849109856
4100000.0000000396	2115.6171443207427
4080000.000000039	3168.470117222921
4060000.000000039	8131.749503463613
4040000.000000039	9579.65769901445
4020000.0000000386	3030.9669385853804
4000000.0000000386	1915.000516806794
3980000.000000038	1829.740797061692
3960000.000000038	726.7333611937415
3940000.000000038	1425.5412482591773
3920000.0000000377	1431.7964437183678
3900000.0000000377	1523.8000299853627
3880000.0000000373	1012.024078445951
3860000.0000000373	1842.6475560138413
3840000.0000000373	2334.2936972930324
3820000.000000037	1788.6701396368799
3800000.000000037	2057.846511655318
3780000.0000000363	3496.1318179726973
3760000.0000000363	8687.628651483474
3740000.000000036	10481.182040901813
3720000.000000036	3313.9369315227163
3700000.000000036	2484.632592342101
3680000.0000000354	1942.3323180842806
3660000.0000000354	1250.2551122068662
3640000.000000035	1437.819600423441
3620000.000000035	2112.0005470866095
3600000.000000035	1657.280975027379
3580000.0000000345	1762.072499468577
3560000.0000000345	2169.234494256496
3540000.000000034	3171.0257391153846
3520000.000000034	2227.1625192034116
3500000.0000000335	3041.5631857472445
3480000.0000000335	4380.899847657045
3460000.0000000335	10367.26333976327
3440000.000000033	10397.003345153435
3420000.000000033	2828.8100355966512
3400000.0000000326	1521.9227736589035
3380000.0000000326	1432.23631571129
3360000.0000000326	878.8003201463997
3340000.000000032	1099.6919600878498
3320000.000000032	890.6139220936413
3300000.0000000317	1113.302348068295
3280000.0000000317	581.7916154558379
3260000.000000031	1317.2158433991178
3240000.000000031	1786.4565322414915
3220000.000000031	1304.0071076357544
3200000.0000000307	1627.4200739967596
3180000.0000000307	3285.3752650326096
3160000.0000000303	9737.516942053104
3140000.0000000303	13012.312285726934
3120000.0000000303	4612.462439147994
3100000.00000003	3410.818337947122
3080000.00000003	2851.950176360681
3060000.0000000293	1559.7987935209196
3040000.0000000293	2193.3739906139886
3020000.0000000293	2775.5241841519182
3000000.000000029	2424.6640188085844
2980000.000000029	2339.1045039579003
2960000.0000000284	2981.0432362855254
2940000.0000000284	3978.6672278559877
2920000.000000028	3139.3301274932815
2900000.000000028	3989.3170827331655
2880000.000000028	5730.236858022085
2860000.0000000275	13157.091011324745
2840000.0000000275	11917.730491980474
2820000.000000027	2751.2938409202566
2800000.000000027	1210.8473893793503
2780000.000000027	796.8864570495398
2760000.0000000265	932.0441813279234
2740000.0000000265	437.7286483785547
2720000.000000026	320.9320612587675
2700000.000000026	349.1495428444479
2680000.0000000256	249.7601709490564
2660000.0000000256	603.9960826190356
2640000.0000000256	1500.8969494131636
2620000.000000025	739.3307981042498
2600000.000000025	1587.4106666831342
2580000.0000000247	3518.720765021149
2560000.0000000247	11888.852772517199
2540000.0000000247	16160.514200237307
2520000.000000024	6003.6931935955145
2500000.000000024	4331.456337214714
2480000.0000000237	3741.3469212441023
2460000.0000000237	2120.7117343097434
2440000.0000000237	2946.2603805342096
2420000.0000000233	3359.2743878437573
2400000.0000000233	3153.2971873804004
2380000.000000023	2896.2019584091636
2360000.000000023	3717.010011331468
2340000.0000000224	4656.022072519569
2320000.0000000224	4011.157195381702
2300000.0000000224	4902.352602497407
2280000.000000022	7147.792186978377
2260000.000000022	16708.90014036717
2240000.0000000214	15115.768709924732
2220000.0000000214	3713.419897644575
2200000.0000000214	2073.4038621870964
2180000.000000021	1236.1074010417087
2160000.000000021	1297.2627623229641
2140000.0000000205	752.3372928093534
2120000.0000000205	1397.0752772703324
2100000.00000002	899.1036418916075
2080000.00000002	1350.8662338514805
2060000.0000000198	1330.3643743300026
2040000.0000000196	2485.991149967302
2020000.0000000196	1717.9992716915733
2000000.0000000193	2927.402971908494
1980000.000000019	5160.173511551728
1960000.0000000189	16376.016628340103
1940000.0000000186	20395.772029454347
1920000.0000000186	7498.717288157532
1900000.0000000184	5220.760780145202
1880000.0000000182	4552.328346917897
1860000.000000018	2817.8976502739883
1840000.0000000177	3641.5621527804196
1820000.0000000175	3825.220408643787
1800000.0000000175	3788.3730918714273
1780000.0000000172	3400.5821208874895
1760000.000000017	4319.050239450976
1740000.0000000168	5145.667300888364
1720000.0000000165	4790.335339488948
1700000.0000000163	5775.259475819312
1680000.0000000163	8721.27028564802
1660000.000000016	21906.559720709934
1640000.0000000158	21691.72774014849
1620000.0000000156	6645.828353992283
1600000.0000000154	4479.563765346293
1580000.0000000151	3428.6475659098214
1560000.0000000151	2739.0095549792045
1540000.000000015	2713.2323569313994
1520000.0000000147	3416.6872847271225
1500000.0000000144	2948.608782335305
1480000.0000000142	3290.390138047533
1460000.000000014	3575.8594348023557
1440000.000000014	4890.548803656644
1420000.0000000137	4335.977318573225
1400000.0000000135	5957.367238467844
1380000.0000000133	9182.195131558025
1360000.000000013	25712.897016005125
1340000.0000000128	27512.564970062696
1320000.0000000128	9410.50534392701
1300000.0000000126	6156.685937013358
1280000.0000000123	5264.571966916899
1260000.000000012	3532.064136789639
1240000.0000000119	4226.2716392774655
1220000.0000000119	4146.320739442559
1200000.0000000116	4281.124881303912
1180000.0000000114	3819.4696969592105
1160000.0000000112	4746.671134815217
1140000.000000011	5441.467832583865
1120000.0000000107	5483.252740165818
1100000.0000000107	6791.64057229657
1080000.0000000105	11112.818188658895
1060000.0000000102	32223.15116745334
1040000.00000001	36363.190346674775
1020000.0000000098	13241.913152373038
1000000.0000000097	9477.361078176138
980000.0000000094	7881.740988658289
960000.0000000093	6431.2097489275575
940000.0000000091	6662.309063178635
920000.0000000088	7357.886642667991
900000.0000000087	7031.629649729803
880000.0000000085	7353.027672766129
860000.0000000083	8161.875964549741
840000.0000000081	9926.734916805188
820000.0000000079	10029.704343545178
800000.0000000077	12841.278430648119
780000.0000000076	19009.47530956128
760000.0000000073	49661.06157056629
740000.0000000071	45905.54316712167
720000.000000007	13778.111753857065
700000.0000000068	7899.254788482082
680000.0000000065	6106.845202657403
660000.0000000064	4184.646102307271
640000.0000000062	4659.821377830065
620000.0000000059	4309.722702537307
600000.0000000058	4593.173805420854
580000.0000000056	4121.939116613848
560000.0000000054	5004.132094133044
540000.0000000052	5764.521599297429
520000.000000005	6610.791637238092
500000.00000000483	9751.613777518705
480000.00000000466	19468.07637758519
460000.0000000044	70342.70413792234
440000.00000000425	89404.55195976765
420000.0000000041	36566.14353154811
400000.00000000384	27248.607722746434
380000.00000000367	23883.995890745846
360000.0000000035	21563.353441788768
340000.00000000326	22193.8555360301
320000.0000000031	23500.9276400434
300000.0000000029	24497.951371730305
280000.0000000027	26434.68679322822
260000.0000000025	30086.17902428822
240000.00000000233	35715.42888079082
220000.00000000212	42054.01454736523
200000.00000000192	55901.500048866634
180000.00000000175	87926.17517677715
160000.00000000154	246008.5311834769
140000.00000000134	229891.36537940925
120000.00000000116	69884.6987923762
100000.00000000096	37767.799913190036
80000.00000000077	23776.010660023363
60000.00000000058	14307.013509103432
40000.000000000386	9808.250034552066
20000.000000000193	6161.726885278504
